121.86	853.14	3	3	49	0
131.74	390.46	4	4	117	0
177.95	464.68	3	3	63	0
181.04	752.48	3	2	25	0
180.96	833.88	3	3	84	0
204.00	654.50	3	2	38	0
208.82	516.97	4	3	139	0
212.27	350.03	3	3	75	0
223.00	765.28	3	3	54	0
240.53	466.19	5	4	109	0
244.07	721.40	3	4	172	0
252.81	619.19	3	3	54	0
254.30	951.42	5	6	153	0
264.67	233.33	2	2	18	0
279.06	822.44	3	4	87	0
291.67	668.03	4	5	228	0
295.76	284.00	2	3	25	0
313.71	966.38	2	2	21	0
316.03	376.67	3	3	72	0
325.80	548.17	3	3	40	0
338.13	315.10	3	3	83	0
348.00	545.91	3	3	88	0
355.25	476.40	3	4	52	0
441.03	420.12	3	3	94	0
443.74	557.65	6	7	165	0
480.39	777.82	2	3	33	0
488.95	369.21	3	4	210	0
489.70	337.05	3	3	57	0
513.18	558.65	3	2	34	0
531.94	858.85	3	4	108	0
560.51	338.06	2	3	49	0
587.48	525.48	2	2	25	0
593.33	941.33	2	2	18	0
614.25	809.18	3	3	51	0
617.49	609.42	2	4	57	0
629.07	477.14	3	3	71	0
666.02	1001.23	3	3	61	0
694.95	575.48	5	4	309	0
699.55	308.48	2	2	33	0
700.34	930.43	4	4	254	0
709.71	290.82	7	7	714	0
707.70	420.70	2	2	20	0
715.25	782.44	3	4	114	0
724.57	686.50	4	4	114	0
724.32	869.32	2	2	19	0
740.93	851.10	3	3	71	0
741.95	690.73	3	3	64	0
741.48	869.52	2	2	27	0
744.79	407.26	4	5	272	0
746.33	386.67	2	2	18	0
752.31	732.56	4	4	221	0
753.33	524.67	2	2	18	0
763.20	424.54	3	4	103	0
780.00	556.45	3	4	78	0
782.41	377.52	2	2	29	0
787.29	734.82	5	4	115	0
800.99	431.08	3	3	87	0
814.10	535.99	4	3	196	0
814.24	871.03	2	3	29	0
819.22	445.94	2	3	32	0
819.52	561.52	2	2	27	0
823.33	888.67	2	2	21	0
855.23	543.63	3	2	35	0
858.03	758.77	3	4	127	0
873.60	595.46	4	4	100	0
872.38	774.80	2	3	40	0
874.02	719.31	3	3	51	0
880.83	469.86	5	5	490	0
884.85	733.03	3	3	79	0
893.03	747.98	3	3	153	0
898.70	976.22	3	2	27	0
902.59	660.81	2	3	37	0
910.58	945.75	2	3	40	0
912.80	794.38	4	4	291	0
916.99	453.22	5	4	259	0
121.95	852.98	3	3	43	1
123.52	892.98	2	3	42	1
132.72	396.82	4	3	87	1
169.38	471.03	3	3	72	1
181.01	833.94	3	3	90	1
181.42	755.21	2	3	33	1
183.26	798.26	2	2	23	1
185.70	938.35	2	2	20	1
209.11	523.03	3	3	124	1
212.99	355.95	3	3	94	1
215.38	376.71	2	2	21	1
226.67	771.29	2	2	21	1
239.68	468.93	5	3	72	1
243.16	719.84	4	4	164	1
253.69	624.97	3	3	58	1
255.64	947.54	5	4	105	1
279.27	824.49	3	4	85	1
290.42	794.48	2	2	31	1
293.05	667.54	4	4	221	1
301.89	286.62	3	4	64	1
318.06	590.30	3	3	50	1
318.76	381.00	3	3	68	1
332.22	318.94	3	3	88	1
345.06	545.81	3	4	106	1
358.04	472.96	3	3	49	1
378.14	814.82	3	3	44	1
443.63	558.85	7	4	156	1
444.32	423.00	3	3	60	1
465.37	665.32	2	2	19	1
476.52	777.48	2	2	27	1
485.41	336.72	2	3	46	1
489.88	369.90	4	4	195	1
537.75	861.25	3	3	52	1
540.81	387.62	3	2	32	1
564.83	340.85	3	3	72	1
589.00	526.97	3	3	35	1
593.76	985.59	3	2	34	1
620.71	611.29	4	4	66	1
630.48	479.93	2	3	46	1
656.71	667.33	2	2	21	1
662.55	1000.55	2	2	33	1
677.03	480.05	3	3	38	1
700.55	578.94	6	5	323	1
699.43	312.50	2	2	28	1
704.35	929.64	4	4	232	1
707.70	288.65	8	7	723	1
709.71	421.67	2	2	21	1
720.24	783.02	4	3	123	1
727.15	689.69	5	5	180	1
728.47	872.43	2	2	30	1
743.92	406.63	4	4	269	1
742.85	690.79	3	3	53	1
745.23	850.40	3	2	47	1
752.32	389.68	2	2	19	1
753.72	733.46	4	4	152	1
754.52	727.48	2	2	25	1
763.22	424.50	3	4	109	1
762.32	949.32	2	2	19	1
782.79	559.23	4	4	94	1
787.02	734.61	5	4	123	1
803.15	434.88	3	3	72	1
813.46	534.54	4	4	167	1
816.52	874.52	2	2	29	1
819.23	445.97	2	3	31	1
824.50	564.50	2	2	24	1
826.21	889.37	3	2	38	1
836.00	769.26	3	2	31	1
835.49	776.08	2	3	49	1
852.20	688.15	3	3	41	1
860.35	759.11	4	3	122	1
860.75	540.71	2	3	28	1
874.48	775.45	2	2	31	1
879.28	715.58	3	2	43	1
879.94	595.04	3	3	109	1
887.12	473.29	5	5	451	1
886.94	734.10	3	3	98	1
894.01	748.43	3	4	171	1
900.54	977.50	2	2	26	1
902.50	660.57	2	2	28	1
911.98	947.52	3	2	42	1
914.76	795.15	4	5	275	1
916.51	450.77	4	4	267	1
121.87	853.10	3	3	52	2
133.79	402.97	4	3	107	2
145.32	237.32	2	2	19	2
161.25	477.74	3	3	53	2
181.30	757.96	3	3	50	2
181.11	833.89	3	3	82	2
183.27	798.27	2	2	22	2
209.99	529.48	3	4	97	2
214.35	361.72	2	3	54	2
229.80	776.74	3	3	46	2
238.51	470.95	4	4	76	2
242.40	718.59	4	4	194	2
254.67	630.75	2	2	24	2
257.61	942.48	4	4	117	2
279.87	826.84	3	3	95	2
283.32	793.32	2	2	19	2
294.32	667.34	4	4	228	2
307.94	289.66	3	4	65	2
311.71	553.67	2	2	21	2
321.90	385.66	3	3	59	2
326.38	323.13	4	3	97	2
341.78	546.15	3	3	81	2
355.38	389.18	2	3	39	2
360.57	469.30	2	4	46	2
377.65	814.76	3	3	63	2
414.50	229.00	2	3	40	2
415.29	256.62	2	2	21	2
443.83	559.44	7	5	186	2
443.27	966.77	3	2	26	2
447.88	425.86	3	3	56	2
480.98	336.52	3	2	46	2
483.52	459.52	2	2	25	2
490.91	370.89	4	4	195	2
516.14	564.18	3	3	56	2
543.68	863.89	4	3	87	2
568.97	342.95	3	3	78	2
582.16	457.18	3	3	45	2
596.77	986.40	3	2	35	2
621.54	615.68	4	3	59	2
626.68	428.32	2	2	19	2
631.78	482.01	4	3	96	2
659.59	668.72	2	3	39	2
659.61	999.78	2	3	41	2
685.67	694.71	2	2	21	2
698.50	316.50	2	2	28	2
705.57	286.30	8	8	698	2
705.79	582.63	5	5	321	2
708.39	928.91	4	4	244	2
718.52	679.52	2	2	27	2
724.32	783.81	4	3	110	2
729.33	692.77	4	5	113	2
732.48	874.48	2	2	27	2
743.09	405.98	5	5	295	2
743.85	690.62	3	2	40	2
749.72	849.78	3	3	58	2
755.22	734.60	3	4	124	2
755.51	728.03	2	3	39	2
758.00	529.76	3	2	25	2
758.00	948.50	3	2	26	2
763.47	424.52	4	4	112	2
772.80	736.37	3	2	35	2
776.68	956.68	2	2	19	2
786.47	562.92	4	5	133	2
786.73	734.57	5	4	98	2
787.71	862.67	2	2	21	2
789.24	379.00	2	3	33	2
805.77	438.78	3	3	69	2
812.87	533.14	4	4	184	2
819.03	446.00	3	3	39	2
818.38	877.73	2	3	37	2
829.18	568.84	3	3	44	2
829.55	889.48	2	2	29	2
837.72	776.81	2	4	43	2
851.68	688.68	2	2	19	2
862.56	759.57	4	4	134	2
866.10	536.32	3	4	72	2
876.98	776.02	3	3	42	2
885.31	712.98	3	3	54	2
886.21	594.81	3	3	77	2
888.90	735.63	3	4	86	2
893.42	476.81	5	5	489	2
894.99	748.98	3	3	169	2
902.50	660.50	2	2	28	2
914.00	949.24	3	2	25	2
915.96	448.48	4	4	266	2
916.77	795.71	4	4	300	2
121.85	853.15	3	3	55	3
134.25	409.79	4	3	110	3
144.70	237.30	2	2	20	3
152.86	484.10	3	3	88	3
169.63	489.32	2	2	19	3
181.14	833.88	3	3	66	3
181.47	760.50	2	2	30	3
183.27	798.27	2	2	22	3
210.52	535.78	4	4	128	3
215.03	367.00	3	3	97	3
238.03	474.14	5	4	103	3
241.57	717.38	4	4	201	3
255.39	636.73	2	3	44	3
260.28	937.94	6	5	123	3
275.82	791.36	3	2	39	3
280.06	828.99	3	3	98	3
295.54	667.22	4	4	217	3
304.50	556.50	2	2	28	3
313.96	292.96	3	3	53	3
320.51	327.19	2	3	59	3
324.30	390.02	3	3	60	3
338.71	546.96	4	3	114	3
363.14	466.49	5	4	71	3
376.95	814.35	3	4	82	3
385.46	676.50	2	2	26	3
415.30	256.60	2	2	20	3
444.00	560.01	7	5	142	3
443.68	563.37	2	2	19	3
450.96	428.69	3	3	70	3
468.53	776.00	2	3	47	3
472.71	672.33	2	2	21	3
476.83	337.05	3	3	66	3
492.04	371.83	5	4	211	3
549.12	866.64	3	3	64	3
562.06	757.22	3	2	32	3
573.69	346.04	3	3	51	3
574.37	587.72	3	4	54	3
583.32	541.32	2	2	19	3
591.50	530.50	2	2	24	3
623.32	616.88	4	3	82	3
633.85	484.47	3	2	53	3
656.00	999.48	3	2	29	3
662.26	671.00	2	3	27	3
669.98	481.67	3	3	52	3
685.62	696.19	2	3	32	3
698.00	320.75	3	2	28	3
703.44	283.77	8	7	737	3
711.21	586.04	5	5	326	3
712.39	928.22	4	4	242	3
713.00	423.03	3	3	35	3
728.97	784.49	3	4	98	3
732.17	696.12	5	5	153	3
736.78	876.57	3	2	37	3
742.18	405.48	5	4	268	3
745.16	690.84	3	3	51	3
753.75	849.00	3	3	61	3
756.76	735.50	3	4	107	3
760.86	533.50	3	4	58	3
763.62	424.60	4	4	113	3
786.33	734.73	6	5	123	3
789.35	565.84	4	3	69	3
793.46	379.49	2	2	35	3
808.15	442.18	3	3	80	3
812.12	532.01	4	3	191	3
819.21	445.97	2	3	29	3
820.30	881.00	3	3	46	3
832.55	890.05	2	3	44	3
840.74	780.04	2	3	27	3
841.43	772.47	2	2	30	3
858.50	690.50	2	2	30	3
865.11	760.32	3	4	136	3
871.90	532.83	3	3	71	3
879.18	776.61	3	2	38	3
891.11	736.82	3	3	90	3
892.94	594.05	3	3	93	3
895.90	749.57	3	4	174	3
899.73	480.19	5	5	482	3
902.46	660.46	2	2	28	3
915.73	445.98	4	3	240	3
915.50	951.50	2	2	24	3
918.71	796.53	4	4	297	3
121.85	853.13	3	3	55	4
135.17	415.83	3	3	90	4
144.11	490.67	3	3	64	4
181.12	833.88	3	3	83	4
183.28	798.28	2	2	25	4
187.77	646.27	2	3	26	4
211.03	541.94	3	3	124	4
216.04	372.99	3	3	94	4
215.67	514.33	2	2	18	4
237.12	476.08	5	5	132	4
235.85	787.80	3	3	41	4
240.64	716.11	4	4	198	4
256.16	641.86	3	3	50	4
259.24	950.00	2	3	25	4
261.55	933.19	4	5	88	4
269.05	789.71	3	3	55	4
280.73	831.09	3	3	74	4
296.95	666.75	4	4	187	4
314.31	331.96	3	3	75	4
318.70	699.70	2	2	20	4
319.82	295.59	3	2	34	4
327.24	394.59	3	2	49	4
335.22	547.21	3	3	63	4
376.69	813.94	3	3	62	4
409.68	234.32	2	2	19	4
428.81	514.41	3	2	37	4
444.46	562.06	6	7	158	4
454.40	431.19	2	3	43	4
464.30	775.70	2	2	20	4
472.22	337.00	3	3	67	4
489.67	535.33	2	2	18	4
493.14	372.71	4	4	205	4
555.08	869.03	3	3	90	4
562.44	758.56	2	2	32	4
578.10	348.19	3	3	63	4
592.53	531.53	2	2	32	4
610.70	948.65	2	2	20	4
623.48	621.00	2	3	25	4
635.37	486.72	2	3	43	4
653.09	998.72	3	3	65	4
665.59	673.19	2	3	32	4
685.52	698.00	2	3	25	4
698.17	324.42	3	2	36	4
701.49	281.51	8	8	760	4
714.53	423.53	2	2	32	4
716.79	589.40	5	5	302	4
716.38	927.32	4	4	229	4
733.31	785.13	4	3	120	4
734.90	698.91	5	5	137	4
741.34	404.85	4	4	272	4
740.52	878.52	2	2	25	4
746.45	690.55	2	2	33	4
758.45	736.19	4	5	134	4
758.10	848.15	3	3	80	4
763.02	536.27	3	3	49	4
763.95	424.50	3	4	107	4
763.50	595.00	2	3	24	4
768.67	400.33	2	2	18	4
786.27	734.57	5	4	89	4
792.62	569.94	4	4	66	4
796.50	379.50	2	2	32	4
810.73	445.69	4	3	67	4
811.56	530.56	4	4	174	4
819.21	445.97	2	3	34	4
823.00	883.49	3	2	47	4
838.24	575.22	3	3	46	4
843.45	781.48	2	2	31	4
858.33	690.67	2	2	18	4
867.42	760.64	4	4	151	4
876.99	528.97	3	3	71	4
882.00	776.97	3	3	38	4
893.02	738.00	3	3	84	4
896.27	706.42	4	2	52	4
896.82	749.96	4	3	168	4
899.04	593.67	3	3	76	4
902.45	660.00	2	3	47	4
905.97	483.50	5	6	470	4
907.59	984.24	2	3	34	4
915.20	443.57	4	4	274	4
917.20	953.40	3	2	35	4
919.83	797.31	2	4	104	4
121.87	853.13	3	3	52	5
135.08	497.32	3	3	65	5
136.30	422.21	4	3	100	5
145.00	237.23	3	2	26	5
170.32	501.32	2	2	19	5
181.14	833.84	3	3	70	5
181.49	766.94	2	3	51	5
183.26	798.26	2	2	23	5
211.79	548.15	4	4	149	5
216.75	377.93	4	4	106	5
237.13	478.63	5	6	157	5
239.78	714.74	5	4	193	5
239.46	793.50	2	2	26	5
257.00	648.25	3	3	69	5
263.86	928.74	6	4	120	5
263.52	736.94	2	3	48	5
264.52	231.98	2	3	46	5
281.10	833.60	3	4	102	5
298.54	666.42	4	4	191	5
303.30	603.70	2	2	20	5
308.06	336.07	3	3	97	5
325.54	298.54	2	2	28	5
330.00	399.35	3	3	72	5
332.17	548.31	3	4	95	5
368.63	459.39	4	4	97	5
376.22	813.45	3	2	40	5
444.49	563.92	6	6	166	5
457.92	434.08	3	3	75	5
460.00	775.50	3	2	42	5
467.19	338.10	3	3	70	5
494.36	373.79	4	4	218	5
561.33	871.04	3	3	57	5
582.56	351.02	4	3	64	5
586.73	461.00	2	3	30	5
594.00	533.00	3	3	33	5
610.48	813.48	2	2	25	5
626.04	623.92	5	5	71	5
636.69	489.10	3	3	71	5
649.80	998.20	3	3	49	5
663.28	483.00	2	3	29	5
668.63	675.32	2	2	19	5
686.44	698.75	2	3	36	5
699.50	279.31	7	8	716	5
697.52	328.48	2	2	27	5
717.04	423.57	3	2	51	5
720.35	926.54	4	4	254	5
722.03	592.97	5	5	307	5
737.92	702.55	5	5	110	5
737.83	785.89	3	3	89	5
740.47	404.28	4	4	279	5
744.30	881.30	2	2	20	5
747.53	690.93	2	3	55	5
754.68	875.68	2	2	19	5
760.02	736.93	3	6	136	5
761.91	847.48	3	2	54	5
764.26	424.36	4	4	101	5
766.68	538.67	4	4	82	5
783.94	734.74	6	4	193	5
795.54	572.97	4	5	137	5
796.55	869.55	2	2	31	5
800.45	380.42	2	2	31	5
810.98	529.17	3	4	183	5
813.33	449.09	4	3	88	5
819.29	445.71	2	2	24	5
839.31	891.15	3	3	55	5
843.48	578.48	2	2	27	5
846.00	782.03	3	3	37	5
853.73	897.93	2	3	30	5
869.93	761.10	3	3	115	5
882.91	525.66	3	3	65	5
884.30	777.65	2	2	20	5
895.09	739.51	3	4	77	5
897.76	750.24	4	4	168	5
902.38	659.82	2	3	39	5
905.37	593.09	3	3	70	5
909.59	986.18	2	3	34	5
912.25	486.79	5	5	506	5
914.84	441.23	4	4	247	5
918.45	955.48	2	2	31	5
121.87	853.13	3	3	52	6
126.21	503.81	3	3	48	6
136.80	428.94	4	3	109	6
181.21	833.96	3	3	76	6
181.96	769.48	3	4	90	6
183.30	798.26	2	2	23	6
211.95	554.39	3	4	98	6
218.37	384.19	4	3	91	6
236.95	480.96	5	5	154	6
238.73	713.53	4	4	181	6
237.59	940.82	2	3	34	6
254.46	786.50	2	2	26	6
258.14	654.12	3	3	56	6
259.52	235.02	2	3	40	6
266.26	923.86	5	6	133	6
281.81	835.78	3	3	80	6
299.00	606.74	3	2	27	6
299.88	666.18	4	4	207	6
302.05	340.95	3	3	132	6
328.90	549.12	3	3	84	6
332.10	301.33	3	4	73	6
333.12	403.95	3	3	77	6
370.50	457.00	2	3	46	6
375.62	812.81	2	3	37	6
404.67	239.67	2	2	18	6
415.29	256.62	2	2	21	6
444.46	565.21	6	5	189	6
455.71	775.33	2	2	21	6
460.97	436.93	3	3	100	6
462.69	338.94	4	3	84	6
485.32	682.32	2	2	19	6
495.55	374.89	4	4	215	6
567.36	873.85	4	3	80	6
587.56	353.74	4	3	62	6
596.29	535.29	2	2	21	6
611.00	988.49	3	2	41	6
618.87	951.73	3	4	63	6
626.19	626.79	4	4	63	6
629.00	624.80	3	3	30	6
638.49	491.54	2	2	39	6
646.95	997.99	3	3	87	6
659.82	484.18	3	3	51	6
671.58	676.22	2	3	36	6
686.49	699.76	2	3	37	6
697.39	276.76	8	7	750	6
697.48	332.48	2	2	31	6
698.67	362.67	2	2	18	6
718.51	424.49	2	2	35	6
724.44	925.92	4	5	259	6
727.53	596.47	6	4	356	6
739.68	403.89	4	4	287	6
739.43	705.25	4	5	145	6
742.15	786.80	4	4	130	6
742.32	946.32	2	2	19	6
748.52	690.97	2	3	65	6
761.51	738.06	2	5	83	6
764.68	424.68	4	4	94	6
765.97	846.73	3	3	71	6
767.68	763.68	2	2	19	6
786.11	734.38	5	4	152	6
798.88	576.90	3	3	59	6
799.67	872.29	2	2	24	6
803.76	380.98	3	3	55	6
810.17	528.01	4	3	176	6
816.06	452.52	3	4	71	6
819.23	445.97	2	3	31	6
827.03	890.00	3	3	34	6
842.97	891.48	3	2	29	6
848.00	582.46	3	2	41	6
848.79	783.96	2	3	28	6
872.54	761.82	4	3	89	6
887.00	778.03	3	3	35	6
888.46	522.00	4	3	70	6
897.48	740.81	4	3	106	6
898.86	750.82	4	4	156	6
902.36	659.79	2	3	39	6
912.18	988.32	4	2	38	6
912.48	592.90	2	3	67	6
914.37	438.79	4	4	265	6
918.41	489.99	5	5	470	6
919.77	958.00	2	3	26	6
