120.84	254.19	3	3	43	0
130.30	779.56	4	6	104	0
170.67	451.71	2	2	21	0
180.89	377.89	4	3	124	0
189.67	489.33	2	2	18	0
205.54	775.00	2	3	48	0
230.00	429.72	3	3	54	0
246.15	552.93	5	5	179	0
252.99	496.83	3	4	138	0
255.56	760.47	2	2	32	0
258.90	337.16	3	3	89	0
271.65	557.30	2	2	20	0
285.50	578.50	2	2	24	0
292.33	599.76	2	3	42	0
303.45	639.55	4	4	139	0
303.50	700.50	2	2	24	0
314.76	266.21	3	3	76	0
315.86	341.06	3	3	64	0
320.63	273.68	6	6	387	0
320.80	781.96	3	3	79	0
340.55	618.45	2	2	33	0
341.95	589.07	3	3	92	0
343.81	604.61	5	4	188	0
364.82	340.60	3	2	40	0
365.12	730.18	3	3	40	0
384.48	288.99	4	3	77	0
387.30	323.93	3	3	54	0
401.47	480.17	4	3	89	0
416.15	705.59	3	4	110	0
418.44	637.04	2	3	52	0
426.78	366.48	3	4	79	0
434.94	659.44	5	6	324	0
435.50	276.57	2	2	28	0
477.42	398.48	2	2	31	0
477.80	425.60	3	2	30	0
484.74	602.00	2	3	27	0
487.09	905.07	3	3	91	0
495.98	505.31	3	3	59	0
509.03	389.17	3	4	183	0
510.52	633.23	4	3	79	0
531.96	294.47	3	2	49	0
534.97	815.97	3	3	35	0
549.55	431.55	2	2	29	0
552.12	854.86	3	3	83	0
569.98	379.51	3	2	45	0
587.13	624.37	3	4	79	0
604.93	956.51	3	4	74	0
604.76	991.95	3	3	63	0
610.27	684.61	4	4	123	0
634.97	795.03	3	3	36	0
647.22	475.18	3	3	49	0
684.98	409.99	7	7	794	0
695.97	611.51	5	5	387	0
708.26	328.65	2	2	23	0
713.95	752.57	5	5	216	0
717.50	296.50	2	2	24	0
730.13	879.35	5	4	227	0
731.34	769.24	4	4	131	0
733.68	931.68	2	2	19	0
737.78	865.00	3	3	73	0
739.70	595.42	4	4	97	0
742.48	432.56	2	2	27	0
751.16	769.19	3	3	43	0
756.51	796.11	2	3	47	0
759.72	396.14	4	4	225	0
760.29	845.38	2	2	21	0
766.86	621.18	4	4	105	0
769.03	639.26	3	2	31	0
770.60	811.58	4	4	179	0
770.26	794.97	2	3	31	0
784.48	389.98	4	3	85	0
784.76	662.66	3	6	92	0
801.05	453.94	3	3	94	0
805.41	335.52	2	2	29	0
814.46	597.51	2	2	37	0
823.97	866.97	3	3	35	0
827.34	514.61	4	4	137	0
870.87	508.19	5	5	445	0
884.07	692.51	3	4	106	0
884.33	465.33	2	2	18	0
890.28	725.99	3	3	83	0
898.32	528.02	3	3	56	0
898.05	995.29	3	3	62	0
909.77	705.01	4	3	147	0
911.57	957.29	2	3	42	0
130.17	779.18	4	5	101	1
181.67	383.94	4	3	97	1
205.76	777.39	3	2	49	1
222.03	436.23	3	2	30	1
245.58	554.54	5	4	178	1
245.50	1010.57	2	2	28	1
253.86	502.62	3	3	80	1
258.77	765.06	2	3	31	1
259.98	342.63	3	3	60	1
293.01	605.26	3	3	77	1
302.56	637.82	4	5	156	1
310.00	268.92	3	3	95	1
320.95	271.39	6	6	369	1
321.15	783.87	3	3	53	1
321.83	343.39	3	4	82	1
335.82	591.13	3	3	79	1
337.83	620.85	3	3	71	1
345.18	604.26	5	4	182	1
366.30	732.35	2	2	20	1
367.57	345.23	2	3	47	1
379.06	292.79	3	3	81	1
383.16	325.86	3	3	49	1
397.95	368.95	3	3	43	1
398.33	481.04	3	3	52	1
410.69	707.89	3	3	64	1
418.30	640.74	2	2	23	1
428.46	363.32	4	4	76	1
433.03	279.03	3	3	35	1
435.03	660.34	5	6	323	1
451.48	604.48	2	2	25	1
462.09	496.79	3	2	33	1
479.68	426.44	4	2	50	1
479.91	401.89	3	3	74	1
485.08	908.00	3	3	102	1
488.28	667.00	2	3	29	1
493.39	508.76	2	3	38	1
509.82	390.51	3	4	160	1
511.95	635.50	3	2	42	1
527.96	294.38	3	4	96	1
539.67	820.33	2	2	21	1
548.48	435.00	2	3	29	1
557.94	857.04	3	3	105	1
573.26	382.40	3	2	42	1
582.90	629.15	3	3	73	1
608.16	957.66	3	3	38	1
608.45	992.48	2	2	33	1
611.59	687.42	4	4	160	1
634.48	795.96	2	3	46	1
648.48	477.08	2	3	50	1
658.67	384.33	2	2	18	1
669.54	672.50	2	2	26	1
682.78	408.07	7	7	754	1
701.16	614.95	5	5	397	1
703.44	922.48	2	2	27	1
707.54	332.51	2	2	37	1
716.34	755.53	5	4	173	1
734.16	877.89	4	4	192	1
735.93	769.99	3	3	138	1
742.08	598.32	3	3	50	1
742.26	866.70	2	2	23	1
747.35	436.30	2	2	20	1
754.00	771.23	3	2	26	1
758.81	395.73	4	4	203	1
760.18	800.59	3	2	34	1
769.79	624.51	4	4	136	1
770.34	811.60	5	4	191	1
770.19	638.62	3	2	37	1
774.58	793.82	2	3	38	1
784.80	389.62	3	4	88	1
786.41	662.21	2	6	81	1
798.76	844.97	2	3	29	1
803.16	457.16	3	3	73	1
818.81	600.86	3	3	69	1
826.83	513.04	4	3	169	1
825.72	869.00	3	3	64	1
841.00	907.54	3	4	61	1
856.04	692.25	3	2	28	1
876.87	511.31	5	5	417	1
886.48	692.17	4	3	104	1
889.24	462.20	3	3	45	1
892.26	726.99	3	3	68	1
900.24	996.95	3	3	63	1
903.98	527.55	3	2	49	1
910.78	704.69	4	4	150	1
913.33	959.03	3	3	67	1
130.02	779.14	5	5	103	2
177.52	483.48	2	2	27	2
182.33	390.49	4	4	110	2
205.93	779.30	3	3	73	2
214.67	442.06	3	3	51	2
245.21	556.46	4	4	178	2
248.32	1012.68	2	2	19	2
253.79	508.72	4	3	101	2
260.83	347.88	3	3	89	2
261.74	770.51	3	2	43	2
294.08	610.85	3	3	75	2
302.03	636.53	5	4	162	2
303.54	700.50	2	2	26	2
305.70	271.57	3	2	47	2
320.99	269.12	5	6	388	2
321.74	786.23	3	3	53	2
327.45	346.00	4	3	58	2
329.06	593.12	3	3	104	2
334.02	623.73	3	3	56	2
342.53	702.86	4	3	59	2
346.49	604.06	4	4	164	2
365.65	733.19	2	3	37	2
369.79	349.92	3	3	48	2
373.06	296.48	3	2	63	2
379.19	328.14	3	3	69	2
395.06	372.05	3	3	94	2
394.94	482.33	3	3	63	2
402.52	389.48	2	2	25	2
404.99	709.91	3	3	95	2
418.54	645.54	2	2	28	2
430.38	361.32	4	4	105	2
430.70	281.70	2	2	23	2
435.05	661.09	5	7	339	2
480.54	428.00	2	3	39	2
483.02	405.30	3	3	60	2
482.95	910.52	3	2	56	2
486.98	606.55	3	2	44	2
490.67	512.33	2	2	18	2
510.54	391.98	4	3	178	2
512.82	638.84	3	3	57	2
523.49	294.96	2	3	45	2
544.58	824.25	4	3	60	2
546.98	439.35	3	3	63	2
563.62	859.90	4	3	97	2
577.78	385.24	3	3	54	2
589.50	728.47	2	2	30	2
612.97	689.88	5	5	156	2
611.93	992.54	3	2	46	2
612.86	959.80	3	3	49	2
633.93	796.66	3	3	70	2
647.68	1015.32	2	2	19	2
649.75	480.02	3	3	60	2
672.15	674.05	3	3	40	2
680.69	406.13	6	7	746	2
701.04	442.49	3	2	45	2
706.19	618.49	5	4	394	2
707.05	336.74	3	3	62	2
718.83	758.89	5	5	219	2
738.26	876.60	4	4	223	2
738.35	380.70	2	2	20	2
740.06	770.62	3	4	114	2
744.94	601.18	3	4	83	2
744.50	939.57	2	2	30	2
746.00	869.00	3	3	37	2
757.92	395.12	4	4	220	2
758.29	773.00	3	3	49	2
764.50	804.50	2	2	28	2
764.81	1015.78	3	3	32	2
765.54	847.50	2	2	28	2
769.88	811.96	5	5	196	2
771.42	638.17	2	3	36	2
772.90	627.82	3	5	101	2
778.81	792.85	3	3	48	2
784.88	389.62	3	4	85	2
787.83	662.39	3	6	88	2
801.59	847.16	2	3	37	2
805.70	460.93	3	3	61	2
811.74	336.35	2	2	23	2
823.02	604.48	3	2	42	2
826.04	511.78	3	4	120	2
828.02	872.00	3	3	41	2
843.75	911.00	3	3	51	2
858.68	693.32	2	2	22	2
882.89	514.52	5	4	400	2
888.98	692.04	3	3	94	2
894.29	727.60	3	2	45	2
894.63	458.80	2	3	35	2
902.48	998.94	2	3	52	2
910.12	527.80	3	3	75	2
911.97	704.31	3	4	136	2
914.87	960.67	3	4	83	2
130.14	779.10	4	5	98	3
153.78	564.42	3	2	36	3
173.52	465.56	2	2	27	3
182.89	396.95	4	3	109	3
193.49	649.04	2	3	49	3
206.08	448.86	3	3	74	3
205.97	781.65	3	3	66	3
220.68	988.32	2	2	19	3
244.75	557.96	5	5	204	3
254.56	514.81	4	3	90	3
253.80	572.40	3	2	30	3
262.12	353.17	3	3	76	3
264.81	775.32	3	3	47	3
284.29	1005.71	2	2	21	3
294.53	616.44	2	2	32	3
300.92	273.92	3	3	75	3
301.41	635.43	4	4	135	3
303.67	700.67	2	2	18	3
321.30	267.17	6	5	390	3
322.66	595.15	4	3	99	3
322.00	788.00	3	3	94	3
331.02	626.32	3	3	65	3
332.90	348.51	3	2	49	3
336.00	701.48	3	2	25	3
342.67	769.67	2	2	18	3
347.75	603.58	4	4	166	3
366.15	733.85	3	3	46	3
367.48	300.50	2	2	40	3
372.20	354.80	3	3	51	3
375.09	331.31	3	3	54	3
391.94	376.12	3	3	83	3
391.84	483.07	3	3	61	3
397.49	695.00	4	3	55	3
399.17	711.78	3	3	83	3
418.29	649.67	2	2	24	3
428.82	283.84	3	3	45	3
435.06	662.07	5	6	325	3
459.71	504.29	2	2	24	3
480.03	913.32	3	3	65	3
482.65	639.30	2	2	20	3
485.99	408.69	3	3	68	3
487.31	608.54	3	4	48	3
488.44	516.48	2	2	27	3
511.45	393.43	4	4	179	3
513.73	641.28	4	4	88	3
519.19	295.81	3	3	52	3
541.67	228.67	2	2	18	3
545.53	443.00	2	3	43	3
549.30	827.70	2	2	20	3
569.30	862.19	4	3	96	3
575.49	638.09	4	3	67	3
581.85	388.38	3	4	73	3
589.46	730.50	2	2	26	3
614.51	692.82	4	4	139	3
614.91	993.12	3	3	68	3
617.09	961.69	3	3	55	3
622.83	492.15	3	3	40	3
651.02	482.52	3	2	48	3
678.70	404.31	6	7	770	3
697.04	919.98	3	3	51	3
706.52	340.58	2	2	33	3
711.37	622.09	4	5	376	3
721.44	762.26	4	5	199	3
735.50	291.50	2	2	24	3
739.71	381.29	2	2	24	3
742.11	875.39	4	4	196	3
744.15	771.32	3	4	115	3
747.00	604.04	3	3	73	3
749.58	870.58	2	2	33	3
750.35	944.79	2	3	34	3
757.03	394.81	5	4	221	3
769.41	811.87	4	5	194	3
775.85	631.01	4	3	102	3
782.52	792.03	4	3	67	3
785.02	389.48	3	4	103	3
789.23	662.71	3	6	78	3
808.18	464.06	3	3	78	3
825.80	510.04	4	3	149	3
827.87	607.48	3	2	52	3
830.30	874.30	2	2	23	3
861.71	694.29	2	2	21	3
888.92	517.60	5	5	421	3
891.49	691.95	4	3	77	3
896.88	728.35	3	4	104	3
899.19	456.14	3	3	43	3
904.70	708.65	2	2	20	3
904.55	1000.45	2	2	33	3
913.04	704.21	3	4	141	3
915.53	527.35	4	2	43	3
916.22	962.18	3	3	51	3
130.04	778.98	4	6	110	4
183.64	403.01	4	3	124	4
197.49	455.00	2	3	43	4
205.98	783.73	3	3	63	4
244.42	559.25	4	5	194	4
254.99	520.66	3	3	93	4
254.68	1015.68	2	2	19	4
255.71	572.33	2	2	21	4
260.78	493.96	2	3	27	4
262.74	358.55	3	4	62	4
268.11	779.86	3	3	63	4
295.17	622.12	3	3	52	4
296.05	276.98	3	3	96	4
300.53	633.72	4	4	129	4
316.10	597.39	3	4	103	4
316.15	671.08	3	3	62	4
321.61	265.12	6	7	424	4
322.48	789.99	4	3	77	4
327.69	628.95	3	3	64	4
338.45	351.38	4	4	94	4
345.44	767.22	2	3	32	4
349.23	603.12	4	4	145	4
361.96	304.48	3	2	52	4
366.02	734.71	3	3	48	4
371.96	333.36	3	3	69	4
374.80	359.59	3	2	46	4
387.21	569.62	3	2	34	4
388.38	484.22	2	3	37	4
389.68	379.68	2	2	19	4
393.43	713.24	4	3	97	4
397.52	696.05	4	3	77	4
418.02	653.97	3	3	58	4
426.50	286.47	2	2	30	4
435.15	662.62	6	6	338	4
435.38	356.21	2	3	34	4
475.61	466.19	2	3	31	4
477.65	915.97	3	3	63	4
485.57	519.81	4	3	53	4
487.93	611.51	3	2	43	4
488.87	412.09	3	3	70	4
512.24	394.78	4	4	196	4
514.52	297.09	2	3	54	4
514.79	643.52	3	4	91	4
544.33	447.29	2	2	24	4
554.78	831.62	3	2	37	4
571.17	642.00	3	3	69	4
574.98	864.52	3	2	64	4
585.82	391.06	3	3	67	4
589.00	732.52	3	2	50	4
615.60	695.68	4	5	154	4
618.75	993.23	3	3	52	4
621.46	962.96	2	3	46	4
632.48	798.48	2	2	25	4
652.52	485.03	2	3	58	4
661.00	1015.28	3	2	29	4
676.71	402.24	7	7	779	4
684.82	293.85	3	3	39	4
694.70	443.35	2	2	20	4
706.02	345.21	3	3	58	4
716.46	625.60	4	5	397	4
723.85	765.43	4	4	169	4
746.17	874.00	4	5	195	4
748.59	772.06	4	3	142	4
749.68	606.86	4	3	71	4
753.67	873.00	3	3	55	4
756.27	394.25	4	4	203	4
769.52	812.35	6	5	231	4
771.32	848.68	2	2	22	4
773.73	637.36	2	2	22	4
779.43	634.18	4	3	92	4
785.21	389.19	3	3	77	4
786.83	790.90	3	3	60	4
790.71	662.06	3	3	52	4
810.50	467.93	4	3	70	4
818.65	336.74	2	2	23	4
825.16	508.32	3	4	101	4
832.69	610.58	3	2	45	4
832.82	876.81	3	3	57	4
850.17	917.88	3	3	64	4
894.87	520.52	5	5	456	4
894.01	691.47	3	4	112	4
898.79	729.04	4	3	120	4
904.38	452.81	2	3	32	4
907.23	1002.21	3	3	53	4
914.09	703.97	3	3	127	4
918.33	963.98	3	3	64	4
128.50	604.43	2	2	28	5
130.14	779.17	4	5	95	5
152.46	569.54	2	2	28	5
176.50	475.50	2	2	24	5
184.15	409.22	3	3	81	5
188.85	461.83	3	3	46	5
206.33	785.99	3	3	70	5
244.25	561.09	4	5	181	5
255.28	526.66	4	4	103	5
263.48	363.93	2	3	58	5
271.32	784.72	2	2	25	5
288.33	540.33	2	2	18	5
291.48	279.79	4	3	100	5
295.74	627.35	2	2	23	5
299.62	632.21	4	4	119	5
309.53	599.58	4	4	126	5
316.07	670.51	3	4	92	5
322.11	262.97	6	7	408	5
322.19	697.39	3	2	31	5
323.11	791.85	3	3	75	5
323.96	631.51	3	4	74	5
344.50	353.53	2	2	38	5
350.65	602.69	4	4	170	5
355.86	308.86	3	3	83	5
366.65	735.65	3	3	40	5
368.22	335.83	3	3	46	5
377.14	364.19	3	3	81	5
384.90	485.85	3	3	67	5
386.52	383.48	2	2	27	5
387.95	714.96	3	3	98	5
397.49	696.97	4	3	61	5
418.45	658.45	2	2	29	5
424.26	288.96	3	3	57	5
435.24	663.37	6	6	337	5
436.97	353.65	3	5	101	5
474.98	918.35	3	3	66	5
482.53	522.96	2	3	47	5
484.54	436.50	2	2	26	5
488.70	613.45	4	4	66	5
491.72	415.41	3	2	46	5
510.00	298.46	3	2	46	5
513.07	396.31	3	4	190	5
515.80	646.21	4	4	87	5
542.53	451.04	2	3	45	5
567.05	646.34	3	3	61	5
580.85	866.95	3	3	104	5
590.43	394.47	2	2	30	5
607.32	459.32	2	2	19	5
616.69	698.51	4	4	144	5
622.17	993.75	3	3	52	5
625.68	494.73	2	2	22	5
625.84	964.58	3	4	57	5
631.77	799.23	3	3	56	5
654.06	487.96	3	3	97	5
674.63	400.40	8	8	780	5
691.76	443.62	3	2	37	5
692.33	917.33	2	2	18	5
705.53	348.57	2	2	30	5
721.59	629.17	4	5	417	5
726.09	768.73	5	5	176	5
750.31	872.69	4	4	197	5
752.49	610.02	2	3	47	5
752.82	772.52	3	4	130	5
755.45	394.03	4	3	217	5
760.68	953.32	2	2	19	5
767.71	450.33	2	2	21	5
768.50	812.31	4	4	157	5
768.30	779.65	2	2	20	5
774.81	637.37	3	2	43	5
775.82	817.18	3	3	40	5
781.97	637.46	3	4	117	5
785.93	389.06	3	3	85	5
790.84	790.13	3	3	68	5
792.62	662.23	2	3	39	5
810.60	853.17	2	3	35	5
812.97	470.88	3	3	96	5
822.30	337.30	2	2	20	5
824.85	506.95	4	3	150	5
836.80	613.76	3	3	46	5
853.54	921.46	2	2	26	5
867.50	695.00	2	3	28	5
896.19	691.21	3	3	81	5
900.84	523.66	5	5	407	5
900.93	729.81	3	3	89	5
909.67	449.81	3	3	52	5
909.57	1003.53	2	2	30	5
915.44	703.56	4	4	122	5
919.91	422.63	2	4	70	5
919.64	965.74	2	3	47	5
130.29	779.28	4	5	101	6
151.37	571.32	2	2	19	6
180.47	468.02	2	3	47	6
184.83	415.83	3	3	81	6
185.70	656.70	2	2	20	6
206.81	788.17	3	3	75	6
228.00	469.24	3	2	25	6
243.97	562.86	5	5	189	6
250.59	544.81	2	3	32	6
255.91	532.78	3	4	118	6
264.09	369.35	3	3	69	6
274.16	790.19	3	3	43	6
286.05	282.89	3	3	82	6
298.28	631.62	5	6	201	6
302.84	601.82	3	3	79	6
303.32	700.68	2	2	19	6
316.14	670.11	3	3	76	6
322.71	261.14	6	5	384	6
320.52	634.48	2	2	40	6
323.94	793.72	3	3	64	6
349.99	312.98	3	3	86	6
349.84	356.16	3	3	50	6
349.23	755.73	2	3	26	6
352.15	602.42	5	4	194	6
364.68	337.97	3	3	66	6
367.17	737.20	3	3	41	6
379.85	368.91	3	3	79	6
381.96	487.30	3	3	53	6
381.68	716.88	3	3	68	6
383.73	387.08	3	3	64	6
391.35	576.30	2	2	20	6
397.48	697.52	2	2	25	6
418.96	662.77	3	2	26	6
422.29	291.02	3	3	55	6
435.37	664.01	6	5	325	6
438.62	351.70	4	5	146	6
456.47	514.43	2	2	30	6
471.85	921.18	3	3	94	6
479.52	526.09	2	3	46	6
489.85	615.15	3	3	41	6
494.48	419.06	2	3	50	6
505.50	300.12	2	3	52	6
506.06	685.00	3	3	36	6
510.67	679.33	2	2	18	6
514.10	397.92	4	3	181	6
517.15	649.06	4	3	86	6
541.25	454.64	3	2	36	6
563.18	651.12	3	3	49	6
563.50	840.00	2	3	42	6
586.34	868.96	3	3	79	6
594.50	397.50	2	2	40	6
618.40	701.31	4	4	143	6
625.93	994.05	3	3	41	6
630.53	966.08	4	3	83	6
630.97	800.32	3	3	62	6
651.14	228.36	5	4	294	6
655.49	490.02	2	3	51	6
672.67	398.60	7	8	780	6
683.52	682.48	2	2	25	6
705.37	352.84	2	3	38	6
726.75	632.63	5	4	397	6
728.62	771.82	4	4	170	6
745.35	382.30	2	2	20	6
754.67	393.89	4	3	207	6
754.00	612.85	3	4	79	6
754.27	871.59	4	4	214	6
757.17	773.09	4	3	136	6
761.23	876.97	2	3	35	6
768.05	812.54	5	4	169	6
770.87	781.87	3	3	45	6
775.97	637.00	3	3	34	6
779.65	820.70	2	2	20	6
785.12	640.84	5	5	140	6
786.29	389.09	4	3	87	6
794.35	662.37	3	4	71	6
794.38	667.22	2	3	32	6
794.56	788.50	2	2	34	6
815.54	474.02	4	3	82	6
824.10	505.38	3	3	86	6
826.14	337.83	3	3	42	6
837.00	882.20	3	2	30	6
840.82	616.61	3	2	33	6
856.50	925.00	2	3	32	6
899.81	690.72	3	4	86	6
903.11	730.66	3	3	62	6
906.89	526.31	5	5	442	6
912.28	1005.93	3	3	60	6
914.15	447.13	3	3	54	6
915.16	624.59	3	2	37	6
916.90	703.07	3	3	108	6
919.71	420.29	2	4	113	6
