149.02	829.24	3	3	66	0
149.53	443.44	2	2	32	0
157.48	1014.56	2	2	27	0
178.81	519.85	3	3	48	0
185.66	365.89	3	3	65	0
205.53	617.00	4	3	102	0
214.54	651.07	4	5	166	0
219.00	622.02	3	3	41	0
239.73	788.68	2	2	22	0
253.92	595.15	3	4	106	0
264.00	336.74	3	2	27	0
269.50	415.57	2	2	28	0
288.50	675.56	2	2	32	0
292.85	653.14	3	3	71	0
295.93	388.71	6	6	398	0
304.50	305.47	2	2	34	0
309.56	468.52	2	2	27	0
315.48	323.52	2	2	25	0
331.73	820.36	2	2	22	0
340.59	397.26	2	3	39	0
358.21	678.04	2	3	28	0
367.05	765.92	3	3	113	0
385.55	345.52	2	2	29	0
401.00	414.98	3	3	42	0
412.21	765.79	5	5	261	0
422.32	697.68	2	2	19	0
431.05	947.48	3	4	79	0
445.04	295.21	3	2	28	0
449.32	433.66	4	4	154	0
451.68	573.32	2	2	22	0
451.52	688.06	2	3	48	0
475.88	239.20	3	4	138	0
477.31	718.69	4	4	89	0
491.04	884.67	3	3	70	0
502.32	494.32	2	2	22	0
518.48	436.52	2	2	40	0
519.22	735.96	2	3	27	0
545.43	690.80	4	3	102	0
551.26	1031.35	2	2	23	0
562.93	251.51	3	2	59	0
569.22	267.52	4	4	207	0
580.53	769.58	4	4	160	0
581.95	500.98	3	3	43	0
648.03	367.26	3	2	31	0
650.55	665.16	4	5	342	0
655.46	872.60	4	4	134	0
665.92	518.67	6	6	775	0
663.68	903.68	2	2	19	0
670.66	789.94	3	3	65	0
680.32	359.68	2	2	19	0
684.41	829.62	4	4	198	0
690.14	412.80	4	4	173	0
690.33	628.67	2	2	18	0
691.51	983.49	2	2	35	0
693.50	783.50	2	2	24	0
696.50	489.50	2	2	28	0
705.54	389.50	2	2	26	0
708.94	672.99	3	3	70	0
722.74	863.38	3	2	39	0
734.77	694.26	4	4	133	0
747.29	493.33	2	2	21	0
748.56	896.99	4	5	241	0
758.93	523.92	3	3	84	0
770.83	648.83	3	3	58	0
771.29	893.29	2	2	24	0
804.35	670.70	2	2	20	0
813.48	503.48	2	2	25	0
826.72	558.16	4	5	376	0
835.85	746.97	3	3	86	0
840.55	699.64	4	4	78	0
854.27	442.01	4	3	132	0
861.56	740.14	4	5	223	0
861.30	1040.74	2	2	23	0
871.87	996.89	3	3	71	0
890.21	281.12	3	3	78	0
889.81	512.29	3	5	171	0
889.61	527.18	2	3	33	0
904.03	859.76	3	2	29	0
141.90	449.67	3	3	61	1
148.97	830.68	3	3	69	1
178.91	525.16	3	3	68	1
186.56	370.53	2	2	34	1
205.00	615.63	4	4	113	1
213.83	652.28	4	4	144	1
254.98	594.50	3	4	117	1
259.41	338.78	2	3	41	1
275.12	417.34	3	3	58	1
285.18	355.42	3	2	38	1
284.66	678.17	2	3	41	1
286.05	654.73	3	3	59	1
296.08	386.39	5	6	367	1
298.83	308.60	3	2	42	1
317.33	322.67	2	2	18	1
332.03	821.03	3	3	35	1
336.70	399.70	2	2	20	1
358.00	682.03	3	3	36	1
361.55	767.94	4	3	85	1
383.65	347.70	2	2	20	1
404.45	418.52	2	2	33	1
412.23	766.32	5	5	271	1
428.76	950.18	3	3	55	1
441.69	295.94	3	3	52	1
445.40	517.17	2	3	35	1
450.27	435.29	4	4	171	1
449.29	576.71	2	2	24	1
452.47	690.50	2	2	34	1
476.93	238.84	3	4	145	1
478.66	720.85	3	3	62	1
491.58	875.42	2	2	31	1
496.74	887.05	3	3	62	1
500.70	497.70	2	2	20	1
519.41	737.52	2	2	29	1
522.58	439.77	2	3	43	1
541.63	695.49	3	4	83	1
557.67	1002.20	2	3	40	1
563.06	252.35	3	3	77	1
573.39	270.33	4	4	204	1
581.67	772.09	4	5	180	1
633.32	612.63	2	2	19	1
647.29	371.33	2	2	21	1
655.79	668.64	4	4	330	1
659.31	870.67	4	4	160	1
664.00	516.95	7	7	783	1
675.00	790.00	3	3	94	1
687.38	833.20	4	4	195	1
688.33	387.67	2	2	18	1
689.32	412.30	4	4	168	1
691.33	628.67	2	2	18	1
705.65	389.30	2	2	20	1
711.16	675.64	3	4	91	1
738.06	697.65	3	4	93	1
748.38	897.40	4	4	232	1
749.67	496.85	4	3	82	1
758.17	521.94	3	3	81	1
764.76	527.41	3	2	34	1
773.45	894.55	2	2	29	1
775.68	651.73	2	2	22	1
832.85	560.85	5	5	362	1
837.51	747.43	2	2	35	1
841.22	698.76	3	3	72	1
853.96	439.60	3	4	169	1
863.26	739.64	4	5	190	1
863.55	1042.52	2	2	31	1
872.94	997.89	3	3	72	1
889.98	510.80	5	5	213	1
889.48	278.44	2	2	27	1
891.50	526.95	2	3	44	1
903.32	914.32	2	2	19	1
907.32	859.37	2	2	19	1
134.05	456.27	3	3	66	2
148.76	832.52	3	2	42	2
179.82	531.15	3	3	82	2
187.20	375.81	3	3	64	2
194.32	801.68	2	2	19	2
204.23	614.45	4	4	115	2
213.18	653.28	4	4	152	2
220.24	632.65	3	2	37	2
255.00	341.70	3	2	27	2
256.08	594.02	3	3	87	2
280.52	420.02	4	3	66	2
279.51	656.51	2	2	41	2
281.19	680.39	3	2	36	2
292.95	312.67	3	3	55	2
296.06	384.08	5	5	354	2
303.27	471.40	3	2	40	2
320.20	319.60	3	2	30	2
332.42	821.52	2	2	31	2
356.01	769.53	3	4	87	2
358.26	686.00	2	3	31	2
380.70	349.70	2	2	20	2
412.12	767.04	5	5	278	2
426.10	952.71	3	3	72	2
437.33	296.71	2	2	21	2
446.04	580.51	3	2	45	2
446.46	518.50	2	2	26	2
451.20	436.99	4	3	153	2
453.20	692.78	3	3	46	2
478.05	238.58	3	4	151	2
479.97	723.37	3	3	70	2
497.18	879.34	3	2	38	2
499.50	502.53	2	2	30	2
502.92	889.46	3	4	76	2
526.89	442.86	3	3	63	2
537.70	700.08	3	3	66	2
563.20	253.25	3	3	84	2
577.65	272.90	4	4	191	2
583.23	775.00	4	3	117	2
584.98	506.05	3	3	43	2
633.40	612.80	2	3	35	2
647.02	375.48	3	2	44	2
662.03	515.48	5	6	747	2
661.33	672.20	4	5	384	2
663.19	868.88	4	5	146	2
679.48	790.82	2	3	65	2
688.34	411.98	4	3	165	2
689.98	836.47	3	4	167	2
706.22	389.38	3	2	32	2
713.87	678.39	3	4	79	2
731.33	871.67	2	2	21	2
741.22	701.18	4	4	125	2
748.10	897.71	5	4	224	2
752.23	500.23	3	3	53	2
757.61	520.19	4	3	89	2
766.48	528.52	2	2	29	2
780.21	654.79	3	3	48	2
805.65	959.70	2	2	20	2
809.29	669.02	3	3	55	2
839.11	563.79	5	5	369	2
840.15	748.13	3	3	55	2
842.17	697.70	3	4	76	2
853.51	437.39	4	4	152	2
865.24	738.95	4	5	155	2
865.90	1043.90	3	3	79	2
875.00	999.47	3	2	32	2
888.32	275.27	2	2	22	2
890.28	509.41	4	5	207	2
892.63	526.84	2	3	38	2
904.68	508.68	2	2	19	2
909.52	858.98	2	3	46	2
125.72	462.96	3	3	69	3
140.29	238.71	2	2	24	3
148.70	834.04	3	3	53	3
180.08	537.05	3	3	92	3
188.19	380.89	3	3	64	3
197.30	806.70	2	2	20	3
203.40	613.29	4	4	85	3
212.53	654.53	4	4	186	3
221.32	638.32	2	2	19	3
240.68	794.32	2	2	19	3
250.48	344.44	2	2	27	3
257.82	593.53	3	4	94	3
272.91	658.49	3	2	53	3
277.55	682.52	2	2	29	3
286.50	421.50	2	2	28	3
287.67	316.67	2	2	18	3
290.24	364.97	2	3	29	3
296.15	381.93	5	5	364	3
300.67	472.67	2	2	21	3
317.54	398.43	2	2	28	3
322.32	318.13	3	3	53	3
328.48	404.45	2	2	29	3
332.17	822.19	3	3	42	3
349.91	771.16	3	3	80	3
378.83	351.88	3	3	41	3
397.50	977.50	2	2	24	3
410.73	426.35	2	2	26	3
412.12	767.71	5	5	278	3
423.17	955.17	3	3	46	3
443.52	584.48	2	2	29	3
452.21	438.82	4	4	152	3
454.08	694.85	3	3	62	3
479.12	238.22	3	4	138	3
480.71	726.05	3	3	59	3
498.38	506.16	2	3	37	3
502.22	883.14	3	3	51	3
508.88	891.91	3	3	75	3
530.76	446.93	2	3	29	3
533.88	704.89	3	3	83	3
561.19	1031.38	3	2	37	3
563.92	254.31	3	3	72	3
566.32	1005.37	2	2	19	3
569.76	818.61	3	2	38	3
582.14	275.66	4	4	193	3
584.72	777.70	4	4	112	3
660.07	513.82	7	6	767	3
666.53	675.92	4	5	351	3
667.35	867.31	4	4	143	3
683.97	791.05	3	3	111	3
687.49	411.82	4	3	141	3
692.48	839.90	4	4	202	3
706.31	389.00	3	3	48	3
716.36	681.55	4	2	66	3
735.65	876.26	2	2	23	3
736.58	227.48	2	2	31	3
744.83	704.34	3	4	90	3
747.72	898.38	4	4	206	3
754.57	503.51	2	2	35	3
756.97	518.97	3	3	97	3
768.48	530.48	2	2	25	3
777.53	899.43	2	2	30	3
785.03	657.95	3	3	38	3
810.95	668.30	3	3	57	3
831.76	503.38	3	2	37	3
841.91	748.31	3	3	65	3
843.10	696.97	3	3	90	3
845.33	566.70	4	5	347	3
852.97	434.86	3	4	151	3
867.20	738.37	4	4	163	3
868.00	1045.03	3	3	37	3
876.48	1000.94	2	3	54	3
877.54	715.50	2	2	26	3
881.33	601.67	2	2	18	3
887.32	271.98	3	3	56	3
890.48	507.71	4	6	199	3
890.83	498.15	3	3	47	3
911.50	858.54	2	2	26	3
133.52	243.52	2	2	29	4
148.49	835.54	2	2	37	4
180.62	542.80	2	3	40	4
188.98	385.79	3	3	62	4
199.52	811.00	2	3	27	4
202.36	611.89	4	3	64	4
211.66	655.44	4	4	188	4
222.30	643.30	2	2	20	4
241.48	795.52	2	2	31	4
244.70	345.70	2	2	23	4
259.07	593.13	3	4	106	4
266.07	659.83	3	3	86	4
273.88	684.84	3	3	57	4
281.83	320.38	3	2	42	4
291.67	424.29	2	2	21	4
292.55	369.48	2	2	29	4
296.58	379.66	6	6	357	4
315.30	401.35	2	2	20	4
324.98	316.67	3	3	49	4
332.22	822.61	3	2	36	4
343.88	772.63	3	4	101	4
357.72	694.32	2	2	25	4
397.30	977.65	2	2	20	4
412.06	768.13	5	5	300	4
414.03	430.00	3	3	38	4
420.94	957.99	3	3	93	4
429.36	299.78	2	3	36	4
453.41	440.46	4	4	138	4
454.88	697.15	3	3	68	4
480.38	237.95	4	3	140	4
481.82	728.82	3	3	72	4
496.87	510.36	3	2	39	4
506.57	887.47	2	2	30	4
514.80	894.17	3	3	46	4
518.67	745.33	2	2	18	4
529.90	708.90	3	3	71	4
535.52	449.48	2	2	25	4
564.03	255.52	3	4	77	4
564.52	1031.45	2	2	29	4
568.81	819.38	3	2	32	4
571.35	1006.81	2	3	37	4
586.55	278.30	4	4	214	4
586.34	780.61	4	4	158	4
588.22	511.66	3	2	41	4
646.45	383.52	2	2	31	4
658.05	512.27	7	6	783	4
671.90	679.29	5	5	358	4
671.04	865.30	4	4	120	4
686.53	411.42	4	4	163	4
688.17	791.79	3	3	77	4
695.14	843.37	3	4	178	4
706.67	388.71	2	2	21	4
715.45	1000.52	2	2	29	4
719.05	684.33	3	3	57	4
737.02	229.52	3	2	44	4
740.19	879.84	3	3	43	4
747.62	707.55	4	4	125	4
747.42	898.64	4	4	190	4
756.19	517.12	3	3	89	4
757.28	506.96	3	3	67	4
780.29	901.67	2	2	21	4
789.56	660.56	2	2	34	4
813.02	667.49	3	2	41	4
812.30	965.70	2	2	20	4
837.50	502.54	2	2	26	4
844.15	696.05	4	3	97	4
843.85	748.81	3	3	48	4
851.38	569.35	4	4	351	4
852.55	432.60	4	4	163	4
868.98	737.51	3	4	150	4
870.59	1046.56	2	2	34	4
877.95	1001.97	3	3	62	4
886.20	269.20	3	3	49	4
890.71	505.63	4	5	177	4
914.50	857.54	2	2	26	4
126.48	248.55	2	2	29	5
148.20	837.41	3	2	41	5
168.30	566.40	2	2	20	5
172.48	1019.48	2	2	25	5
180.98	548.35	3	3	66	5
189.79	391.00	2	3	28	5
201.52	609.16	4	3	62	5
211.22	656.53	4	4	194	5
231.63	591.32	2	2	19	5
240.32	348.68	2	2	19	5
241.70	797.65	2	2	20	5
258.98	661.92	3	3	90	5
260.50	592.53	4	4	128	5
270.47	686.60	2	2	30	5
275.57	324.54	2	2	28	5
296.88	377.08	5	6	386	5
297.17	426.17	3	3	48	5
311.59	405.48	2	2	29	5
321.25	408.61	3	2	36	5
326.82	314.58	3	2	33	5
332.05	823.45	3	2	44	5
337.83	774.08	3	3	87	5
358.25	698.33	2	2	24	5
374.29	356.29	2	2	21	5
412.04	768.74	5	5	296	5
417.16	434.16	3	3	43	5
418.00	960.32	3	3	71	5
438.29	591.29	2	2	21	5
454.64	442.40	4	4	136	5
455.65	699.06	3	3	66	5
481.57	237.59	4	4	152	5
483.00	731.35	3	3	62	5
495.54	514.50	2	2	26	5
512.15	891.42	3	2	40	5
520.21	896.36	3	4	80	5
525.51	713.49	2	2	41	5
539.96	452.52	3	2	52	5
564.86	256.85	3	3	88	5
567.82	820.16	3	3	45	5
568.29	1031.33	2	2	21	5
587.52	783.27	4	4	159	5
590.10	514.86	3	3	59	5
591.28	281.09	4	5	215	5
646.00	387.97	3	3	35	5
656.10	510.64	7	6	772	5
674.84	863.74	4	4	133	5
677.29	682.80	4	5	357	5
685.79	411.07	4	3	162	5
692.77	792.21	3	3	57	5
697.55	846.74	4	4	198	5
707.32	388.68	2	2	22	5
721.27	687.40	4	3	67	5
747.17	898.96	5	5	203	5
751.05	710.80	3	4	129	5
755.67	515.12	3	3	66	5
759.75	510.05	3	3	65	5
794.72	663.75	3	3	53	5
816.29	666.44	4	2	48	5
815.71	723.67	2	2	21	5
845.12	695.53	5	4	122	5
845.82	749.14	3	3	49	5
851.94	430.23	3	4	139	5
857.56	571.92	4	5	361	5
870.89	736.81	4	4	140	5
879.93	1003.69	3	3	58	5
885.13	266.35	3	3	60	5
890.88	503.89	3	6	173	5
897.67	527.33	2	2	18	5
148.08	839.28	3	3	65	6
181.06	554.44	3	4	77	6
190.97	396.23	3	2	31	6
201.10	607.97	4	5	109	6
210.65	657.54	4	4	191	6
223.30	654.30	2	2	20	6
242.19	799.16	3	3	43	6
251.87	663.82	3	3	55	6
261.84	592.40	4	4	135	6
266.30	689.35	2	2	20	6
270.00	329.05	3	3	40	6
291.32	478.32	2	2	22	6
297.38	375.58	6	8	384	6
302.78	428.41	3	2	37	6
317.98	410.51	3	2	49	6
331.17	775.41	3	4	86	6
332.26	823.62	3	2	42	6
358.27	702.32	2	2	22	6
371.52	358.52	2	2	25	6
397.67	983.67	2	2	18	6
412.01	769.23	5	5	301	6
414.70	963.04	3	3	69	6
420.20	303.88	3	3	51	6
420.47	437.56	2	2	34	6
435.30	594.30	2	2	20	6
452.46	528.54	2	2	28	6
455.70	444.27	4	4	178	6
456.18	701.80	3	3	61	6
464.33	354.33	2	2	18	6
482.80	237.33	4	4	157	6
484.44	733.72	4	3	87	6
494.65	518.37	3	3	49	6
517.21	895.39	3	2	38	6
521.28	717.91	3	3	67	6
526.26	898.56	4	4	77	6
544.50	455.57	2	2	28	6
552.00	625.00	3	3	33	6
565.48	258.02	4	3	85	6
567.21	821.03	2	3	29	6
572.21	1031.07	2	3	29	6
589.39	786.06	4	3	139	6
591.30	517.04	3	3	57	6
595.83	284.00	5	5	241	6
646.25	392.00	2	3	28	6
654.17	509.10	6	7	780	6
679.12	861.88	4	4	124	6
682.58	686.20	4	5	366	6
682.21	930.21	3	2	28	6
685.00	411.02	3	3	155	6
696.88	792.81	3	3	85	6
700.35	850.29	4	4	211	6
707.50	388.53	2	2	30	6
724.03	690.22	3	4	92	6
735.74	235.65	2	2	23	6
746.70	899.47	4	4	193	6
748.40	888.53	2	2	30	6
754.37	714.19	4	4	134	6
754.87	513.79	3	3	82	6
762.53	513.43	2	2	30	6
774.50	534.50	2	2	24	6
784.67	906.29	2	2	21	6
798.95	666.67	3	3	61	6
818.00	665.94	3	3	71	6
818.33	972.33	2	2	18	6
846.08	694.65	3	4	113	6
848.21	749.09	2	3	34	6
851.30	427.86	4	4	152	6
863.58	574.49	4	4	378	6
872.90	736.40	4	4	146	6
875.64	1049.76	2	2	25	6
880.86	1004.80	3	3	50	6
884.49	263.96	2	3	45	6
890.92	502.08	3	5	172	6
919.35	857.79	2	3	34	6
