40.421	2.269	16.616	4	5	-1	0.046	0.000
45.947	16.243	3.436	54	50	51	0.022	0.000
44.219	13.752	-31.383	51	52	52	0.026	0.000
53.528	31.688	-1.266	39	37	36	0.026	0.000
31.421	17.166	-16.303	49	46	48	0.026	0.000
8.404	58.102	5.777	12	8	8	0.033	0.000
22.370	58.555	6.014	9	7	7	0.034	0.000
11.908	64.831	4.108	3	4	1	0.035	0.000
55.392	18.172	18.707	53	48	49	0.035	0.000
21.903	1.226	-14.548	72	74	66	0.036	0.000
13.846	39.299	10.025	31	29	27	0.038	0.000
17.405	8.657	-7.055	65	61	59	0.038	0.000
9.351	49.410	15.685	25	22	17	0.043	0.000
44.074	0.727	18.099	83	77	71	0.045	0.000
23.702	8.559	10.213	69	63	62	0.045	0.000
11.868	35.156	-6.823	34	33	30	0.050	0.000
16.655	0.256	11.236	81	78	70	0.051	0.000
25.306	57.319	-42.518	8	12	10	0.052	0.000
47.196	52.898	12.590	21	18	13	0.065	0.000
5.605	35.421	20.646	36	34	29	0.071	0.000
32.248	51.469	22.516	24	20	14	0.103	0.000
35.399	55.162	29.168	15	13	9	0.121	0.000
37.784	23.187	-36.348	43	42	43	0.154	0.000
58.109	36.914	-8.279	32	-1	28	0.004	0.000
40.121	42.620	-19.295	27	-1	25	0.010	0.000
32.487	26.480	-23.578	41	-1	38	0.034	0.000
4.692	47.588	13.016	-1	24	21	0.045	0.000
21.842	46.824	25.150	26	-1	22	0.046	0.000
62.746	26.230	-9.591	42	-1	40	0.053	0.000
20.592	43.821	47.357	29	-1	24	0.063	0.000
44.755	6.280	3.702	70	68	-1	0.072	0.000
10.344	28.954	-14.865	40	38	-1	0.100	0.000
16.932	60.800	12.652	7	5	-1	0.101	0.000
33.055	32.585	-35.491	35	-1	35	0.124	0.000
32.881	26.838	-23.993	37	-1	39	0.005	1.000
40.286	43.118	-19.326	27	-1	26	0.010	1.000
17.721	8.455	-7.014	60	69	57	0.020	1.000
12.434	64.779	4.068	5	6	1	0.023	1.000
9.737	49.182	15.420	23	24	19	0.028	1.000
31.739	16.685	-16.412	46	49	46	0.030	1.000
16.446	0.288	11.262	74	85	66	0.035	1.000
55.259	17.870	19.057	51	51	47	0.036	1.000
44.073	0.598	18.346	77	84	67	0.040	1.000
22.881	58.528	6.082	11	11	7	0.041	1.000
22.183	0.694	-14.382	67	80	63	0.042	1.000
5.598	35.749	20.355	33	35	30	0.042	1.000
11.960	35.079	-7.069	32	36	32	0.047	1.000
5.008	48.069	13.085	-1	25	24	0.048	1.000
8.859	58.026	5.777	13	12	8	0.050	1.000
23.576	8.619	10.243	62	70	58	0.053	1.000
40.385	2.236	16.962	72	82	-1	0.070	1.000
44.483	13.501	-31.728	49	55	51	0.072	1.000
32.213	51.366	22.527	22	22	16	0.100	1.000
49.612	14.197	14.060	55	60	-1	0.112	1.000
35.240	55.246	29.122	15	15	10	0.141	1.000
25.504	57.448	-41.784	9	14	11	0.194	1.000
42.095	1.716	2.327	52	64	46	0.013	1.000
13.186	14.318	7.778	39	45	37	0.032	1.000
32.187	8.707	-29.457	40	51	40	0.066	1.000
14.110	39.044	9.745	21	-1	19	0.004	1.000
35.325	38.750	-49.666	-1	24	20	0.011	1.000
69.107	0.823	13.500	-1	65	48	0.018	1.000
6.607	51.136	-24.024	14	-1	12	0.020	1.000
0.058	52.455	-19.830	11	-1	11	0.050	1.000
5.963	16.400	-13.781	36	39	-1	0.063	1.000
34.868	14.820	19.986	41	46	-1	0.081	1.000
13.302	13.250	17.414	43	48	-1	0.092	1.000
5.360	48.558	13.088	-1	27	16	0.006	2.000
40.495	43.644	-19.089	33	-1	22	0.007	2.000
17.993	62.169	12.158	12	-1	3	0.013	2.000
13.006	64.718	4.016	7	5	1	0.016	2.000
13.144	14.388	7.720	66	63	51	0.019	2.000
6.878	50.641	-23.832	24	-1	14	0.021	2.000
9.330	57.952	5.792	16	10	7	0.028	2.000
18.028	8.239	-7.049	74	76	58	0.034	2.000
32.070	16.215	-16.368	59	56	46	0.034	2.000
16.244	0.333	11.275	90	91	65	0.037	2.000
55.151	17.546	19.243	63	57	47	0.037	2.000
44.071	0.459	18.732	93	92	66	0.037	2.000
23.414	58.470	6.060	15	9	6	0.040	2.000
22.489	0.152	-14.250	79	87	63	0.042	2.000
12.072	34.988	-7.284	42	39	29	0.044	2.000
14.382	38.724	9.279	39	-1	23	0.044	2.000
23.447	8.676	10.389	76	77	59	0.051	2.000
13.301	13.236	17.469	70	68	-1	0.063	2.000
40.375	2.174	17.262	87	88	-1	0.073	2.000
32.472	8.423	-29.685	69	70	55	0.087	2.000
34.843	14.751	20.151	68	64	-1	0.090	2.000
32.193	51.256	22.598	27	23	12	0.105	2.000
35.144	55.311	29.190	20	14	8	0.135	2.000
44.789	13.306	-31.736	62	61	52	0.165	2.000
25.618	57.491	-42.007	14	12	9	0.172	2.000
35.372	38.861	-49.947	-1	32	25	0.184	2.000
46.043	15.493	3.577	50	49	35	0.009	2.000
7.130	17.575	-4.034	48	45	31	0.062	2.000
10.813	28.140	-15.887	36	36	22	0.084	2.000
21.995	47.341	24.759	24	-1	10	0.004	2.000
42.173	1.522	2.308	61	68	-1	0.004	2.000
25.248	70.397	-8.215	-1	3	0	0.016	2.000
46.134	57.392	-1.996	12	8	-1	0.033	2.000
46.880	61.913	-14.610	10	-1	2	0.038	2.000
10.232	14.588	-52.260	45	-1	32	0.066	2.000
0.440	52.998	-18.132	15	16	-1	0.118	2.000
18.547	62.886	12.069	11	-1	1	0.008	3.000
46.099	15.117	3.634	60	54	51	0.014	3.000
42.244	1.353	2.563	78	76	-1	0.017	3.000
34.301	14.773	23.154	64	58	-1	0.021	3.000
13.109	14.464	7.688	61	57	52	0.023	3.000
40.663	44.164	-18.884	30	-1	18	0.024	3.000
14.658	38.461	8.933	34	-1	20	0.029	3.000
5.718	49.037	13.021	-1	22	11	0.031	3.000
32.386	15.733	-16.482	55	52	48	0.031	3.000
22.063	47.627	24.572	28	-1	14	0.032	3.000
23.944	58.426	6.133	14	9	2	0.033	3.000
55.032	17.218	19.453	59	53	49	0.039	3.000
16.044	0.373	11.321	83	82	69	0.042	3.000
22.771	-0.381	-14.142	74	79	68	0.043	3.000
40.367	2.117	17.554	80	78	-1	0.043	3.000
23.322	8.743	10.488	71	67	62	0.047	3.000
10.040	14.769	-52.499	52	-1	46	0.047	3.000
18.352	8.018	-7.026	69	66	61	0.048	3.000
44.072	0.327	19.122	88	83	70	0.053	3.000
12.189	34.891	-7.513	36	35	25	0.054	3.000
11.092	27.773	-15.963	45	40	32	0.075	3.000
7.087	50.095	-23.682	23	-1	10	0.082	3.000
13.297	13.205	17.389	65	60	-1	0.091	3.000
32.166	51.144	22.676	24	19	8	0.092	3.000
45.119	13.038	-31.808	57	55	53	0.105	3.000
35.047	55.359	29.139	17	12	4	0.121	3.000
49.783	7.832	-37.046	63	63	60	0.152	3.000
35.425	38.855	-49.884	-1	28	21	0.180	3.000
10.524	48.755	15.265	22	19	6	0.044	3.000
5.671	36.458	19.695	29	28	12	0.045	3.000
13.559	64.675	4.213	7	6	-1	0.005	3.000
11.805	46.555	7.501	23	-1	8	0.007	3.000
33.741	27.548	-23.949	35	-1	21	0.022	3.000
20.599	23.179	1.533	39	36	-1	0.023	3.000
57.886	26.318	65.783	43	-1	27	0.192	3.000
35.530	38.757	-49.589	-1	29	27	0.002	4.000
12.282	34.764	-7.935	42	-1	29	0.004	4.000
14.081	64.608	4.088	10	7	-1	0.005	4.000
40.838	44.714	-18.680	36	-1	24	0.008	4.000
55.396	6.902	0.895	-1	73	62	0.016	4.000
12.095	46.787	7.514	35	-1	21	0.018	4.000
13.058	14.532	7.608	63	57	51	0.021	4.000
34.146	27.917	-23.750	46	-1	35	0.022	4.000
32.704	15.255	-16.470	58	51	50	0.023	4.000
7.359	49.582	-23.585	29	-1	18	0.035	4.000
10.920	48.510	15.093	34	24	19	0.035	4.000
23.189	8.799	10.581	73	71	60	0.039	4.000
54.921	16.910	19.752	62	52	49	0.040	4.000
23.046	-0.920	-14.005	78	82	68	0.040	4.000
15.828	0.415	11.324	83	83	69	0.044	4.000
18.644	7.813	-7.037	72	69	61	0.045	4.000
6.063	49.533	13.034	-1	22	17	0.047	4.000
44.058	0.191	19.371	89	85	70	0.061	4.000
9.844	14.947	-52.613	54	-1	47	0.062	4.000
40.345	2.064	17.805	80	80	-1	0.065	4.000
13.286	13.194	17.471	67	62	-1	0.077	4.000
32.120	51.030	22.709	30	21	15	0.093	4.000
45.431	12.818	-31.576	60	55	53	0.136	4.000
5.920	56.496	39.061	22	11	-1	0.153	4.000
25.987	57.615	-40.688	15	12	10	0.193	4.000
7.835	17.629	-4.285	46	42	35	0.019	4.000
42.556	46.100	-37.904	27	-1	17	0.001	4.000
47.293	61.914	-13.775	12	-1	7	0.009	4.000
5.675	46.545	-23.441	28	-1	16	0.026	4.000
33.073	7.811	-29.610	51	-1	44	0.027	4.000
19.168	63.562	12.206	-1	7	4	0.045	4.000
46.955	56.856	-1.124	-1	10	9	0.060	4.000
24.462	58.389	6.118	15	9	-1	0.067	4.000
25.998	70.321	-8.155	-1	5	1	0.068	4.000
34.780	14.580	20.550	50	48	-1	0.068	4.000
34.951	55.391	28.757	20	11	-1	0.142	4.000
12.407	34.667	-8.146	42	-1	30	0.003	5.000
5.967	46.871	-23.072	29	-1	20	0.016	5.000
13.038	14.600	7.516	64	58	51	0.026	5.000
26.391	70.222	-8.390	-1	4	0	0.028	5.000
23.311	-1.469	-13.942	82	84	67	0.029	5.000
7.593	49.082	-23.103	26	-1	18	0.031	5.000
54.816	16.582	19.885	61	55	49	0.034	5.000
33.403	7.503	-29.767	69	-1	58	0.034	5.000
40.993	45.236	-18.573	32	-1	22	0.035	5.000
18.941	7.562	-7.016	74	75	60	0.040	5.000
14.650	64.549	4.109	10	6	-1	0.042	5.000
33.031	14.785	-16.440	59	56	50	0.042	5.000
6.441	50.045	13.072	-1	26	15	0.043	5.000
15.631	0.457	11.357	89	85	66	0.045	5.000
23.054	8.859	10.692	76	74	59	0.051	5.000
24.980	58.345	6.251	14	12	-1	0.051	5.000
40.313	2.008	18.218	88	81	-1	0.052	5.000
48.024	52.709	13.071	24	23	11	0.053	5.000
13.269	13.150	17.725	-1	63	54	0.054	5.000
11.325	48.247	14.266	30	28	17	0.056	5.000
9.662	15.133	-52.703	55	-1	48	0.056	5.000
44.049	0.045	19.690	93	88	68	0.062	5.000
34.520	28.278	-24.081	46	-1	38	0.070	5.000
34.773	14.493	20.583	68	60	-1	0.078	5.000
32.094	50.903	22.783	27	24	14	0.105	5.000
26.147	57.599	-40.614	13	14	7	0.106	5.000
34.811	55.480	28.984	20	15	-1	0.182	5.000
21.037	22.882	1.393	41	38	33	0.013	5.000
5.861	37.183	19.218	31	27	17	0.045	5.000
33.705	54.715	5.189	16	12	6	0.047	5.000
54.587	29.171	-1.114	-1	32	27	0.006	5.000
34.218	32.059	-36.063	32	-1	24	0.045	5.000
66.966	-1.593	-9.868	65	-1	47	0.061	5.000
39.085	22.458	-36.493	36	36	-1	0.083	5.000
22.247	48.067	23.475	22	20	-1	0.141	5.000
11.638	26.979	-16.279	-1	33	28	0.141	5.000
15.213	64.505	4.103	9	5	-1	0.004	6.000
41.146	45.809	-18.427	33	-1	23	0.007	6.000
12.537	34.568	-8.334	42	-1	29	0.008	6.000
34.483	31.983	-35.657	43	-1	32	0.013	6.000
33.340	14.309	-16.477	58	56	47	0.019	6.000
19.244	7.332	-7.020	72	71	62	0.020	6.000
13.000	14.657	7.490	63	58	48	0.024	6.000
7.818	48.564	-23.282	28	-1	21	0.036	6.000
6.168	47.214	-23.061	30	-1	22	0.037	6.000
54.706	16.262	20.149	62	55	45	0.038	6.000
22.937	8.928	10.857	73	70	61	0.040	6.000
15.437	0.498	11.382	85	80	67	0.041	6.000
33.733	7.234	-29.560	67	-1	60	0.043	6.000
23.562	-2.004	-13.794	79	81	68	0.044	6.000
44.050	-0.103	19.929	89	82	69	0.049	6.000
34.891	28.676	-24.228	47	-1	35	0.057	6.000
48.180	52.675	13.312	26	20	15	0.061	6.000
13.267	13.121	17.780	-1	63	53	0.062	6.000
40.301	1.941	18.425	84	77	-1	0.065	6.000
9.455	15.300	-53.016	56	-1	43	0.069	6.000
25.511	58.308	6.198	15	9	-1	0.080	6.000
26.335	57.612	-40.276	13	11	12	0.084	6.000
32.063	50.797	22.818	29	22	18	0.094	6.000
22.373	48.316	23.144	34	26	-1	0.107	6.000
34.741	55.555	28.762	20	13	-1	0.180	6.000
46.270	13.998	3.788	48	49	37	0.010	6.000
11.229	57.618	5.875	13	8	9	0.016	6.000
42.449	0.895	3.387	58	63	49	0.021	6.000
47.703	61.906	-13.075	10	6	6	0.028	6.000
48.693	25.164	3.396	39	33	28	0.030	6.000
63.587	23.958	-9.061	40	35	30	0.062	6.000
46.023	12.370	-31.961	44	48	38	0.177	6.000
54.780	28.654	-1.077	-1	31	27	0.003	6.000
55.418	13.248	0.602	-1	51	39	0.005	6.000
20.249	65.094	11.775	8	-1	3	0.010	6.000
6.019	37.549	18.878	-1	28	20	0.033	6.000
39.428	4.928	28.527	57	-1	47	0.036	6.000
47.649	12.951	21.604	52	53	-1	0.056	6.000
39.345	22.277	-36.537	37	-1	31	0.063	6.000
11.868	26.573	-16.305	36	32	-1	0.118	6.000
31.232	34.522	-36.572	31	-1	23	0.125	6.000
12.139	44.814	41.887	27	22	-1	0.197	6.000
