0	40.421	2.270	16.617	-0.054	-0.019	0.357	0.044	-0.038	-0.033	0.000
0	40.385	2.234	16.958	-0.020	-0.049	0.325	0.024	-0.022	-0.031	1.000
0	40.374	2.177	17.268	-0.006	-0.062	0.296	0.004	-0.005	-0.028	2.000
0	40.365	2.118	17.534	-0.014	-0.054	0.257	-0.008	0.002	0.026	3.000
0	40.343	2.064	17.854	-0.030	-0.053	0.346	-0.003	-0.003	-0.001	4.000
0	40.314	2.008	18.185	-0.024	-0.060	0.303	0.014	-0.011	-0.084	5.000
0	40.301	1.941	18.433	-0.001	-0.075	0.178	0.031	-0.018	-0.166	6.000
1	44.219	13.748	-31.394	0.229	-0.236	-0.382	0.077	0.006	0.189	0.000
1	44.482	13.515	-31.684	0.291	-0.231	-0.201	0.047	0.002	0.172	1.000
1	44.791	13.285	-31.802	0.323	-0.231	-0.037	0.017	-0.002	0.156	2.000
1	45.118	13.052	-31.764	0.325	-0.234	0.110	-0.013	-0.006	0.139	3.000
1	45.431	12.814	-31.587	0.297	-0.242	0.241	-0.043	-0.010	0.123	4.000
2	31.420	17.165	-16.312	0.318	-0.481	-0.084	0.009	0.006	0.039	0.000
2	31.742	16.687	-16.378	0.324	-0.476	-0.051	0.003	0.003	0.026	1.000
2	32.066	16.212	-16.419	0.324	-0.475	-0.033	-0.002	-0.001	0.012	2.000
2	32.387	15.734	-16.448	0.315	-0.482	-0.066	-0.001	0.001	0.014	3.000
2	32.707	15.257	-16.472	0.324	-0.473	0.037	-0.001	0.003	0.025	4.000
2	33.029	14.784	-16.439	0.318	-0.473	0.013	-0.011	-0.002	-0.072	5.000
2	33.340	14.309	-16.477	0.303	-0.477	-0.107	-0.021	-0.007	-0.168	6.000
3	8.404	58.102	5.777	0.000	0.000	0.000	0.000	0.000	0.000	0.000
3	8.859	58.026	5.777	0.000	0.000	0.000	0.000	0.000	0.000	1.000
3	9.330	57.952	5.792	0.000	0.000	0.000	0.000	0.000	0.000	2.000
4	22.370	58.556	6.019	0.497	-0.014	0.048	0.036	-0.039	-0.012	0.000
4	22.882	58.525	6.061	0.524	-0.044	0.036	0.019	-0.020	-0.011	1.000
4	23.413	58.474	6.092	0.534	-0.054	0.025	0.002	-0.001	-0.010	2.000
4	23.942	58.427	6.097	0.524	-0.039	0.025	-0.006	0.005	0.032	3.000
4	24.462	58.387	6.167	0.516	-0.041	0.067	0.000	0.001	-0.015	4.000
4	24.980	58.347	6.218	0.522	-0.039	0.028	0.013	0.001	-0.064	5.000
4	25.511	58.308	6.206	0.541	-0.038	-0.061	0.025	0.001	-0.113	6.000
5	11.907	64.832	4.120	0.500	-0.062	-0.234	0.073	0.013	0.321	0.000
5	12.437	64.775	4.020	0.554	-0.053	0.010	0.035	0.006	0.166	1.000
5	13.001	64.724	4.087	0.569	-0.051	0.098	-0.004	-0.002	0.011	2.000
5	13.551	64.669	4.124	0.532	-0.054	0.045	-0.005	-0.003	-0.025	3.000
5	14.092	64.610	4.143	0.543	-0.066	-0.077	0.010	0.001	-0.037	4.000
5	14.643	64.548	4.072	0.559	-0.056	-0.040	0.022	0.020	0.110	5.000
5	15.215	64.505	4.112	0.588	-0.026	0.144	0.035	0.040	0.258	6.000
6	55.391	18.172	18.709	-0.139	-0.283	0.452	0.022	-0.044	-0.264	0.000
6	55.262	17.870	19.050	-0.121	-0.317	0.251	0.013	-0.023	-0.138	1.000
6	55.146	17.545	19.254	-0.112	-0.330	0.177	0.005	-0.002	-0.011	2.000
6	55.034	17.223	19.480	-0.116	-0.317	0.270	0.002	0.002	-0.002	3.000
6	54.922	16.904	19.705	-0.107	-0.317	0.212	0.003	-0.001	-0.008	4.000
6	54.815	16.586	19.917	-0.107	-0.321	0.215	-0.003	-0.007	0.013	5.000
6	54.706	16.261	20.141	-0.113	-0.330	0.238	-0.010	-0.013	0.034	6.000
7	21.902	1.226	-14.549	0.273	-0.532	0.201	0.028	-0.005	-0.075	0.000
7	22.187	0.692	-14.380	0.293	-0.536	0.142	0.012	-0.003	-0.043	1.000
7	22.483	0.155	-14.254	0.297	-0.538	0.115	-0.005	-0.001	-0.012	2.000
7	22.773	-0.382	-14.129	0.277	-0.534	0.127	-0.013	-0.003	-0.016	3.000
7	23.046	-0.922	-14.027	0.271	-0.546	0.095	-0.010	-0.002	0.001	4.000
7	23.311	-1.467	-13.927	0.259	-0.543	0.110	-0.014	0.008	0.029	5.000
7	23.562	-2.004	-13.798	0.243	-0.530	0.153	-0.017	0.018	0.057	6.000
8	13.846	39.299	10.025	0.000	0.000	0.000	0.000	0.000	0.000	0.000
8	14.110	39.044	9.745	0.000	0.000	0.000	0.000	0.000	0.000	1.000
8	14.382	38.724	9.279	0.000	0.000	0.000	0.000	0.000	0.000	2.000
8	14.658	38.461	8.933	0.000	0.000	0.000	0.000	0.000	0.000	3.000
9	17.406	8.657	-7.052	0.303	-0.188	0.046	0.019	-0.032	-0.049	0.000
9	17.717	8.456	-7.027	0.316	-0.212	0.008	0.007	-0.017	-0.028	1.000
9	18.034	8.238	-7.030	0.317	-0.221	-0.009	-0.004	-0.002	-0.007	2.000
9	18.345	8.025	-7.040	0.309	-0.210	0.008	-0.007	-0.008	0.011	3.000
9	18.647	7.802	-7.026	0.291	-0.228	0.004	-0.005	-0.009	-0.003	4.000
9	18.939	7.569	-7.023	0.296	-0.236	0.003	0.014	-0.007	0.001	5.000
9	19.245	7.330	-7.018	0.319	-0.242	0.007	0.033	-0.004	0.006	6.000
11	44.074	0.727	18.099	-0.007	-0.128	0.129	0.011	-0.007	0.281	0.000
11	44.072	0.596	18.345	0.000	-0.134	0.340	0.004	-0.004	0.141	1.000
11	44.073	0.461	18.733	0.001	-0.136	0.411	-0.003	-0.001	0.001	2.000
11	44.069	0.327	19.091	-0.007	-0.133	0.314	-0.004	-0.003	-0.039	3.000
11	44.059	0.190	19.402	-0.014	-0.141	0.279	0.001	-0.006	-0.033	4.000
11	44.048	0.046	19.669	-0.007	-0.147	0.261	0.013	-0.005	-0.003	5.000
11	44.050	-0.103	19.934	0.013	-0.151	0.274	0.026	-0.004	0.028	6.000
12	23.702	8.559	10.210	-0.129	0.054	-0.012	0.004	0.008	0.133	0.000
12	23.575	8.617	10.255	-0.126	0.060	0.091	0.001	0.004	0.072	1.000
12	23.449	8.679	10.372	-0.127	0.063	0.133	-0.001	0.000	0.011	2.000
12	23.320	8.740	10.489	-0.129	0.062	0.091	-0.003	-0.001	-0.011	3.000
12	23.188	8.800	10.580	-0.136	0.056	0.097	0.002	0.001	0.021	4.000
12	23.055	8.858	10.693	-0.128	0.062	0.133	0.015	0.011	0.051	5.000
12	22.937	8.928	10.857	-0.106	0.079	0.200	0.028	0.021	0.081	6.000
13	11.868	35.156	-6.821	0.072	-0.078	-0.323	0.045	0.001	0.172	0.000
13	11.959	35.077	-7.077	0.106	-0.082	-0.207	0.023	-0.007	0.060	1.000
13	12.073	34.991	-7.273	0.118	-0.093	-0.203	0.001	-0.015	-0.052	2.000
13	12.182	34.884	-7.563	0.103	-0.115	-0.344	0.000	-0.006	-0.026	3.000
13	12.289	34.772	-7.884	0.107	-0.114	-0.334	0.008	0.004	0.042	4.000
13	12.402	34.662	-8.180	0.122	-0.104	-0.239	0.023	0.018	0.150	5.000
13	12.538	34.569	-8.326	0.152	-0.079	-0.035	0.037	0.032	0.258	6.000
14	16.655	0.256	11.238	-0.219	0.028	0.006	0.021	0.013	0.028	0.000
14	16.445	0.289	11.255	-0.203	0.039	0.026	0.010	0.008	0.013	1.000
14	16.245	0.331	11.285	-0.199	0.043	0.032	-0.002	0.002	-0.002	2.000
14	16.039	0.374	11.308	-0.209	0.041	0.025	-0.001	-0.001	-0.000	3.000
14	15.832	0.415	11.334	-0.208	0.042	0.015	0.004	0.000	-0.002	4.000
14	15.628	0.457	11.351	-0.199	0.042	0.022	0.014	-0.001	0.016	5.000
14	15.438	0.498	11.384	-0.180	0.040	0.047	0.023	-0.003	0.033	6.000
15	25.306	57.319	-42.518	0.000	0.000	0.000	0.000	0.000	0.000	0.000
15	25.504	57.448	-41.784	0.000	0.000	0.000	0.000	0.000	0.000	1.000
15	25.618	57.491	-42.007	0.000	0.000	0.000	0.000	0.000	0.000	2.000
17	32.248	51.469	22.516	-0.046	-0.100	-0.036	0.030	-0.008	0.112	0.000
17	32.214	51.366	22.527	-0.025	-0.107	0.050	0.013	-0.006	0.060	1.000
17	32.192	51.256	22.598	-0.021	-0.111	0.083	-0.004	-0.003	0.007	2.000
17	32.162	51.145	22.664	-0.039	-0.112	0.053	-0.004	-0.005	-0.006	3.000
17	32.125	51.026	22.723	-0.037	-0.122	0.053	0.002	-0.000	-0.006	4.000
17	32.090	50.906	22.774	-0.032	-0.117	0.048	0.009	0.011	-0.003	5.000
17	32.064	50.796	22.820	-0.020	-0.100	0.046	0.016	0.023	-0.000	6.000
18	35.398	55.162	29.168	-0.189	0.094	-0.173	0.080	-0.020	0.332	0.000
18	35.244	55.246	29.123	-0.125	0.074	0.047	0.049	-0.019	0.109	1.000
18	35.138	55.311	29.188	-0.091	0.056	0.046	0.018	-0.017	-0.113	2.000
18	35.051	55.353	29.040	-0.093	0.034	-0.277	-0.012	0.005	-0.002	3.000
18	34.937	55.403	28.928	-0.124	0.060	-0.068	0.001	0.016	0.038	4.000
18	34.820	55.472	28.870	-0.105	0.077	-0.059	0.036	0.017	-0.021	5.000
18	34.739	55.557	28.791	-0.052	0.094	-0.109	0.070	0.018	-0.080	6.000
19	40.119	42.619	-19.300	0.161	0.497	-0.151	0.034	0.012	0.332	0.000
19	40.294	43.122	-19.307	0.185	0.509	0.114	0.015	0.013	0.197	1.000
19	40.484	43.638	-19.117	0.192	0.523	0.243	-0.003	0.014	0.063	2.000
19	40.669	44.172	-18.873	0.170	0.537	0.210	-0.014	0.003	-0.037	3.000
19	40.834	44.702	-18.700	0.166	0.534	0.152	-0.007	0.011	-0.031	4.000
19	40.996	45.244	-18.560	0.156	0.551	0.131	-0.012	0.022	-0.011	5.000
19	41.145	45.807	-18.430	0.142	0.578	0.131	-0.016	0.032	0.009	6.000
20	32.487	26.480	-23.578	0.000	0.000	0.000	0.000	0.000	0.000	0.000
20	32.881	26.838	-23.993	0.000	0.000	0.000	0.000	0.000	0.000	1.000
21	4.692	47.587	13.014	0.292	0.487	0.154	0.058	-0.006	-0.172	0.000
21	5.009	48.072	13.094	0.338	0.483	0.018	0.034	-0.002	-0.099	1.000
21	5.359	48.554	13.075	0.359	0.483	-0.044	0.009	0.003	-0.026	2.000
21	5.712	49.039	13.039	0.349	0.485	-0.035	0.006	0.009	0.021	3.000
21	6.067	49.531	13.022	0.362	0.501	0.010	0.019	0.022	0.069	4.000
21	6.440	50.045	13.075	0.387	0.529	0.103	0.033	0.035	0.116	5.000
22	42.095	1.716	2.327	0.000	0.000	0.000	0.000	0.000	0.000	1.000
22	42.173	1.522	2.308	0.000	0.000	0.000	0.000	0.000	0.000	2.000
22	42.244	1.353	2.563	0.000	0.000	0.000	0.000	0.000	0.000	3.000
23	13.185	14.318	7.776	-0.029	0.070	-0.058	-0.020	0.004	0.021	1.000
23	13.148	14.389	7.726	-0.043	0.073	-0.046	-0.008	0.001	0.002	2.000
23	13.103	14.462	7.679	-0.045	0.072	-0.053	0.004	-0.002	-0.017	3.000
23	13.066	14.534	7.604	-0.035	0.068	-0.096	0.004	-0.005	0.000	4.000
23	13.033	14.599	7.518	-0.032	0.062	-0.067	0.003	-0.007	0.057	5.000
23	13.001	14.657	7.489	-0.030	0.054	0.019	0.002	-0.008	0.114	6.000
24	32.187	8.707	-29.457	0.000	0.000	0.000	0.000	0.000	0.000	1.000
24	32.472	8.423	-29.685	0.000	0.000	0.000	0.000	0.000	0.000	2.000
25	35.325	38.750	-49.666	0.000	0.000	0.000	0.000	0.000	0.000	1.000
25	35.372	38.861	-49.947	0.000	0.000	0.000	0.000	0.000	0.000	2.000
25	35.425	38.855	-49.884	0.000	0.000	0.000	0.000	0.000	0.000	3.000
25	35.530	38.757	-49.589	0.000	0.000	0.000	0.000	0.000	0.000	4.000
26	6.610	51.137	-24.030	0.266	-0.477	0.364	-0.026	-0.061	-0.352	1.000
26	6.865	50.635	-23.806	0.246	-0.522	0.119	-0.014	-0.029	-0.138	2.000
26	7.106	50.104	-23.720	0.238	-0.535	0.088	-0.002	0.003	0.075	3.000
26	7.348	49.583	-23.458	0.259	-0.502	0.340	-0.001	0.010	-0.039	4.000
26	7.600	49.081	-23.188	0.240	-0.505	0.149	-0.037	-0.016	-0.343	5.000
26	7.816	48.564	-23.261	0.185	-0.534	-0.346	-0.073	-0.041	-0.647	6.000
28	13.302	13.251	17.418	0.001	-0.024	0.122	-0.003	0.010	-0.227	1.000
28	13.301	13.231	17.453	-0.002	-0.018	-0.028	-0.004	0.002	-0.074	2.000
28	13.297	13.213	17.414	-0.007	-0.020	-0.025	-0.006	-0.006	0.080	3.000
28	13.284	13.185	17.504	-0.016	-0.027	0.198	-0.000	-0.004	0.063	4.000
28	13.270	13.156	17.703	-0.011	-0.032	0.171	0.011	-0.007	-0.117	5.000
28	13.267	13.120	17.785	0.006	-0.040	-0.037	0.022	-0.009	-0.298	6.000
29	17.993	62.169	12.158	0.000	0.000	0.000	0.000	0.000	0.000	2.000
29	18.547	62.886	12.069	0.000	0.000	0.000	0.000	0.000	0.000	3.000
29	19.168	63.562	12.206	0.000	0.000	0.000	0.000	0.000	0.000	4.000
30	46.043	15.493	3.577	0.000	0.000	0.000	0.000	0.000	0.000	2.000
30	46.099	15.117	3.634	0.000	0.000	0.000	0.000	0.000	0.000	3.000
32	21.995	47.341	24.759	0.000	0.000	0.000	0.000	0.000	0.000	2.000
32	22.063	47.627	24.572	0.000	0.000	0.000	0.000	0.000	0.000	3.000
33	10.233	14.589	-52.258	-0.204	0.173	-0.386	0.019	0.013	0.330	2.000
33	10.037	14.767	-52.507	-0.190	0.182	-0.142	0.008	0.005	0.156	3.000
33	9.849	14.950	-52.600	-0.187	0.183	-0.073	-0.002	-0.003	-0.018	4.000
33	9.659	15.131	-52.711	-0.195	0.176	-0.178	-0.013	-0.011	-0.192	5.000
33	9.456	15.301	-53.014	-0.213	0.162	-0.456	-0.023	-0.019	-0.366	6.000
34	9.351	49.410	15.685	0.382	-0.244	-0.398	0.008	0.040	0.313	0.000
34	9.737	49.182	15.420	0.389	-0.216	-0.156	0.006	0.017	0.172	1.000
34	10.129	48.971	15.327	0.394	-0.210	-0.054	0.003	-0.006	0.031	2.000
34	10.524	48.755	15.265	0.395	-0.230	-0.060	0.004	-0.019	-0.225	3.000
34	10.920	48.510	15.093	0.400	-0.252	-0.457	0.007	-0.025	-0.568	4.000
34	11.325	48.247	14.266	0.409	-0.280	-1.197	0.010	-0.031	-0.911	5.000
35	11.805	46.555	7.501	0.000	0.000	0.000	0.000	0.000	0.000	3.000
35	12.095	46.787	7.514	0.000	0.000	0.000	0.000	0.000	0.000	4.000
36	33.741	27.548	-23.949	0.000	0.000	0.000	0.000	0.000	0.000	3.000
36	34.146	27.917	-23.750	0.000	0.000	0.000	0.000	0.000	0.000	4.000
36	34.520	28.278	-24.081	0.000	0.000	0.000	0.000	0.000	0.000	5.000
36	34.891	28.676	-24.228	0.000	0.000	0.000	0.000	0.000	0.000	6.000
37	25.987	57.615	-40.688	0.000	0.000	0.000	0.000	0.000	0.000	4.000
37	26.147	57.599	-40.614	0.000	0.000	0.000	0.000	0.000	0.000	5.000
37	26.335	57.612	-40.276	0.000	0.000	0.000	0.000	0.000	0.000	6.000
38	5.675	46.545	-23.441	0.000	0.000	0.000	0.000	0.000	0.000	4.000
38	5.967	46.871	-23.072	0.000	0.000	0.000	0.000	0.000	0.000	5.000
38	6.168	47.214	-23.061	0.000	0.000	0.000	0.000	0.000	0.000	6.000
39	33.073	7.811	-29.610	0.000	0.000	0.000	0.000	0.000	0.000	4.000
39	33.403	7.503	-29.767	0.000	0.000	0.000	0.000	0.000	0.000	5.000
39	33.733	7.234	-29.560	0.000	0.000	0.000	0.000	0.000	0.000	6.000
40	25.998	70.321	-8.155	0.000	0.000	0.000	0.000	0.000	0.000	4.000
40	26.391	70.222	-8.390	0.000	0.000	0.000	0.000	0.000	0.000	5.000
41	34.868	14.820	19.986	-0.015	-0.060	0.103	-0.025	-0.021	0.157	1.000
41	34.843	14.751	20.151	-0.032	-0.077	0.210	-0.010	-0.014	0.056	2.000
41	34.809	14.669	20.373	-0.034	-0.087	0.216	0.006	-0.006	-0.044	3.000
41	34.780	14.580	20.550	-0.020	-0.089	0.122	0.022	0.002	-0.144	4.000
41	34.773	14.493	20.583	0.009	-0.084	-0.073	0.037	0.009	-0.245	5.000
42	48.024	52.709	13.071	0.000	0.000	0.000	0.000	0.000	0.000	5.000
42	48.180	52.675	13.312	0.000	0.000	0.000	0.000	0.000	0.000	6.000
43	5.605	35.421	20.646	-0.018	0.318	-0.303	0.021	0.021	0.028	0.000
43	5.598	35.749	20.355	0.005	0.337	-0.281	0.025	0.017	0.015	1.000
43	5.616	36.094	20.079	0.032	0.352	-0.272	0.029	0.012	0.003	2.000
43	5.664	36.451	19.806	0.063	0.362	-0.276	0.033	0.008	-0.010	3.000
43	5.744	36.815	19.523	0.098	0.367	-0.292	0.037	0.003	-0.022	4.000
43	5.861	37.183	19.218	0.137	0.368	-0.321	0.041	-0.002	-0.035	5.000
43	6.019	37.549	18.878	0.180	0.364	-0.362	0.045	-0.006	-0.047	6.000
44	54.587	29.171	-1.114	0.000	0.000	0.000	0.000	0.000	0.000	5.000
44	54.780	28.654	-1.077	0.000	0.000	0.000	0.000	0.000	0.000	6.000
45	34.218	32.059	-36.063	0.000	0.000	0.000	0.000	0.000	0.000	5.000
45	34.483	31.983	-35.657	0.000	0.000	0.000	0.000	0.000	0.000	6.000
46	39.085	22.458	-36.493	0.000	0.000	0.000	0.000	0.000	0.000	5.000
46	39.345	22.277	-36.537	0.000	0.000	0.000	0.000	0.000	0.000	6.000
47	22.247	48.067	23.475	0.000	0.000	0.000	0.000	0.000	0.000	5.000
47	22.373	48.316	23.144	0.000	0.000	0.000	0.000	0.000	0.000	6.000
48	10.813	28.140	-15.887	0.272	-0.352	0.005	0.021	-0.034	-0.197	2.000
48	11.092	27.773	-15.963	0.283	-0.381	-0.139	0.002	-0.024	-0.090	3.000
48	11.373	27.383	-16.129	0.276	-0.399	-0.176	-0.016	-0.013	0.017	4.000
48	11.638	26.979	-16.279	0.251	-0.406	-0.106	-0.035	-0.002	0.124	5.000
48	11.868	26.573	-16.305	0.206	-0.404	0.071	-0.053	0.008	0.231	6.000
-1	45.633	14.085	0.277	25.738	45.814	35.252	-40.449	-45.438	-58.056	0.000
-1	54.784	40.319	11.371	-3.798	9.794	-8.192	-18.624	-26.602	-28.832	0.000
-1	45.312	39.951	-6.366	-11.510	-7.390	-22.412	3.201	-7.765	0.393	0.000
-1	47.997	35.325	-18.224	9.916	-11.917	-16.114	-4.305	2.977	16.593	0.000
-1	39.244	35.151	-8.118	-11.924	17.980	42.847	6.291	2.060	4.822	0.000
-1	47.041	38.649	5.145	4.524	-8.842	-7.850	-6.827	-3.254	-1.487	0.000
-1	36.209	40.116	20.593	0.279	0.551	13.806	5.400	-8.102	-8.926	0.000
-1	44.101	25.936	20.101	-11.036	-11.811	12.197	-12.045	4.486	-9.751	0.000
-1	25.515	20.542	12.676	-3.014	-12.792	-43.335	5.559	12.675	-4.825	0.000
-1	21.576	30.513	-2.630	-19.587	37.283	12.871	3.560	3.975	5.301	0.000
-1	15.015	48.875	-12.642	14.736	1.761	-14.614	15.924	-20.312	8.654	0.000
-1	32.060	38.988	-7.963	16.890	-28.724	-1.425	3.750	-11.516	5.934	0.000
-1	45.947	16.243	3.436	0.000	0.000	0.000	0.000	0.000	0.000	0.000
-1	53.528	31.688	-1.266	0.000	0.000	0.000	0.000	0.000	0.000	0.000
-1	47.196	52.898	12.590	0.000	0.000	0.000	0.000	0.000	0.000	0.000
-1	37.784	23.187	-36.348	0.000	0.000	0.000	0.000	0.000	0.000	0.000
-1	58.109	36.914	-8.279	0.000	0.000	0.000	0.000	0.000	0.000	0.000
-1	21.842	46.824	25.150	0.000	0.000	0.000	0.000	0.000	0.000	0.000
-1	62.746	26.230	-9.591	0.000	0.000	0.000	0.000	0.000	0.000	0.000
-1	20.592	43.821	47.357	0.000	0.000	0.000	0.000	0.000	0.000	0.000
-1	44.755	6.280	3.702	0.000	0.000	0.000	0.000	0.000	0.000	0.000
-1	10.344	28.954	-14.865	0.000	0.000	0.000	0.000	0.000	0.000	0.000
-1	16.932	60.800	12.652	0.000	0.000	0.000	0.000	0.000	0.000	0.000
-1	33.055	32.585	-35.491	0.000	0.000	0.000	0.000	0.000	0.000	0.000
-1	57.668	8.642	-0.095	25.441	-20.479	35.367	-23.915	23.530	-2.926	1.000
-1	47.252	19.053	8.802	-30.778	26.854	-24.402	-15.693	4.239	-17.111	1.000
-1	20.903	28.660	-10.587	-38.556	10.103	-16.679	5.471	-8.370	8.570	1.000
-1	-2.727	25.871	-15.329	8.370	-29.051	12.340	24.228	5.659	8.857	1.000
-1	49.612	14.197	14.060	0.000	0.000	0.000	0.000	0.000	0.000	1.000
-1	69.107	0.823	13.500	0.000	0.000	0.000	0.000	0.000	0.000	1.000
-1	0.058	52.455	-19.830	0.000	0.000	0.000	0.000	0.000	0.000	1.000
-1	5.963	16.400	-13.781	0.000	0.000	0.000	0.000	0.000	0.000	1.000
-1	10.205	28.880	-7.630	9.017	35.587	2.225	6.702	13.964	-1.941	2.000
-1	25.996	53.183	-3.624	22.593	22.752	1.428	0.275	-8.448	-4.903	2.000
-1	46.489	67.190	-6.895	14.979	-8.608	-3.088	-21.322	-15.135	-2.502	2.000
-1	33.634	60.620	-15.278	-31.217	1.706	-13.371	-3.034	-9.125	11.318	2.000
-1	19.826	46.444	-2.531	-8.690	-27.297	28.097	15.682	-7.462	-7.195	2.000
-1	7.130	17.575	-4.034	0.000	0.000	0.000	0.000	0.000	0.000	2.000
-1	25.248	70.397	-8.215	0.000	0.000	0.000	0.000	0.000	0.000	2.000
-1	46.134	57.392	-1.996	0.000	0.000	0.000	0.000	0.000	0.000	2.000
-1	46.880	61.913	-14.610	0.000	0.000	0.000	0.000	0.000	0.000	2.000
-1	0.440	52.998	-18.132	0.000	0.000	0.000	0.000	0.000	0.000	2.000
-1	29.375	19.600	-8.108	36.329	-27.989	-15.468	-1.960	15.195	2.720	3.000
-1	36.082	14.840	-1.880	-20.767	16.942	-3.945	-13.923	12.208	-0.279	3.000
-1	18.984	24.818	-10.233	-21.421	9.269	22.167	14.664	-3.106	24.857	3.000
-1	22.781	31.519	33.150	34.342	-6.683	27.564	15.086	-11.381	-22.978	3.000
-1	53.178	15.129	27.748	23.177	-12.521	-2.039	-24.084	14.742	-2.355	3.000
-1	34.301	14.773	23.154	0.000	0.000	0.000	0.000	0.000	0.000	3.000
-1	49.783	7.832	-37.046	0.000	0.000	0.000	0.000	0.000	0.000	3.000
-1	5.671	36.458	19.695	0.000	0.000	0.000	0.000	0.000	0.000	3.000
-1	20.599	23.179	1.533	0.000	0.000	0.000	0.000	0.000	0.000	3.000
-1	57.886	26.318	65.783	0.000	0.000	0.000	0.000	0.000	0.000	3.000
-1	46.346	28.248	36.617	-33.580	20.581	-17.330	-16.819	-2.143	-16.020	4.000
-1	15.945	29.644	15.421	-30.430	5.503	5.187	17.973	1.045	-2.711	4.000
-1	11.624	37.840	-0.581	25.099	-11.515	-50.087	20.176	-0.032	-2.621	4.000
-1	35.039	39.947	-27.854	22.886	29.493	-2.978	-4.927	7.852	24.249	4.000
-1	51.186	61.899	-19.824	1.832	6.733	24.047	-18.050	-20.823	8.685	4.000
-1	39.697	48.047	-1.987	-16.766	-26.739	6.521	-1.388	0.446	-7.257	4.000
-1	55.396	6.902	0.895	0.000	0.000	0.000	0.000	0.000	0.000	4.000
-1	5.920	56.496	39.061	0.000	0.000	0.000	0.000	0.000	0.000	4.000
-1	7.835	17.629	-4.285	0.000	0.000	0.000	0.000	0.000	0.000	4.000
-1	42.556	46.100	-37.904	0.000	0.000	0.000	0.000	0.000	0.000	4.000
-1	47.293	61.914	-13.775	0.000	0.000	0.000	0.000	0.000	0.000	4.000
-1	46.955	56.856	-1.124	0.000	0.000	0.000	0.000	0.000	0.000	4.000
-1	28.079	44.197	4.097	-10.473	3.865	3.883	15.112	-5.242	-7.734	5.000
-1	38.553	27.802	-0.614	30.676	-12.745	-7.917	4.434	1.570	0.489	5.000
-1	57.181	15.885	-2.338	9.194	-30.039	-1.307	-21.339	13.639	3.614	5.000
-1	21.037	22.882	1.393	0.000	0.000	0.000	0.000	0.000	0.000	5.000
-1	33.705	54.715	5.189	0.000	0.000	0.000	0.000	0.000	0.000	5.000
-1	66.966	-1.593	-9.868	0.000	0.000	0.000	0.000	0.000	0.000	5.000
-1	42.756	21.241	-0.264	-37.887	43.959	10.645	-2.632	3.886	1.938	6.000
-1	26.043	27.922	7.280	-0.942	-14.027	-0.000	16.880	-1.358	-9.259	6.000
-1	32.684	38.058	-1.439	24.114	1.928	-12.601	6.585	-6.141	2.113	6.000
-1	48.006	32.011	-3.752	-0.201	18.984	1.251	-5.274	1.897	1.856	6.000
-1	54.224	40.525	-3.491	10.291	-26.255	5.622	-4.533	-15.666	-5.972	6.000
-1	54.520	18.064	-13.126	-2.423	-4.475	-24.711	-2.235	9.265	3.106	6.000
-1	57.246	11.028	-19.725	-3.076	-10.467	5.744	-10.452	16.939	14.675	6.000
-1	40.809	30.518	-8.297	-15.169	36.735	26.025	4.132	-6.598	8.273	6.000
-1	34.325	35.678	16.594	-10.796	-5.595	14.153	7.429	-13.960	-10.485	6.000
-1	35.003	25.057	28.383	20.282	-36.535	9.650	3.792	1.091	-23.196	6.000
-1	44.594	10.396	3.135	-4.788	21.419	-45.909	-14.455	22.066	10.309	6.000
-1	33.269	36.226	-24.260	-17.172	23.619	4.478	-10.314	-17.668	90.464	6.000
-1	11.630	44.388	38.809	-25.415	-13.916	135.019	-6.173	-57.402	170.619	6.000
-1	46.270	13.998	3.788	0.000	0.000	0.000	0.000	0.000	0.000	6.000
-1	11.229	57.618	5.875	0.000	0.000	0.000	0.000	0.000	0.000	6.000
-1	42.449	0.895	3.387	0.000	0.000	0.000	0.000	0.000	0.000	6.000
-1	47.703	61.906	-13.075	0.000	0.000	0.000	0.000	0.000	0.000	6.000
-1	48.693	25.164	3.396	0.000	0.000	0.000	0.000	0.000	0.000	6.000
-1	63.587	23.958	-9.061	0.000	0.000	0.000	0.000	0.000	0.000	6.000
-1	46.023	12.370	-31.961	0.000	0.000	0.000	0.000	0.000	0.000	6.000
-1	55.418	13.248	0.602	0.000	0.000	0.000	0.000	0.000	0.000	6.000
-1	20.249	65.094	11.775	0.000	0.000	0.000	0.000	0.000	0.000	6.000
-1	39.428	4.928	28.527	0.000	0.000	0.000	0.000	0.000	0.000	6.000
-1	47.649	12.951	21.604	0.000	0.000	0.000	0.000	0.000	0.000	6.000
-1	31.232	34.522	-36.572	0.000	0.000	0.000	0.000	0.000	0.000	6.000
-1	12.139	44.814	41.887	0.000	0.000	0.000	0.000	0.000	0.000	6.000
