121.84	853.01	2	3	4	0
131.78	390.64	4	4	10	0
177.13	167.16	2	2	3	0
177.91	464.54	3	2	6	0
181.10	833.92	3	3	6	0
208.90	516.99	3	3	9	0
212.18	350.11	3	3	7	0
223.02	765.50	3	2	6	0
240.51	466.20	5	4	15	0
244.08	721.41	3	4	12	0
252.78	619.26	3	2	5	0
254.38	951.62	5	6	23	0
266.16	139.16	3	3	8	0
279.06	822.33	3	3	7	0
289.59	214.53	2	2	4	0
291.61	668.04	4	5	15	0
316.00	376.67	3	3	7	0
319.58	155.92	7	7	39	0
325.41	548.28	2	2	3	0
338.17	315.06	3	3	8	0
348.13	545.81	3	3	8	0
354.92	476.77	3	2	4	0
419.45	223.48	2	2	4	0
441.02	420.31	3	3	7	0
440.18	1130.10	2	3	4	0
444.41	557.70	6	6	31	0
488.94	369.22	3	4	11	0
489.64	337.17	2	3	5	0
519.04	194.86	3	4	10	0
531.93	858.98	3	3	9	0
560.56	338.48	2	2	4	0
611.52	193.42	4	4	12	0
614.46	809.35	2	2	4	0
617.18	171.61	5	5	19	0
617.50	609.50	2	4	8	0
629.04	477.10	3	3	5	0
665.97	1001.01	3	3	5	0
673.92	167.74	5	5	22	0
694.97	575.56	5	5	19	0
699.76	308.32	2	2	3	0
700.33	930.43	4	4	14	0
709.84	291.11	7	8	48	0
715.30	782.43	3	4	10	0
724.66	686.59	4	4	13	0
741.00	851.04	3	3	5	0
741.91	690.82	3	3	6	0
744.74	407.25	4	5	14	0
752.33	732.55	4	4	13	0
753.37	524.72	2	2	3	0
763.14	424.41	3	4	9	0
780.01	556.52	3	4	10	0
787.27	734.77	5	4	16	0
800.94	431.14	3	3	8	0
814.03	535.98	3	3	9	0
814.33	871.30	2	2	3	0
819.10	445.85	2	2	3	0
819.56	561.72	2	2	3	0
855.06	543.82	3	2	4	0
858.01	758.75	3	4	10	0
873.64	595.40	4	4	10	0
872.26	774.81	2	2	3	0
874.51	719.53	2	2	4	0
880.86	469.83	6	5	24	0
884.72	732.98	3	3	7	0
893.05	747.99	3	3	9	0
900.40	1071.90	4	5	13	0
910.50	945.52	2	2	4	0
912.78	794.43	4	4	14	0
916.97	453.24	5	4	13	0
923.89	800.87	3	3	8	0
950.77	532.84	4	6	18	0
950.75	572.21	2	2	3	0
951.30	905.98	3	3	7	0
961.88	265.33	3	3	7	0
971.30	655.43	4	4	9	0
976.53	663.80	2	3	5	0
977.00	987.43	3	2	6	0
983.90	1025.49	3	4	8	0
984.48	1059.54	2	2	4	0
121.98	852.98	3	3	5	1
123.63	892.66	2	2	3	1
132.67	396.84	4	3	9	1
169.53	471.01	2	3	6	1
177.14	167.15	2	2	3	1
181.02	833.85	3	3	7	1
192.16	102.19	3	3	6	1
204.26	1054.18	2	2	3	1
209.18	523.04	3	3	9	1
212.92	355.83	3	3	8	1
239.67	468.95	5	3	11	1
243.17	719.82	4	4	11	1
253.58	624.85	2	3	5	1
256.07	947.44	6	4	18	1
267.55	143.33	4	4	12	1
279.40	824.49	2	2	4	1
293.03	667.52	4	4	13	1
301.85	286.32	3	3	6	1
319.74	154.14	7	6	34	1
318.77	380.97	3	3	7	1
318.53	590.51	2	2	4	1
332.33	318.98	3	3	7	1
345.02	545.93	3	3	9	1
358.20	472.58	3	2	5	1
378.28	814.67	2	2	3	1
417.07	225.83	3	2	4	1
443.96	558.85	7	6	26	1
444.31	422.98	3	3	7	1
443.61	1131.58	2	2	4	1
476.45	777.55	2	2	2	1
485.46	336.49	2	2	4	1
489.92	369.88	4	4	11	1
520.23	193.48	4	4	14	1
537.51	861.46	2	2	4	1
564.83	340.82	3	3	8	1
611.83	193.02	3	3	9	1
620.74	611.45	4	4	10	1
621.39	173.40	4	4	15	1
630.30	479.68	2	2	3	1
662.62	1000.58	2	2	4	1
670.33	167.16	5	5	21	1
700.68	578.91	6	5	23	1
704.36	929.61	4	4	13	1
707.91	288.66	9	8	50	1
720.15	783.04	4	3	10	1
727.13	689.75	5	5	21	1
728.40	872.27	2	2	3	1
743.90	406.60	4	4	13	1
743.03	690.73	3	3	5	1
745.29	850.43	2	2	4	1
753.70	733.40	4	4	11	1
763.16	424.36	3	4	9	1
782.93	559.31	3	4	11	1
787.13	734.62	5	4	16	1
800.02	166.00	3	3	5	1
803.17	434.88	3	3	8	1
813.46	534.49	4	4	12	1
816.49	874.45	2	2	4	1
826.32	889.29	2	2	3	1
835.44	776.11	2	3	6	1
836.21	769.27	2	2	3	1
860.35	759.15	4	3	9	1
860.66	540.30	2	2	3	1
879.95	595.04	3	3	9	1
879.50	715.48	2	2	4	1
887.14	473.32	5	6	22	1
886.98	734.06	3	3	9	1
894.03	748.38	3	4	11	1
904.31	1073.36	4	4	12	1
911.58	947.69	2	2	3	1
914.70	795.15	4	5	14	1
916.55	450.73	4	4	14	1
926.15	801.18	3	3	8	1
937.82	100.91	3	3	8	1
951.02	531.25	4	6	18	1
952.39	572.31	2	2	4	1
953.84	907.07	3	3	8	1
960.98	262.01	3	3	7	1
981.53	988.54	2	2	4	1
983.42	662.60	2	2	4	1
986.47	1024.99	2	3	6	1
992.83	786.99	2	3	4	1
121.98	852.99	3	3	5	2
133.65	402.93	4	3	9	2
161.43	477.52	2	2	4	2
177.13	167.16	2	2	3	2
181.02	833.86	3	3	7	2
181.54	757.44	2	2	4	2
191.49	107.02	2	3	6	2
209.97	529.48	3	4	8	2
214.26	361.53	2	2	4	2
229.56	776.44	2	2	4	2
238.37	471.20	4	5	13	2
242.42	718.60	4	4	13	2
257.97	942.75	5	5	20	2
269.27	147.41	4	4	13	2
279.94	826.81	3	3	8	2
280.38	221.30	2	2	3	2
294.32	667.33	4	4	13	2
308.40	289.72	2	3	5	2
319.80	151.98	7	7	38	2
321.78	385.73	3	3	6	2
326.51	323.06	4	3	8	2
341.80	546.19	3	3	8	2
360.58	469.30	2	4	7	2
377.50	814.53	2	2	4	2
444.03	559.59	7	6	28	2
447.03	1133.26	3	2	4	2
447.91	425.80	3	3	6	2
480.89	336.58	3	2	5	2
490.92	370.87	4	4	11	2
516.16	564.65	3	2	5	2
521.52	192.02	4	3	12	2
543.82	863.86	3	3	8	2
569.02	342.69	3	3	7	2
582.24	457.27	2	2	3	2
596.53	986.49	2	2	4	2
612.00	192.91	3	3	9	2
621.99	615.82	3	3	7	2
625.93	175.37	5	5	17	2
631.83	482.01	3	3	7	2
659.48	668.48	2	2	4	2
659.52	999.65	2	2	4	2
666.94	166.76	5	5	20	2
705.66	286.48	8	8	50	2
705.82	582.65	5	5	20	2
708.44	928.89	4	4	13	2
724.38	783.82	4	3	9	2
729.43	692.99	4	5	18	2
732.41	874.28	2	2	3	2
743.14	405.91	5	5	15	2
744.06	690.72	3	2	4	2
749.53	849.77	2	3	5	2
755.22	734.53	3	4	11	2
763.23	424.35	3	3	7	2
786.45	562.68	4	4	14	2
786.70	734.54	5	4	14	2
789.32	378.77	2	2	3	2
799.81	169.19	2	2	3	2
805.58	438.51	2	2	4	2
812.83	533.18	4	4	11	2
829.28	568.69	2	2	3	2
862.56	759.59	4	4	11	2
866.01	536.26	3	3	7	2
876.95	776.01	3	3	5	2
886.29	594.49	3	2	5	2
885.23	713.05	2	3	4	2
888.91	735.66	3	4	9	2
893.38	476.89	6	5	24	2
894.94	748.95	3	3	9	2
908.55	1074.46	4	4	14	2
916.04	448.51	5	4	15	2
916.72	795.67	4	4	15	2
928.66	801.94	3	3	7	2
940.55	103.34	2	2	4	2
951.35	529.94	4	5	18	2
953.90	572.19	3	3	6	2
956.27	908.00	3	3	7	2
959.93	258.75	3	3	7	2
989.09	1024.31	3	4	9	2
990.00	661.72	3	3	7	2
91.60	594.09	4	3	11	3
121.98	852.99	3	3	5	3
134.17	409.78	3	3	8	3
152.87	484.10	3	3	6	3
177.13	167.16	2	2	3	3
181.03	834.00	3	3	5	3
181.49	760.43	2	2	4	3
190.98	112.01	3	3	5	3
210.53	535.91	4	3	9	3
209.76	1057.89	2	2	3	3
215.11	367.01	3	3	8	3
237.97	473.99	5	5	19	3
241.58	717.40	4	4	13	3
255.39	636.52	2	2	4	3
260.25	937.99	6	5	18	3
270.98	152.01	3	3	9	3
275.94	791.29	3	2	4	3
280.10	829.00	3	3	8	3
295.53	667.24	4	4	14	3
304.53	556.52	2	2	4	3
313.76	292.78	3	3	6	3
319.81	150.07	7	7	40	3
320.53	327.48	2	2	4	3
324.28	390.06	3	3	7	3
338.61	546.89	4	3	9	3
363.47	466.75	4	3	8	3
376.97	814.35	3	3	7	3
444.39	560.95	6	7	29	3
450.96	428.55	3	2	6	3
450.87	1135.11	3	3	6	3
468.59	776.18	2	3	5	3
476.77	336.78	3	3	6	3
492.08	371.79	5	4	13	3
522.66	190.65	4	4	13	3
543.46	138.49	2	2	4	3
549.31	866.54	3	2	5	3
562.25	757.22	2	2	3	3
573.48	346.37	2	2	4	3
574.46	587.43	2	2	4	3
612.36	192.85	4	3	11	3
623.10	616.94	4	3	10	3
630.48	177.52	4	4	16	3
633.45	484.42	2	2	4	3
663.64	166.12	4	5	19	3
669.84	481.52	2	2	3	3
703.63	284.04	8	9	51	3
711.20	586.01	5	5	20	3
712.38	928.24	4	4	13	3
728.92	784.50	3	3	7	3
732.22	695.97	5	5	20	3
742.13	405.50	5	4	15	3
745.12	690.89	3	3	5	3
753.91	848.99	3	3	5	3
756.73	735.55	3	4	10	3
760.93	533.42	3	2	6	3
763.92	424.48	3	4	8	3
786.47	734.74	6	5	16	3
789.30	565.77	3	3	7	3
793.36	379.49	2	2	4	3
799.36	171.90	2	3	6	3
808.05	442.25	3	3	7	3
812.14	532.05	4	3	10	3
832.70	890.34	2	2	3	3
840.71	780.32	2	2	3	3
841.24	772.22	2	2	3	3
858.56	690.56	2	2	2	3
865.03	760.28	3	4	10	3
872.00	532.79	3	3	7	3
879.29	776.67	2	2	3	3
891.07	736.78	3	3	7	3
892.90	594.08	3	3	9	3
895.87	749.58	3	4	11	3
899.77	480.19	5	5	22	3
912.87	1075.98	5	5	16	3
915.73	446.08	4	4	11	3
918.69	796.55	4	4	14	3
931.11	802.11	3	3	8	3
943.59	105.48	2	2	4	3
951.67	528.50	4	6	18	3
955.63	572.51	2	2	4	3
959.00	255.58	3	2	6	3
958.71	909.15	2	3	5	3
991.17	1023.90	3	3	8	3
121.99	853.00	3	3	5	4
135.19	415.85	3	3	8	4
144.37	490.60	2	2	4	4
177.13	167.16	2	2	3	4
181.02	833.85	3	3	7	4
190.09	116.51	3	2	6	4
211.06	541.92	3	3	9	4
213.21	1059.78	2	2	3	4
216.09	373.04	3	3	8	4
237.34	476.24	6	6	25	4
240.58	716.15	4	4	14	4
256.13	641.85	3	2	4	4
261.54	933.36	4	4	12	4
269.28	789.70	2	2	3	4
272.64	156.06	4	3	11	4
280.78	831.18	3	3	6	4
296.94	666.69	4	4	12	4
314.32	331.91	3	3	7	4
320.14	148.27	7	6	34	4
327.30	394.61	2	2	4	4
335.28	547.27	3	3	6	4
376.57	813.85	2	3	5	4
428.81	514.30	2	2	3	4
444.63	562.34	6	6	29	4
454.37	431.20	2	2	3	4
454.59	1136.57	2	2	4	4
472.01	336.94	3	3	5	4
493.13	372.74	4	4	12	4
523.95	189.34	5	4	13	4
555.13	869.06	3	3	8	4
562.17	758.74	2	2	3	4
577.96	348.44	3	2	6	4
592.78	531.74	2	2	3	4
612.92	192.50	3	4	12	4
623.70	620.61	2	2	3	4
635.20	179.46	5	4	18	4
635.33	486.59	2	2	4	4
653.16	998.83	3	3	6	4
660.46	165.37	5	6	20	4
681.20	1065.55	2	2	3	4
701.62	281.63	8	8	50	4
714.73	423.68	2	2	3	4
716.85	589.35	5	5	20	4
716.41	927.33	4	4	13	4
733.31	785.12	4	3	9	4
734.92	698.87	5	5	18	4
741.31	404.80	4	4	14	4
746.33	690.62	2	2	4	4
758.46	736.23	4	5	14	4
757.96	848.21	3	3	7	4
764.00	424.46	3	4	8	4
763.37	536.25	2	3	5	4
786.29	734.58	5	4	13	4
792.58	569.89	4	4	10	4
796.60	379.54	2	2	4	4
798.74	174.94	2	3	4	4
810.33	445.57	3	2	5	4
811.51	530.54	4	4	12	4
822.59	883.51	2	2	4	4
838.51	575.42	2	2	4	4
843.44	781.44	2	2	4	4
867.36	760.67	4	4	11	4
876.99	529.03	3	3	7	4
881.79	776.77	2	2	3	4
893.04	738.07	3	3	5	4
896.36	706.47	3	2	5	4
896.80	749.98	4	3	10	4
899.07	593.65	3	3	7	4
906.00	483.56	5	6	25	4
907.49	984.50	2	2	4	4
915.20	443.54	4	4	14	4
916.50	1077.47	4	4	14	4
917.34	953.28	2	2	3	4
920.73	797.25	4	4	13	4
933.60	802.43	2	4	6	4
946.57	107.53	2	2	4	4
952.00	526.64	3	6	15	4
957.93	252.55	3	2	6	4
957.24	572.39	2	2	3	4
961.01	909.90	3	3	5	4
121.98	852.99	3	3	5	5
136.01	103.43	5	4	16	5
135.14	497.37	3	2	6	5
136.18	422.24	3	3	8	5
141.44	134.54	2	2	4	5
177.14	167.15	2	2	3	5
181.10	833.93	3	3	6	5
181.48	766.98	2	3	6	5
189.84	121.47	3	2	6	5
211.76	548.07	4	3	10	5
216.90	378.08	3	3	8	5
237.11	478.63	5	6	20	5
239.65	714.73	4	4	13	5
246.72	173.74	2	2	3	5
256.96	648.10	3	3	5	5
264.01	928.69	6	4	19	5
263.69	736.83	2	3	5	5
264.56	232.10	2	3	5	5
274.12	160.16	3	3	9	5
281.07	833.49	3	4	8	5
298.56	666.40	4	4	12	5
308.13	336.14	3	3	8	5
320.48	146.48	6	6	32	5
325.59	298.71	2	2	3	5
330.03	399.45	3	2	6	5
332.19	548.21	3	3	8	5
368.60	459.46	4	4	11	5
376.40	813.56	2	2	4	5
444.69	563.66	6	6	29	5
457.95	433.97	3	3	5	5
467.27	337.97	3	3	7	5
494.37	373.76	4	4	14	5
525.20	188.18	4	4	12	5
561.35	871.26	2	2	3	5
582.71	351.02	3	3	7	5
613.51	192.43	4	4	12	5
626.05	623.95	5	5	11	5
636.73	489.16	3	3	6	5
640.07	181.65	5	5	18	5
649.67	998.42	2	2	4	5
657.50	164.59	4	6	20	5
686.81	698.57	2	2	3	5
699.67	279.44	8	8	51	5
697.60	328.30	2	2	3	5
716.98	423.83	3	2	4	5
720.38	926.48	4	4	14	5
722.02	593.00	5	5	21	5
737.93	702.51	5	5	16	5
737.79	785.92	3	3	8	5
740.46	404.30	4	4	14	5
747.53	690.79	2	3	5	5
760.01	736.85	3	6	12	5
761.74	847.43	2	2	4	5
764.19	424.37	3	4	9	5
766.68	538.70	4	4	13	5
784.46	734.58	7	4	21	5
791.99	1142.69	3	2	4	5
795.49	573.01	4	5	16	5
796.69	869.69	2	2	3	5
797.95	178.00	3	3	5	5
800.26	380.30	2	2	3	5
810.95	529.19	3	4	10	5
813.41	449.02	4	3	8	5
839.51	891.06	2	3	6	5
843.34	578.28	2	2	3	5
853.65	897.68	2	2	3	5
869.97	761.08	3	3	9	5
882.92	525.58	3	2	6	5
895.30	739.49	2	2	4	5
897.83	750.29	4	4	11	5
905.53	593.14	2	3	6	5
912.20	486.83	5	5	22	5
914.79	441.30	4	4	13	5
920.48	1079.04	4	5	14	5
922.91	797.59	5	4	15	5
936.10	803.39	3	4	9	5
950.06	109.82	3	3	6	5
952.36	525.05	4	5	17	5
955.04	546.11	3	2	4	5
956.91	249.19	3	3	8	5
959.19	572.73	2	2	3	5
964.00	910.69	3	3	7	5
121.98	853.00	3	3	5	6
126.30	503.81	2	2	3	6
137.00	108.96	5	5	13	6
136.72	428.93	4	3	9	6
177.13	167.16	2	2	3	6
181.11	833.92	3	3	6	6
181.87	769.32	3	4	9	6
189.38	126.37	2	2	4	6
212.15	554.42	3	4	8	6
218.31	384.14	3	3	7	6
236.91	480.97	5	5	19	6
238.69	713.52	4	4	13	6
237.73	940.94	2	3	4	6
254.46	786.49	2	2	4	6
258.04	654.04	3	3	5	6
259.71	235.32	2	2	3	6
266.11	924.11	5	5	20	6
275.89	164.52	4	4	11	6
281.71	835.79	3	3	6	6
299.87	666.19	4	4	11	6
302.03	340.95	3	3	9	6
320.96	144.59	7	8	37	6
328.96	549.12	3	3	8	6
332.09	301.21	3	3	8	6
333.09	404.07	3	3	6	6
370.49	457.04	2	3	6	6
375.70	812.70	2	2	3	6
444.74	565.28	6	6	28	6
460.97	436.90	3	3	8	6
462.72	339.04	3	3	7	6
462.47	1140.37	2	2	4	6
495.58	374.89	4	4	13	6
526.35	186.82	4	4	13	6
567.34	873.76	3	3	6	6
587.25	353.61	3	2	5	6
611.32	988.35	2	2	3	6
614.26	192.61	4	4	12	6
626.65	626.54	5	4	12	6
638.45	491.54	2	2	4	6
645.11	183.84	5	5	19	6
646.81	998.01	3	3	7	6
654.57	163.62	4	6	19	6
659.84	484.20	2	2	3	6
671.53	676.44	2	2	4	6
686.81	699.59	2	2	3	6
697.61	276.84	8	8	49	6
697.40	332.46	2	2	4	6
718.46	424.54	2	2	4	6
724.45	926.01	4	5	16	6
727.57	596.43	6	6	23	6
739.64	403.88	4	4	14	6
739.52	705.15	4	5	17	6
742.20	786.76	4	4	11	6
748.55	690.90	2	3	6	6
761.50	738.33	2	4	7	6
764.86	424.64	3	3	7	6
765.91	846.78	3	3	6	6
786.10	734.39	5	4	18	6
797.61	181.34	2	2	4	6
798.89	576.93	3	3	6	6
804.02	380.94	3	3	5	6
810.19	527.99	4	3	10	6
816.41	452.42	2	2	4	6
842.71	891.37	2	2	3	6
872.65	761.73	3	3	6	6
888.39	522.01	3	3	7	6
897.40	740.88	4	3	8	6
898.79	750.90	4	3	10	6
902.20	659.80	2	2	3	6
912.44	592.86	2	3	6	6
914.42	438.80	4	4	14	6
918.50	489.96	6	5	24	6
924.78	798.44	4	4	14	6
925.04	1080.53	3	4	10	6
938.65	803.85	4	3	9	6
952.56	523.39	4	6	19	6
952.99	112.32	3	3	7	6
955.97	246.30	3	3	7	6
960.62	572.65	2	2	4	6
966.21	911.78	3	3	8	6
117.31	510.43	2	2	4	7
121.86	853.13	3	3	6	7
137.97	114.33	5	5	17	7
137.68	435.12	4	3	9	7
177.03	167.15	3	2	4	7
176.64	640.29	2	2	3	7
181.11	833.91	3	3	6	7
181.69	772.71	2	2	3	7
188.23	131.17	3	3	6	7
212.68	560.76	4	4	10	7
219.23	389.78	3	3	8	7
222.66	1065.33	2	2	3	7
236.16	483.20	5	5	19	7
237.96	711.98	3	4	10	7
253.56	239.48	2	2	4	7
258.99	659.81	3	2	4	7
267.83	919.67	5	6	20	7
277.94	168.90	3	3	9	7
282.18	838.08	3	3	6	7
295.94	345.69	3	3	7	7
301.38	665.82	4	4	14	7
321.48	142.59	6	7	33	7
325.94	550.39	3	4	9	7
335.89	408.52	3	2	6	7
337.72	304.00	3	3	7	7
373.12	453.03	4	3	10	7
375.51	812.51	2	2	4	7
444.75	566.31	6	6	28	7
451.50	775.46	2	2	4	7
457.93	340.50	3	2	6	7
464.25	439.28	2	2	3	7
496.73	375.86	4	4	11	7
527.53	185.38	4	4	12	7
573.15	875.76	3	3	7	7
592.43	356.51	2	2	4	7
615.01	192.42	3	4	11	7
627.67	628.79	4	3	10	7
640.42	493.91	2	3	6	7
643.89	997.25	3	2	4	7
650.12	185.95	5	5	21	7
651.76	162.55	5	6	21	7
686.17	701.74	3	4	5	7
695.64	274.59	8	8	50	7
728.57	924.97	4	4	13	7
732.85	599.90	5	5	19	7
739.02	403.42	5	4	14	7
742.50	708.12	4	5	15	7
746.34	787.30	4	4	10	7
749.58	690.83	2	3	6	7
763.38	739.30	2	3	5	7
765.31	424.23	4	3	9	7
784.38	734.39	4	3	9	7
789.76	733.89	2	3	5	7
796.98	183.93	3	3	5	7
801.61	579.60	2	4	6	7
807.97	381.03	3	3	5	7
809.65	526.54	3	4	10	7
818.58	455.60	2	2	4	7
829.58	893.17	2	3	5	7
852.68	585.55	2	2	3	7
875.08	762.10	3	4	10	7
894.49	518.47	2	2	4	7
899.36	741.92	4	3	9	7
900.04	751.02	3	3	9	7
913.84	436.38	4	4	14	7
914.35	697.72	2	2	3	7
918.60	592.07	2	3	6	7
921.65	960.27	2	2	3	7
924.73	493.05	5	5	22	7
926.84	799.05	4	5	14	7
930.09	1081.62	3	4	11	7
941.23	804.00	4	3	9	7
952.96	521.90	3	5	15	7
955.02	243.27	3	3	7	7
955.91	114.32	3	2	5	7
962.45	572.54	2	2	4	7
969.01	912.43	3	4	8	7
107.97	517.00	3	3	9	8
121.98	853.00	3	3	5	8
138.88	119.66	5	4	15	8
138.85	441.80	3	3	8	8
177.14	167.15	2	2	3	8
181.02	833.84	3	3	7	8
187.79	136.12	3	3	6	8
213.24	566.98	3	3	7	8
220.40	395.45	2	2	4	8
235.44	486.18	4	6	20	8
236.70	710.54	4	4	14	8
247.50	242.42	2	2	4	8
259.70	665.66	3	2	5	8
262.88	736.57	3	4	7	8
268.29	571.71	2	2	3	8
270.04	915.39	5	5	21	8
279.65	173.09	4	3	11	8
282.94	840.25	3	3	7	8
289.07	350.50	3	2	6	8
302.74	665.62	4	4	13	8
321.89	140.93	7	7	35	8
322.71	551.78	3	3	8	8
338.39	412.89	4	3	9	8
343.94	306.79	3	3	7	8
367.71	1125.30	2	2	3	8
376.54	451.02	2	3	6	8
444.98	567.04	6	7	29	8
452.82	342.15	3	3	8	8
467.84	442.13	3	3	6	8
470.37	1143.31	2	2	3	8
498.14	377.32	4	4	13	8
528.73	184.10	4	4	12	8
579.24	877.87	3	3	6	8
597.55	359.16	2	3	5	8
615.84	192.54	3	4	10	8
629.52	632.04	2	3	6	8
640.55	996.59	2	2	4	8
642.15	496.31	3	2	5	8
649.16	161.45	5	6	22	8
655.36	188.12	5	5	17	8
686.91	702.74	3	3	5	8
693.71	272.32	8	8	53	8
697.15	340.29	2	2	3	8
699.06	142.21	3	2	4	8
732.64	924.31	4	4	14	8
738.29	603.49	6	6	24	8
738.41	402.88	4	4	13	8
744.37	710.87	4	5	15	8
750.86	690.91	2	3	4	8
750.88	788.12	3	3	9	8
765.09	740.27	3	4	9	8
765.98	424.30	3	3	7	8
774.26	845.37	3	2	5	8
784.10	734.15	5	3	12	8
796.38	187.12	2	3	5	8
804.79	582.08	4	3	10	8
808.97	525.10	3	3	9	8
821.66	459.00	3	3	7	8
831.48	896.45	2	2	4	8
849.23	892.04	2	3	4	8
857.07	588.52	3	2	6	8
877.80	762.48	3	4	10	8
899.71	514.97	2	3	4	8
901.37	743.15	4	3	9	8
901.03	751.61	3	4	10	8
902.21	659.19	2	2	3	8
913.41	434.02	4	3	12	8
919.74	694.39	2	2	3	8
923.65	962.01	3	3	7	8
925.18	591.81	3	3	8	8
928.85	799.56	4	4	14	8
930.85	496.13	5	5	22	8
933.64	1083.35	4	4	13	8
943.93	804.06	3	3	9	8
953.07	520.12	3	5	15	8
953.97	240.10	3	3	8	8
959.49	116.45	2	2	4	8
964.05	572.55	3	2	6	8
964.65	693.76	2	3	5	8
971.31	913.27	3	2	5	8
80.71	555.70	2	2	3	9
98.07	523.67	3	3	7	9
121.84	852.99	2	3	4	9
140.03	125.36	5	4	16	9
139.13	448.22	3	3	8	9
181.03	833.84	3	3	7	9
181.75	778.58	3	2	5	9
187.09	140.90	3	3	6	9
213.54	573.55	4	4	11	9
221.56	401.02	2	3	6	9
229.04	1069.42	3	2	6	9
232.66	779.71	2	2	3	9
235.16	488.56	5	5	20	9
235.80	709.21	5	5	15	9
251.88	815.16	3	3	6	9
261.01	574.68	3	2	4	9
262.74	736.21	3	3	7	9
271.94	910.90	5	5	16	9
281.56	177.27	4	3	10	9
282.95	355.75	3	4	10	9
283.03	842.51	3	4	8	9
304.34	665.27	4	4	14	9
319.52	553.08	4	3	9	9
322.56	139.46	6	6	33	9
334.77	416.84	2	2	3	9
341.65	417.84	2	3	5	9
350.06	309.74	3	3	7	9
444.94	568.06	6	7	30	9
443.18	774.86	3	3	6	9
448.04	344.08	3	3	8	9
471.04	444.98	3	3	5	9
474.69	1144.76	2	2	3	9
499.48	378.58	4	4	15	9
529.90	182.88	4	4	11	9
585.46	880.22	4	3	10	9
602.66	362.31	2	2	3	9
616.84	192.78	4	4	11	9
631.34	635.45	3	4	9	9
644.40	498.65	2	2	4	9
646.67	160.29	5	6	20	9
660.60	190.55	5	4	17	9
680.66	682.39	2	2	3	9
691.65	269.96	8	9	52	9
696.59	344.34	2	2	4	9
699.35	143.77	2	2	3	9
736.69	923.50	4	4	14	9
737.66	402.56	4	4	13	9
743.75	606.99	5	5	23	9
746.66	713.96	5	3	11	9
752.12	690.90	3	3	5	9
754.97	789.01	3	3	9	9
766.48	424.34	4	3	8	9
766.91	741.25	3	3	7	9
778.54	844.80	2	3	5	9
783.79	733.96	5	4	13	9
796.04	189.83	3	3	6	9
808.23	523.91	4	3	10	9
808.35	584.84	4	3	11	9
815.64	381.76	2	2	3	9
819.10	445.86	2	2	3	9
824.30	462.17	4	3	9	9
856.68	788.26	2	2	3	9
864.47	1168.49	2	2	4	9
880.63	762.93	3	3	7	9
895.23	779.31	2	2	3	9
902.08	751.97	3	3	9	9
902.22	659.14	2	2	3	9
903.63	744.45	3	2	5	9
905.08	511.18	3	3	8	9
912.99	431.59	3	4	12	9
924.97	964.56	3	2	6	9
931.17	800.40	4	4	14	9
931.54	591.12	2	3	6	9
936.94	499.15	5	5	22	9
938.21	1084.77	5	5	15	9
946.53	804.53	2	4	6	9
953.14	237.16	3	3	8	9
953.34	518.52	4	6	18	9
962.97	118.97	3	3	7	9
965.80	572.80	3	3	6	9
974.10	914.12	3	3	6	9
88.49	529.70	2	2	4	10
91.23	1055.41	3	2	5	10
121.99	852.98	3	3	5	10
140.98	130.58	5	4	16	10
139.96	454.53	3	2	6	10
172.50	532.42	2	2	4	10
177.02	167.14	3	2	4	10
181.02	833.85	3	3	7	10
182.32	781.35	2	2	3	10
186.49	145.56	2	2	4	10
213.99	579.72	3	4	9	10
222.33	406.84	4	3	9	10
225.50	777.57	2	2	4	10
234.37	490.65	6	6	25	10
234.63	707.53	4	4	15	10
252.03	100.86	3	3	9	10
253.97	577.77	3	3	7	10
255.51	820.46	2	2	4	10
262.55	736.00	2	3	6	10
274.45	905.81	5	5	19	10
276.04	360.68	3	3	7	10
283.36	181.61	4	4	13	10
283.67	619.69	2	2	3	10
283.87	844.88	3	3	8	10
305.93	664.85	5	4	12	10
316.08	554.71	3	4	9	10
323.33	137.55	6	7	35	10
331.57	420.96	3	3	7	10
339.56	691.45	2	2	4	10
356.01	312.48	3	2	6	10
372.81	586.29	2	2	3	10
382.03	443.50	3	4	10	10
395.53	673.46	2	2	4	10
438.40	773.74	2	2	3	10
443.09	346.16	3	3	6	10
445.03	569.40	7	7	30	10
474.31	447.48	2	2	4	10
478.59	1146.53	2	2	4	10
500.67	379.88	4	5	17	10
531.17	181.57	4	4	14	10
591.14	882.46	3	4	8	10
607.30	364.57	3	2	5	10
618.05	192.85	3	3	9	10
626.26	991.35	2	2	3	10
632.49	637.07	4	3	11	10
634.49	995.59	2	2	4	10
644.19	158.89	5	5	22	10
646.41	501.22	2	3	5	10
666.07	192.86	5	5	19	10
689.65	267.54	8	8	52	10
737.23	402.14	4	4	12	10
740.75	922.65	4	4	13	10
749.13	610.36	5	6	20	10
749.82	717.14	5	5	18	10
753.11	690.91	3	3	6	10
759.12	789.81	3	4	10	10
763.44	892.44	2	2	4	10
767.24	424.28	3	3	7	10
768.85	742.58	3	4	9	10
783.24	733.84	4	4	11	10
782.42	844.08	2	3	5	10
795.18	192.60	3	2	5	10
807.70	522.43	4	4	11	10
811.49	587.10	4	3	10	10
819.37	382.26	2	2	3	10
819.10	445.87	2	2	3	10
826.99	465.51	3	2	6	10
836.28	902.05	2	3	4	10
843.28	161.23	2	2	3	10
865.49	595.47	2	2	4	10
883.47	763.02	4	3	8	10
903.29	752.09	4	3	10	10
905.56	745.54	2	2	4	10
910.59	507.79	2	3	5	10
912.45	429.21	4	4	14	10
932.26	688.62	2	2	3	10
933.31	800.69	4	4	13	10
938.20	590.35	3	3	8	10
943.01	501.99	5	5	23	10
942.60	1086.04	4	5	15	10
949.37	804.82	2	3	5	10
952.25	234.13	3	3	7	10
953.57	516.59	4	6	18	10
966.29	120.95	3	3	7	10
967.55	572.72	2	3	5	10
976.89	914.92	3	3	6	10
82.60	563.70	2	2	3	11
121.99	852.99	3	3	5	11
140.40	461.11	4	3	9	11
142.16	136.12	5	5	18	11
180.96	833.93	3	3	8	11
185.95	150.73	3	3	7	11
214.39	586.14	4	3	9	11
218.57	775.99	4	3	8	11
223.88	412.38	3	3	7	11
227.57	253.50	2	2	4	11
233.76	493.08	5	5	20	11
233.74	706.13	5	5	18	11
236.19	1072.93	2	3	4	11
245.65	581.32	2	2	3	11
252.55	105.41	4	4	12	11
262.11	682.99	3	3	6	11
262.46	735.75	2	3	5	11
269.36	365.96	2	3	6	11
276.25	901.39	6	5	23	11
284.97	185.60	4	4	13	11
284.28	847.19	3	3	6	11
307.48	664.63	4	4	13	11
312.97	556.43	3	4	8	11
324.07	135.76	7	7	39	11
328.12	425.15	3	2	4	11
347.25	426.94	3	3	7	11
362.16	315.18	3	3	6	11
383.84	440.62	3	4	9	11
437.87	348.53	3	4	8	11
444.78	570.36	6	7	32	11
477.61	450.05	2	3	6	11
483.14	1148.33	3	2	5	11
502.05	381.35	5	5	17	11
532.35	180.39	4	4	13	11
560.78	776.18	2	2	3	11
597.17	884.18	3	3	6	11
612.45	367.54	2	2	4	11
619.24	193.01	4	3	10	11
630.42	992.42	2	2	2	11
634.93	639.64	4	4	10	11
641.86	157.57	5	6	21	11
648.55	503.43	2	2	4	11
671.47	195.06	4	5	18	11
687.52	265.50	8	8	52	11
686.70	686.29	2	2	3	11
689.76	705.64	2	2	3	11
736.65	401.88	4	4	13	11
744.84	921.94	4	5	12	11
751.98	719.38	5	4	15	11
754.48	613.82	6	5	22	11
754.16	690.81	3	3	6	11
763.54	790.21	3	3	7	11
768.03	424.27	3	3	7	11
770.62	742.85	2	4	7	11
780.68	556.67	2	2	3	11
782.25	733.50	3	3	6	11
786.49	843.46	2	2	4	11
807.04	521.02	3	3	9	11
814.22	591.08	4	4	9	11
829.94	468.29	3	3	7	11
881.53	696.54	2	2	4	11
886.11	763.23	3	4	10	11
904.69	752.55	4	4	10	11
907.73	747.16	2	2	3	11
911.90	426.79	5	4	13	11
916.79	504.06	4	3	10	11
928.54	969.54	2	2	4	11
935.44	801.11	4	5	15	11
938.55	685.48	2	2	4	11
944.88	589.91	3	3	8	11
947.12	1087.44	5	4	17	11
949.02	504.93	5	5	21	11
951.42	231.39	2	4	7	11
953.86	515.15	4	5	16	11
952.18	804.93	2	3	4	11
970.09	123.18	3	3	6	11
969.43	572.60	2	2	4	11
121.98	852.99	3	3	5	12
141.13	467.57	3	4	11	12
143.14	141.62	5	4	15	12
177.14	167.15	2	2	3	12
180.95	833.92	3	3	8	12
182.57	787.49	2	2	4	12
185.39	155.80	2	3	5	12
211.57	773.54	2	2	4	12
214.88	592.37	3	4	9	12
220.66	257.69	2	2	3	12
224.60	418.09	2	3	6	12
233.57	495.70	6	6	24	12
232.67	704.97	4	5	16	12
239.46	584.19	2	3	5	12
252.95	109.93	3	3	9	12
262.64	371.01	3	3	7	12
262.64	689.33	2	2	4	12
262.44	735.52	2	2	4	12
278.42	896.74	5	5	18	12
284.92	849.80	3	3	6	12
287.08	189.98	3	3	9	12
308.81	664.49	4	4	14	12
309.29	558.23	3	3	6	12
312.22	901.00	2	3	4	12
324.92	134.16	7	7	34	12
350.34	431.47	2	2	4	12
368.64	318.12	2	3	5	12
387.60	437.47	4	4	13	12
432.64	350.96	3	3	7	12
444.73	571.56	7	6	34	12
480.82	453.02	3	3	7	12
487.30	1149.79	2	2	3	12
503.62	382.86	4	5	15	12
526.49	592.59	2	2	4	12
533.61	179.25	4	4	14	12
603.62	886.20	2	3	5	12
617.58	370.75	2	3	5	12
620.81	193.33	3	4	9	12
635.82	642.64	3	2	5	12
639.70	156.14	5	5	20	12
650.86	505.85	3	3	6	12
677.03	197.58	5	6	20	12
685.71	263.29	8	9	54	12
697.24	355.72	2	2	3	12
700.26	149.86	2	2	3	12
708.81	1082.61	3	2	5	12
736.29	401.67	4	4	13	12
748.91	921.11	4	4	11	12
754.63	723.21	4	5	14	12
755.26	690.77	3	3	6	12
759.96	617.16	5	5	20	12
767.79	791.22	3	3	8	12
768.90	424.38	3	3	7	12
772.63	743.93	2	3	4	12
782.03	733.80	3	2	4	12
782.85	558.41	3	2	5	12
790.42	842.88	2	3	5	12
793.78	198.32	2	2	3	12
806.41	519.72	4	4	13	12
816.62	594.36	4	4	13	12
819.09	445.97	2	3	4	12
827.45	382.75	2	3	5	12
833.09	471.31	3	3	7	12
840.68	908.67	2	2	3	12
874.67	601.72	2	2	3	12
884.57	697.56	2	2	4	12
889.15	763.65	3	4	9	12
905.93	752.90	3	3	9	12
909.88	748.13	3	3	6	12
911.49	424.34	4	4	14	12
922.38	501.29	2	2	3	12
927.68	1001.66	2	2	3	12
937.66	801.80	4	5	14	12
944.31	682.71	2	2	3	12
950.82	228.67	3	3	7	12
951.84	1088.61	5	5	17	12
951.52	589.80	2	3	6	12
955.32	804.80	2	3	5	12
970.86	572.62	3	2	5	12
973.26	125.47	3	2	5	12
982.25	916.57	2	2	4	12
121.97	852.98	3	3	5	13
141.75	473.99	3	3	7	13
144.20	147.20	5	4	16	13
153.51	626.52	2	2	4	13
177.14	167.16	2	2	3	13
181.11	833.92	3	3	6	13
182.36	790.76	2	3	5	13
184.79	160.75	3	3	6	13
205.12	771.82	3	3	6	13
215.05	598.96	3	3	9	13
225.74	423.87	3	3	8	13
231.58	703.46	4	4	15	13
233.05	498.22	5	6	21	13
243.35	1076.23	2	2	3	13
253.36	114.39	4	4	13	13
255.53	376.65	2	2	4	13
262.37	735.51	2	2	4	13
265.54	837.45	2	2	4	13
280.20	892.95	5	5	14	13
285.89	852.26	3	3	7	13
288.94	193.99	4	3	10	13
305.95	560.17	3	3	8	13
310.47	664.14	4	4	13	13
318.88	699.69	3	3	7	13
321.93	433.95	3	3	9	13
325.86	132.43	7	7	35	13
353.13	436.08	3	3	6	13
374.19	320.79	3	3	6	13
389.48	434.85	4	5	15	13
424.99	773.48	3	2	6	13
427.41	353.94	4	3	8	13
444.94	572.51	7	7	34	13
484.24	455.70	2	3	5	13
491.60	1151.53	2	2	4	13
505.24	384.31	4	4	13	13
534.84	178.08	4	4	11	13
609.20	888.13	3	3	8	13
609.15	544.90	2	2	3	13
622.22	193.50	4	4	11	13
623.08	373.16	3	2	4	13
625.45	993.53	2	2	4	13
637.57	154.59	4	6	20	13
637.02	646.26	3	2	4	13
638.67	992.63	2	2	3	13
641.19	489.77	2	2	3	13
652.97	508.02	3	3	5	13
683.87	260.86	8	9	51	13
682.54	199.91	4	5	17	13
697.02	359.42	3	2	6	13
735.74	401.30	4	4	13	13
753.09	920.32	4	4	13	13
756.69	725.70	5	5	16	13
756.48	690.61	2	2	4	13
765.13	620.59	5	6	21	13
769.87	424.48	3	4	8	13
771.91	792.02	3	3	9	13
774.34	898.71	2	2	3	13
781.53	733.55	2	2	4	13
785.81	562.12	3	3	6	13
793.21	201.07	3	3	7	13
794.54	842.34	2	2	4	13
805.96	518.30	3	4	11	13
819.77	597.32	5	4	14	13
831.62	382.81	2	2	3	13
835.51	474.24	2	3	5	13
879.37	604.68	2	2	3	13
892.11	763.67	3	3	7	13
907.00	753.02	3	3	9	13
911.05	422.07	5	5	14	13
912.09	749.15	3	3	6	13
927.73	497.45	3	2	5	13
932.38	974.25	2	2	3	13
939.82	802.32	4	4	14	13
949.78	225.84	3	3	6	13
954.11	511.61	3	6	15	13
956.49	1089.53	4	4	14	13
958.03	588.83	3	3	7	13
957.98	805.04	3	3	9	13
960.89	510.23	5	5	22	13
972.66	572.53	2	2	4	13
977.02	127.95	3	3	7	13
984.98	917.27	3	3	7	13
121.98	852.99	3	3	5	14
142.04	480.62	3	3	7	14
145.48	152.57	4	4	15	14
181.10	833.92	3	3	6	14
181.97	794.13	3	3	8	14
183.95	165.80	3	3	7	14
198.46	769.50	2	2	4	14
205.47	265.46	2	2	4	14
215.64	605.06	3	3	7	14
223.42	590.73	2	3	5	14
226.86	429.53	3	4	8	14
230.44	701.75	4	4	14	14
232.22	500.38	5	5	21	14
248.46	382.03	4	3	8	14
253.78	118.91	4	3	10	14
262.02	735.28	3	3	7	14
264.36	700.64	2	2	4	14
269.72	843.38	2	2	3	14
282.54	888.34	6	5	19	14
286.03	854.39	3	3	7	14
290.90	198.23	4	3	10	14
302.87	562.50	3	4	8	14
312.22	663.92	4	3	11	14
311.92	701.56	3	2	6	14
318.55	438.25	2	3	5	14
326.81	130.85	7	7	34	14
356.11	440.68	3	3	7	14
380.50	323.92	4	3	8	14
392.21	431.50	3	4	10	14
420.66	773.34	2	2	3	14
422.04	356.75	3	3	7	14
444.82	573.48	7	7	32	14
487.43	458.33	2	2	4	14
506.60	385.95	4	5	16	14
536.05	176.98	3	3	9	14
615.51	889.96	2	3	6	14
623.61	193.80	4	4	12	14
622.27	993.29	2	2	3	14
635.48	153.01	5	5	21	14
640.27	647.99	3	3	6	14
655.53	510.59	2	2	4	14
681.87	258.32	8	8	50	14
688.41	202.44	4	4	16	14
697.20	363.09	3	3	8	14
735.46	401.11	4	4	13	14
757.23	919.51	4	4	14	14
757.63	690.56	2	2	4	14
759.13	728.59	5	4	14	14
770.51	623.90	4	5	17	14
770.85	424.61	3	4	9	14
776.05	793.04	3	3	9	14
776.53	746.32	2	4	6	14
781.58	733.58	2	2	2	14
787.08	564.09	3	3	8	14
792.37	203.74	2	2	4	14
798.40	841.56	2	2	4	14
805.37	516.88	4	3	11	14
822.21	599.77	3	4	8	14
838.52	477.35	2	2	4	14
869.36	891.39	2	2	3	14
883.69	931.62	2	2	3	14
895.18	763.81	3	3	8	14
908.30	753.10	4	3	10	14
910.45	419.63	4	4	15	14
914.19	750.22	3	3	6	14
933.45	494.07	2	3	6	14
933.49	976.51	2	2	4	14
942.17	802.46	4	4	14	14
949.01	223.02	3	3	5	14
949.76	492.87	2	3	4	14
954.34	510.05	4	5	18	14
960.97	1091.08	5	5	16	14
960.54	805.12	2	3	6	14
964.48	588.16	4	3	8	14
966.80	512.96	5	5	23	14
981.17	130.19	3	3	6	14
987.56	917.91	2	3	5	14
86.19	580.59	3	2	5	15
116.27	796.74	2	2	3	15
121.97	852.98	3	3	5	15
142.79	486.95	4	3	10	15
146.49	158.21	4	4	14	15
181.10	833.93	3	3	6	15
183.27	170.99	3	3	7	15
183.02	797.61	3	4	10	15
191.40	767.78	2	3	5	15
215.83	611.65	3	3	7	15
227.62	435.19	4	3	7	15
229.14	700.13	4	4	11	15
232.15	502.41	5	6	23	15
241.05	387.93	3	3	9	15
254.30	123.57	4	4	13	15
261.90	735.07	3	3	8	15
265.02	706.73	3	2	4	15
272.59	848.53	2	2	4	15
277.73	223.26	2	2	3	15
284.94	883.29	5	6	22	15
286.84	857.20	3	3	6	15
293.12	202.51	3	4	8	15
298.98	565.01	3	3	9	15
313.74	663.68	4	4	12	15
315.01	442.95	3	3	5	15
327.92	129.10	7	7	35	15
359.10	445.17	3	3	6	15
395.25	429.27	4	4	12	15
415.73	772.38	2	2	3	15
416.91	359.86	3	3	8	15
416.53	550.41	2	2	4	15
444.75	574.96	6	7	32	15
490.65	460.93	3	3	7	15
500.50	1154.58	2	2	4	15
508.30	387.47	4	4	14	15
537.39	175.84	4	4	12	15
619.31	992.70	2	2	3	15
621.51	891.98	2	3	6	15
625.20	194.35	3	4	11	15
633.64	151.53	5	6	22	15
633.60	379.21	2	3	5	15
636.94	491.01	3	3	5	15
641.42	651.03	4	5	14	15
658.17	513.14	3	3	6	15
679.90	256.13	9	8	50	15
694.12	205.02	5	5	21	15
697.38	366.82	2	3	5	15
735.07	400.90	5	4	12	15
758.69	690.62	2	2	4	15
761.29	730.87	4	5	15	15
761.29	918.59	4	4	13	15
771.62	424.83	4	3	9	15
775.91	627.29	5	5	21	15
778.66	747.11	2	3	5	15
780.21	793.53	3	4	10	15
802.02	840.96	3	3	5	15
804.94	515.67	3	4	11	15
825.30	603.43	4	4	13	15
841.74	479.98	3	3	8	15
898.29	763.97	4	3	9	15
909.99	417.33	5	4	14	15
909.82	753.31	3	4	9	15
916.35	751.45	2	2	4	15
935.77	979.37	3	2	5	15
936.29	1009.34	2	2	3	15
939.24	490.70	3	2	5	15
944.37	802.87	4	5	15	15
948.07	220.35	3	3	7	15
954.46	508.52	4	6	19	15
963.70	805.16	2	3	5	15
965.37	1092.78	4	5	16	15
972.50	515.47	6	6	24	15
971.05	587.57	3	4	8	15
976.37	572.45	2	2	4	15
984.54	132.64	2	2	4	15
990.42	918.95	2	3	6	15
117.81	796.96	2	3	4	16
121.99	853.00	3	3	5	16
143.33	493.20	4	3	9	16
147.67	163.52	4	4	15	16
174.95	569.83	3	2	4	16
177.13	167.17	2	2	3	16
181.10	833.92	3	3	6	16
182.76	175.93	3	3	7	16
182.99	799.32	3	4	10	16
185.01	765.04	3	3	5	16
208.52	597.54	2	2	4	16
216.02	618.01	3	3	9	16
228.23	698.58	4	4	14	16
228.95	440.98	3	3	9	16
231.48	505.08	4	5	20	16
233.90	393.80	3	3	8	16
254.58	127.88	4	4	12	16
261.88	734.80	3	3	6	16
265.97	712.48	3	2	6	16
286.60	878.86	4	5	17	16
287.74	859.78	3	3	6	16
295.40	206.38	4	4	11	16
295.53	567.82	2	3	6	16
297.55	706.08	2	3	4	16
315.61	663.39	4	4	12	16
329.02	127.69	7	7	37	16
362.23	449.83	3	3	7	16
374.20	803.99	2	3	4	16
392.84	329.34	3	4	9	16
398.17	426.17	3	3	8	16
411.42	363.01	4	3	8	16
444.79	576.00	6	7	32	16
494.06	463.56	3	2	5	16
505.06	1156.04	3	3	5	16
510.14	389.10	5	5	16	16
538.70	174.57	4	4	14	16
616.21	992.36	3	2	5	16
627.06	194.92	3	3	9	16
627.94	893.45	3	2	6	16
631.77	149.94	5	5	21	16
638.95	382.03	3	3	5	16
642.62	654.05	4	5	17	16
651.29	994.61	2	2	3	16
660.46	515.12	2	3	6	16
677.92	253.71	9	9	54	16
692.49	712.26	2	2	3	16
697.62	370.46	2	2	4	16
700.07	207.50	5	6	21	16
734.75	400.60	4	4	14	16
759.89	690.61	3	2	5	16
763.72	733.69	4	4	12	16
765.45	917.89	4	5	16	16
772.52	424.88	4	3	8	16
781.16	630.83	5	5	22	16
780.01	730.17	3	4	6	16
781.01	747.45	3	4	6	16
784.12	794.34	3	3	7	16
804.21	514.06	4	3	10	16
827.57	605.94	4	3	11	16
843.71	383.75	2	2	3	16
844.52	482.81	2	3	6	16
850.43	921.42	2	2	4	16
891.40	613.79	2	3	5	16
901.38	764.06	3	3	7	16
909.65	414.85	4	4	14	16
911.05	753.32	3	4	10	16
918.43	752.47	2	2	4	16
938.35	981.28	2	2	3	16
944.45	487.50	2	2	4	16
946.63	803.20	4	4	14	16
947.08	217.68	3	3	7	16
954.61	506.68	4	6	18	16
966.60	804.98	2	3	6	16
970.33	1093.73	5	5	17	16
978.14	517.82	5	5	22	16
977.80	587.33	3	2	5	16
978.10	572.09	2	3	4	16
988.75	134.89	3	3	6	16
992.74	919.68	2	3	5	16
80.27	947.17	2	3	5	17
87.95	588.76	3	2	4	17
110.30	889.96	3	3	4	17
121.99	852.99	3	3	5	17
138.48	616.46	2	2	4	17
144.00	499.75	3	3	8	17
148.83	169.17	4	5	16	17
175.42	576.47	2	2	4	17
177.12	167.16	2	2	3	17
178.54	763.52	2	2	4	17
180.54	277.42	2	2	4	17
181.11	833.93	3	3	6	17
182.04	180.76	3	3	7	17
183.30	803.65	2	2	3	17
216.34	624.51	2	4	6	17
226.16	399.79	3	3	8	17
226.73	696.94	4	4	12	17
229.87	446.42	3	3	7	17
231.46	507.15	4	5	18	17
255.07	132.58	3	4	12	17
258.63	1082.55	2	2	4	17
261.67	734.25	2	3	5	17
278.70	328.29	2	2	3	17
279.85	859.74	3	3	6	17
288.15	862.14	3	3	8	17
289.03	874.60	5	4	16	17
291.93	570.36	3	3	7	17
297.24	210.60	4	4	12	17
308.05	452.24	3	2	4	17
312.42	313.31	2	2	3	17
317.33	663.33	4	4	14	17
330.19	126.17	7	7	37	17
364.92	454.36	3	4	9	17
374.35	803.22	2	3	5	17
398.90	332.32	3	4	9	17
400.59	423.15	4	4	11	17
405.86	366.12	3	3	8	17
444.99	577.41	7	6	31	17
496.93	466.21	3	3	6	17
509.68	1157.77	2	2	3	17
511.70	390.86	4	5	14	17
540.09	173.59	4	4	13	17
613.42	991.64	2	2	4	17
629.99	148.36	5	6	21	17
629.02	195.31	3	4	10	17
633.77	895.31	3	2	5	17
643.11	656.03	4	5	14	17
644.72	384.66	2	2	3	17
655.50	995.48	2	2	4	17
663.22	517.76	3	3	6	17
676.18	251.67	8	8	51	17
694.01	712.94	3	3	5	17
698.38	374.43	2	2	4	17
705.98	210.02	5	5	21	17
734.61	400.50	4	4	14	17
760.99	690.55	3	2	4	17
765.15	735.92	4	3	10	17
769.48	916.77	4	4	14	17
773.37	424.86	3	3	7	17
783.50	747.77	2	4	7	17
786.60	634.26	6	6	25	17
788.17	795.09	3	3	8	17
788.52	907.49	2	2	4	17
794.53	572.99	4	3	10	17
803.88	512.81	3	4	10	17
809.97	839.98	3	3	5	17
830.98	608.51	3	4	10	17
830.42	897.75	2	2	3	17
847.49	485.34	2	2	4	17
895.52	616.52	2	2	4	17
900.26	1165.57	3	4	8	17
902.94	655.86	3	2	4	17
904.73	764.01	3	3	7	17
909.18	412.51	4	4	14	17
912.51	753.48	4	4	12	17
920.40	753.59	2	2	4	17
946.25	215.04	3	3	7	17
948.95	803.47	3	4	12	17
949.68	483.34	2	2	3	17
954.84	504.84	3	5	14	17
969.72	804.85	2	3	5	17
974.87	1094.88	5	4	13	17
980.08	572.01	3	3	6	17
983.82	520.17	5	5	22	17
984.38	586.56	2	2	4	17
992.44	137.29	2	3	5	17
80.66	950.85	2	3	5	18
86.63	976.30	2	2	3	18
121.99	852.99	3	3	5	18
144.42	506.35	4	4	11	18
150.12	174.65	5	4	15	18
172.34	282.35	2	2	3	18
172.49	761.54	2	2	4	18
177.13	167.16	2	2	3	18
181.02	833.85	3	3	7	18
181.28	185.92	2	3	4	18
183.46	806.49	2	2	4	18
216.71	630.87	4	3	9	18
218.97	405.69	3	3	7	18
225.68	695.43	4	4	13	18
231.00	510.03	5	5	21	18
230.88	452.36	3	3	7	18
251.72	646.27	2	2	3	18
255.80	137.26	4	4	12	18
261.80	734.02	2	3	4	18
288.09	573.27	3	3	7	18
288.90	865.20	3	3	7	18
291.58	870.21	5	4	15	18
299.38	214.98	4	3	10	18
304.10	457.13	3	2	4	18
319.02	663.26	5	4	13	18
331.34	124.99	7	7	38	18
368.08	458.95	3	3	8	18
374.43	801.47	2	2	4	18
400.21	369.79	3	3	8	18
403.95	420.78	3	4	10	18
404.80	335.06	3	3	6	18
445.34	578.47	6	6	31	18
500.47	468.94	2	3	6	18
513.42	392.65	4	4	15	18
514.22	1159.31	2	2	3	18
535.35	608.89	4	3	7	18
541.31	172.62	4	4	15	18
628.22	146.86	5	5	22	18
631.24	195.98	4	3	10	18
639.62	897.17	2	3	5	18
646.29	659.96	5	3	9	18
650.57	387.46	2	2	4	18
665.89	520.14	3	3	6	18
674.28	249.38	8	8	51	18
677.69	972.64	2	2	3	18
694.73	714.12	2	3	5	18
698.75	378.07	2	3	4	18
712.00	212.59	5	6	19	18
729.56	1093.46	2	2	4	18
734.42	400.49	4	4	12	18
762.43	690.53	2	2	4	18
766.40	739.54	2	2	4	18
773.74	916.12	4	4	11	18
774.66	425.02	3	3	7	18
779.31	729.13	4	2	5	18
785.54	747.87	2	6	11	18
789.22	215.14	3	3	6	18
791.92	637.53	5	6	22	18
792.24	795.98	3	3	7	18
795.56	574.67	2	2	3	18
803.40	511.47	4	4	12	18
813.72	839.46	2	2	4	18
834.59	611.30	2	4	7	18
850.50	487.98	4	3	8	18
908.73	410.33	4	4	13	18
908.05	764.11	3	3	9	18
909.25	1166.75	2	2	3	18
913.85	753.60	3	4	11	18
922.48	754.79	2	3	6	18
941.30	987.35	2	2	3	18
945.37	212.16	3	3	7	18
951.32	803.67	4	4	13	18
954.99	503.02	3	5	15	18
955.98	480.96	3	3	7	18
972.65	804.50	2	2	4	18
979.84	1096.55	5	4	15	18
981.78	572.02	3	3	7	18
989.34	522.63	6	6	25	18
990.77	586.41	3	2	5	18
81.45	954.45	2	2	4	19
90.18	596.65	3	2	5	19
121.99	852.98	3	3	5	19
145.05	512.54	3	4	8	19
151.35	180.13	4	5	17	19
166.44	759.75	2	3	5	19
180.57	190.98	2	3	6	19
181.02	833.86	3	3	7	19
183.72	809.89	3	3	7	19
185.45	606.99	2	3	6	19
211.04	411.65	3	3	7	19
216.89	637.09	3	3	9	19
224.50	693.86	4	4	13	19
230.71	512.14	5	5	20	19
231.79	457.89	3	3	8	19
248.10	649.27	3	2	4	19
256.32	141.55	4	4	13	19
261.69	733.57	2	2	3	19
274.59	713.82	3	3	6	19
284.58	576.51	4	4	13	19
292.58	866.40	8	6	29	19
301.64	219.02	4	3	11	19
320.62	663.03	4	5	15	19
332.84	123.38	7	6	34	19
371.03	463.64	3	3	7	19
374.43	800.48	2	2	4	19
394.79	373.15	3	3	8	19
395.33	619.35	2	2	3	19
396.51	769.57	2	2	4	19
406.47	417.44	4	4	12	19
411.02	337.67	3	3	7	19
445.26	578.99	7	5	27	19
503.91	471.52	3	4	8	19
515.32	394.53	4	4	13	19
519.04	1160.97	3	3	5	19
537.63	611.34	2	2	3	19
542.62	171.55	4	4	15	19
626.56	145.16	5	5	20	19
633.39	196.53	4	4	12	19
645.53	898.49	2	2	4	19
647.73	661.58	4	5	15	19
656.02	390.68	3	3	7	19
664.43	996.43	2	2	2	19
668.61	522.42	2	2	4	19
672.56	246.79	8	8	50	19
682.67	974.27	2	2	3	19
695.63	715.50	2	2	4	19
699.32	381.70	2	2	3	19
718.01	215.15	5	5	20	19
734.34	400.26	4	4	14	19
763.68	690.36	2	2	3	19
769.85	741.85	5	5	18	19
775.99	424.95	3	3	7	19
777.77	915.08	5	4	14	19
787.93	748.39	3	5	10	19
797.12	640.94	5	5	22	19
796.22	796.70	3	4	9	19
798.88	578.08	3	3	6	19
802.86	510.05	3	3	9	19
817.52	838.62	2	2	4	19
835.80	613.80	3	3	8	19
853.57	490.36	2	2	4	19
856.91	930.37	3	2	5	19
903.15	655.01	2	3	4	19
908.42	407.78	4	4	14	19
911.04	763.95	3	3	9	19
915.37	753.57	4	4	10	19
924.65	755.92	3	3	7	19
944.82	210.04	3	3	8	19
953.68	803.79	4	4	13	19
955.08	501.10	4	5	16	19
961.48	477.02	2	3	6	19
975.86	804.19	3	3	6	19
984.69	1097.96	6	5	19	19
983.75	571.93	3	3	7	19
82.33	958.19	2	3	5	20
121.99	853.00	3	3	5	20
145.44	518.96	4	3	10	20
152.60	185.62	4	4	15	20
177.13	167.15	2	2	3	20
178.16	609.78	3	3	6	20
179.95	196.17	3	3	7	20
181.02	833.85	3	3	7	20
184.21	812.93	2	3	4	20
203.00	417.89	3	3	9	20
216.86	643.86	3	3	8	20
223.15	692.16	4	4	11	20
230.35	514.65	6	6	22	20
232.81	463.90	3	3	8	20
243.69	653.02	2	3	4	20
256.92	146.17	4	4	11	20
266.66	716.73	2	2	3	20
268.54	735.68	2	2	4	20
271.63	1087.18	2	2	3	20
280.86	579.94	3	3	9	20
290.43	870.52	2	2	4	20
296.13	860.53	5	4	13	20
296.83	466.84	3	3	6	20
303.67	223.23	4	4	13	20
322.62	662.99	4	3	12	20
334.34	121.95	6	7	31	20
374.18	468.16	3	3	6	20
374.29	798.96	2	3	4	20
388.99	376.82	3	4	10	20
391.33	769.29	2	2	3	20
409.21	414.94	5	5	18	20
417.50	340.47	2	2	4	20
445.17	580.26	7	6	31	20
506.94	474.01	3	3	6	20
517.27	396.52	4	4	14	20
544.21	170.46	4	4	14	20
624.97	143.66	5	6	24	20
635.70	197.13	4	3	10	20
649.29	664.38	5	4	16	20
651.99	900.47	3	2	6	20
661.45	393.44	2	2	4	20
670.60	244.60	8	8	50	20
671.70	524.67	3	2	5	20
696.58	716.43	2	2	4	20
705.25	166.24	2	2	3	20
724.06	217.92	5	5	21	20
734.26	400.31	4	4	13	20
764.74	690.42	2	2	3	20
770.85	743.61	3	4	8	20
777.25	424.77	3	3	6	20
778.65	728.60	4	2	7	20
781.72	914.28	4	4	13	20
788.29	220.47	2	2	4	20
790.29	750.62	2	2	3	20
800.53	797.48	4	4	12	20
802.33	644.25	6	5	21	20
802.23	508.89	4	3	10	20
821.16	838.22	3	3	6	20
839.06	617.11	3	4	9	20
856.85	492.80	3	3	8	20
859.58	933.46	2	2	4	20
892.99	535.87	3	2	4	20
908.02	405.57	3	4	12	20
914.71	763.83	3	3	6	20
916.94	753.53	3	4	8	20
926.57	756.95	2	3	6	20
944.00	207.29	3	4	10	20
946.15	992.84	3	3	6	20
951.37	1021.35	2	2	3	20
955.31	499.42	4	6	19	20
955.98	804.10	3	5	11	20
966.66	473.68	2	2	3	20
979.21	803.95	3	3	7	20
985.44	571.58	2	2	4	20
989.38	1099.04	5	5	19	20
83.43	961.97	2	3	6	21
92.03	605.24	3	2	4	21
121.98	853.00	3	3	5	21
126.46	796.44	2	2	4	21
145.92	525.60	3	4	9	21
153.83	191.42	4	4	14	21
170.78	612.18	3	3	6	21
177.13	167.16	2	2	3	21
179.27	201.23	3	3	6	21
181.12	833.92	3	3	6	21
184.57	816.48	2	2	4	21
195.02	424.01	3	3	9	21
217.12	650.15	3	3	8	21
221.99	690.52	5	4	16	21
230.31	517.03	5	5	20	21
233.87	469.53	3	4	8	21
239.80	655.55	3	2	5	21
257.71	150.91	4	3	10	21
269.41	741.64	2	2	4	21
276.84	583.18	3	3	8	21
288.53	341.02	2	3	4	21
291.32	873.57	2	2	4	21
292.93	472.03	3	3	5	21
297.81	857.28	6	5	18	21
305.70	226.97	4	3	11	21
324.53	663.08	4	3	12	21
336.13	120.67	7	6	34	21
377.03	472.94	3	3	5	21
383.16	380.84	3	3	8	21
386.50	768.49	2	2	4	21
411.87	412.67	3	4	11	21
423.58	343.48	4	4	11	21
445.10	581.08	7	7	31	21
507.69	463.64	2	2	3	21
510.27	476.96	3	3	7	21
518.99	398.47	5	4	16	21
528.54	1163.97	2	3	6	21
538.91	617.12	3	3	8	21
545.54	169.60	4	4	14	21
623.44	142.15	6	5	20	21
638.09	197.99	3	3	9	21
650.21	667.63	4	4	12	21
657.97	901.74	3	3	7	21
668.79	242.42	8	8	51	21
667.58	396.79	2	3	5	21
674.47	526.73	2	2	4	21
697.11	717.77	3	3	6	21
730.20	220.69	5	5	19	21
734.25	400.34	4	4	13	21
765.83	690.45	2	2	3	21
775.44	747.12	2	3	5	21
778.35	425.00	3	3	7	21
778.49	728.52	2	2	4	21
785.87	913.29	4	4	12	21
787.17	223.35	3	2	5	21
792.30	751.64	2	2	3	21
801.91	507.49	3	4	11	21
804.20	798.18	3	3	8	21
807.56	647.72	6	5	21	21
824.97	837.95	3	3	5	21
840.62	620.01	3	3	7	21
859.75	495.04	3	3	7	21
865.50	384.51	2	2	4	21
907.60	403.36	4	4	13	21
911.67	628.29	2	2	3	21
911.66	703.35	2	2	3	21
918.28	753.40	3	4	9	21
918.14	763.87	3	3	8	21
928.90	758.22	3	3	7	21
943.36	205.04	3	3	7	21
948.47	995.95	2	3	4	21
955.37	497.98	4	5	18	21
954.18	1023.99	2	3	4	21
958.52	804.36	4	4	14	21
972.12	470.52	3	2	6	21
982.07	803.49	3	2	6	21
84.03	965.31	3	3	7	22
121.99	852.98	3	3	5	22
146.15	531.83	3	3	8	22
148.67	752.61	2	2	3	22
155.09	196.64	5	4	16	22
162.66	615.81	4	4	9	22
177.13	167.16	2	2	3	22
178.44	206.28	2	3	5	22
181.11	833.93	3	3	6	22
184.79	819.77	3	3	6	22
186.72	430.14	4	3	9	22
217.16	656.80	3	3	8	22
220.81	688.87	4	4	11	22
230.23	519.97	5	5	19	22
234.51	475.19	4	3	10	22
236.49	658.53	2	2	4	22
258.40	155.39	4	4	13	22
270.16	747.41	2	2	3	22
272.79	586.87	3	3	8	22
288.96	477.10	3	3	5	22
292.10	876.39	3	2	5	22
299.53	852.57	4	4	14	22
308.21	231.24	4	4	12	22
326.34	662.98	4	3	11	22
337.54	119.35	6	7	33	22
377.15	384.57	3	2	6	22
380.39	477.25	2	3	5	22
381.47	767.53	2	2	4	22
415.06	409.45	3	4	11	22
429.50	345.97	2	3	6	22
445.45	582.47	6	6	27	22
513.49	479.31	2	3	5	22
521.10	400.61	5	4	15	22
533.51	1165.52	2	2	4	22
540.20	620.37	3	4	6	22
546.94	168.50	5	4	15	22
621.88	140.59	5	6	21	22
640.67	198.72	4	4	10	22
651.22	669.99	4	3	8	22
667.00	239.98	7	9	49	22
673.47	399.55	2	2	4	22
677.81	529.31	3	3	7	22
697.79	719.00	4	3	7	22
723.02	706.00	3	3	5	22
734.27	400.31	4	4	13	22
736.39	223.28	4	5	18	22
776.36	748.79	4	5	14	22
779.82	424.87	3	3	8	22
786.45	225.72	2	2	4	22
790.00	912.38	5	4	14	22
794.80	752.39	3	2	5	22
801.57	506.00	4	3	11	22
808.35	799.01	4	3	9	22
812.80	651.08	5	5	22	22
828.76	837.06	2	3	4	22
843.74	622.48	2	4	6	22
863.03	497.46	3	2	6	22
864.36	939.34	2	2	3	22
907.41	400.97	4	4	13	22
914.03	703.46	3	2	6	22
915.37	631.73	2	3	5	22
919.94	753.06	3	3	9	22
921.50	763.26	2	3	6	22
930.97	758.95	3	3	9	22
942.63	202.24	3	3	6	22
950.26	998.21	3	4	8	22
955.55	496.03	4	5	17	22
957.27	1026.65	2	2	3	22
960.72	804.47	4	4	14	22
977.89	467.18	3	3	8	22
985.32	803.09	3	3	7	22
989.21	571.20	2	2	3	22
85.14	969.14	3	3	6	23
86.44	976.44	2	2	2	23
121.98	853.00	3	3	5	23
146.94	538.22	3	4	10	23
154.64	618.84	2	3	5	23
156.54	202.44	4	4	16	23
177.97	211.54	3	2	6	23
178.59	436.74	2	3	5	23
181.11	833.93	3	3	6	23
185.16	822.80	3	3	6	23
217.36	663.16	4	3	9	23
219.56	687.21	4	4	14	23
229.82	522.31	5	6	23	23
235.66	480.93	3	3	7	23
242.52	724.95	2	3	6	23
259.18	160.02	4	3	10	23
268.77	590.67	3	3	7	23
271.32	753.41	2	2	4	23
293.28	879.48	2	2	4	23
302.43	847.59	5	4	16	23
301.99	892.47	3	2	6	23
310.14	235.09	4	3	10	23
328.54	662.90	4	4	13	23
339.13	117.95	7	7	37	23
371.23	388.78	4	3	9	23
383.90	482.12	3	3	5	23
418.32	407.33	4	4	13	23
435.90	348.86	3	3	8	23
445.77	583.81	6	7	31	23
516.88	482.19	3	3	6	23
523.22	402.57	5	4	16	23
538.44	1167.00	2	3	6	23
541.04	622.24	3	3	7	23
548.45	167.54	4	4	13	23
594.36	989.53	2	2	4	23
620.43	139.05	5	5	21	23
622.54	490.41	2	3	5	23
643.43	199.55	4	4	12	23
665.30	237.52	8	8	50	23
669.95	904.75	3	2	4	23
680.25	531.71	3	4	9	23
699.54	719.47	2	2	4	23
702.48	396.35	2	2	4	23
734.39	400.31	4	4	14	23
742.61	226.13	5	5	19	23
775.49	727.50	2	2	4	23
777.76	751.57	5	5	17	23
778.47	728.53	2	2	2	23
781.36	424.91	3	3	7	23
785.64	228.61	2	2	4	23
794.04	911.47	3	4	12	23
797.41	752.48	2	2	4	23
801.14	504.88	4	4	11	23
812.13	799.68	3	4	9	23
817.77	654.39	5	6	21	23
819.10	445.86	2	2	3	23
832.43	101.63	2	2	4	23
832.38	836.64	2	2	4	23
846.39	625.59	4	4	10	23
864.63	696.37	2	2	3	23
866.13	499.62	3	4	9	23
874.29	384.67	2	2	3	23
906.88	398.69	5	4	14	23
913.94	703.21	3	2	4	23
921.88	752.99	3	3	9	23
925.14	763.21	3	3	6	23
932.80	760.03	3	3	7	23
942.02	200.14	3	3	7	23
952.34	1000.67	2	2	3	23
955.59	494.03	4	5	18	23
963.39	804.41	4	4	13	23
983.48	463.99	4	3	8	23
988.48	802.56	2	2	4	23
991.01	571.00	3	3	5	23
85.81	973.02	2	3	4	24
95.45	617.41	2	2	4	24
121.86	853.12	3	3	6	24
147.18	544.78	4	4	11	24
146.98	621.73	3	2	4	24
157.90	207.87	5	5	18	24
169.97	443.28	3	3	7	24
177.12	216.85	3	3	6	24
177.13	167.15	2	2	3	24
181.11	833.92	3	3	6	24
185.50	826.50	2	2	4	24
217.50	669.96	4	3	8	24
218.10	685.58	5	4	15	24
229.42	524.79	6	6	22	24
234.31	727.66	2	2	3	24
236.38	486.89	3	3	7	24
259.88	164.73	4	4	12	24
264.30	594.82	4	3	9	24
271.43	759.21	2	3	5	24
280.51	487.70	2	2	4	24
286.48	331.55	2	2	4	24
290.00	1092.80	3	2	4	24
293.65	882.51	2	2	4	24
295.47	349.45	2	2	4	24
303.74	844.25	3	5	12	24
312.47	239.47	4	4	12	24
330.38	663.22	4	4	13	24
341.03	116.80	7	7	35	24
364.32	294.66	2	2	3	24
365.32	392.96	3	3	7	24
370.53	765.18	2	3	5	24
377.32	695.23	2	4	6	24
386.74	486.89	2	3	5	24
421.15	404.59	4	4	13	24
441.69	351.97	3	3	7	24
446.12	584.93	6	6	28	24
520.05	484.98	3	3	9	24
525.35	404.75	4	4	14	24
543.42	1168.49	2	2	4	24
550.05	166.70	4	4	11	24
589.33	849.24	2	2	3	24
590.63	989.49	2	2	4	24
618.99	137.77	5	5	22	24
621.30	490.72	2	2	3	24
646.32	200.51	4	4	12	24
656.10	675.08	3	3	8	24
663.46	235.32	8	9	52	24
675.91	906.40	3	2	6	24
683.86	534.21	3	3	7	24
685.02	405.78	3	2	4	24
703.51	399.58	2	2	4	24
734.51	400.57	4	4	13	24
748.92	228.91	5	5	21	24
775.50	727.50	2	2	4	24
782.75	425.09	3	3	8	24
785.12	231.18	3	3	6	24
798.22	910.58	4	4	14	24
800.85	503.82	4	4	11	24
799.59	753.95	2	3	4	24
816.04	800.64	3	4	9	24
823.27	657.82	6	5	24	24
835.72	836.45	2	2	4	24
836.86	106.14	3	3	6	24
849.15	627.89	3	3	8	24
869.10	501.38	3	4	9	24
878.70	384.36	2	2	3	24
906.52	396.65	4	4	14	24
923.09	752.94	3	3	9	24
928.49	762.93	2	3	6	24
935.02	761.03	3	3	5	24
941.07	197.50	3	4	8	24
955.61	492.28	4	6	18	24
965.76	804.50	4	4	14	24
988.88	460.77	3	3	6	24
991.83	802.21	3	3	6	24
992.87	570.94	2	3	4	24
86.82	976.46	3	4	10	25
96.39	621.27	2	2	3	25
121.97	852.98	3	3	5	25
133.22	746.62	3	2	5	25
147.57	550.96	4	3	8	25
159.38	213.40	4	4	15	25
161.51	449.95	4	3	8	25
176.19	221.87	3	3	8	25
177.14	167.15	2	2	3	25
181.10	833.92	3	3	6	25
186.43	829.47	2	2	4	25
217.02	683.95	3	5	11	25
217.80	676.14	3	3	8	25
226.03	730.70	3	3	7	25
229.07	526.95	5	5	22	25
237.20	492.31	3	3	6	25
260.01	598.75	3	4	10	25
260.89	169.23	3	4	10	25
272.06	765.04	3	3	5	25
276.18	492.91	3	3	6	25
294.99	885.52	3	2	6	25
294.71	1094.23	2	2	3	25
306.73	838.94	3	5	12	25
314.65	243.18	4	3	11	25
332.33	663.36	4	4	13	25
342.67	115.66	7	6	34	25
359.07	396.96	3	3	9	25
364.93	763.68	3	3	7	25
389.89	491.62	3	3	7	25
424.21	401.60	4	4	11	25
446.03	585.80	7	6	31	25
448.16	354.60	3	2	5	25
523.26	487.30	3	3	8	25
527.50	406.99	4	5	16	25
543.96	628.21	3	3	7	25
548.40	1170.11	2	3	5	25
551.52	165.57	4	4	12	25
587.57	988.88	2	3	5	25
617.60	136.21	5	5	20	25
620.10	489.84	3	2	4	25
649.05	201.37	3	4	12	25
657.60	679.05	4	4	10	25
661.83	232.88	8	7	49	25
682.05	907.18	3	3	8	25
686.69	536.28	2	2	3	25
692.27	1000.68	2	2	3	25
715.34	984.29	2	2	3	25
734.70	400.53	4	4	14	25
755.10	231.57	5	4	17	25
771.15	690.26	2	2	3	25
775.05	726.97	3	3	7	25
782.36	756.45	4	4	9	25
784.31	425.09	4	3	9	25
784.32	233.84	2	3	5	25
800.51	502.52	4	4	12	25
802.30	909.57	4	4	14	25
819.77	801.14	4	3	9	25
828.29	661.02	5	5	19	25
839.53	835.62	2	2	4	25
841.38	110.40	2	2	4	25
872.44	503.52	2	2	4	25
906.30	394.29	4	4	13	25
924.71	752.48	4	4	11	25
926.57	639.50	2	2	4	25
932.19	762.13	3	3	8	25
937.23	761.83	2	2	3	25
940.77	195.22	3	3	8	25
955.73	490.36	4	6	17	25
968.28	804.37	4	4	13	25
87.82	980.03	4	3	10	26
97.48	625.47	2	2	4	26
121.98	852.98	3	3	5	26
127.63	743.67	2	2	3	26
130.87	628.08	3	3	6	26
147.81	557.04	4	3	10	26
152.58	456.37	2	2	4	26
160.73	218.91	4	5	17	26
175.36	227.03	3	3	7	26
177.03	167.15	3	2	4	26
181.11	833.92	3	3	6	26
186.55	832.84	2	3	5	26
216.51	682.47	6	4	20	26
218.16	734.21	3	3	6	26
220.99	671.05	3	3	5	26
228.94	529.08	5	5	22	26
238.06	497.99	3	3	9	26
255.29	602.98	4	3	10	26
261.66	173.72	4	4	13	26
272.01	498.26	3	2	4	26
295.81	889.12	3	3	6	26
299.57	1095.58	2	2	4	26
308.22	835.70	4	4	12	26
313.52	908.48	2	2	4	26
316.70	247.33	4	4	13	26
316.58	286.96	2	3	4	26
334.37	663.53	4	4	13	26
344.37	114.67	6	7	34	26
352.93	401.24	3	4	10	26
359.41	301.49	2	2	4	26
359.45	761.50	2	2	4	26
392.97	496.28	3	3	7	26
427.33	399.19	4	5	14	26
446.54	586.61	6	5	24	26
454.20	357.57	3	4	8	26
526.92	489.96	3	3	9	26
529.59	409.25	4	4	14	26
553.04	164.59	4	4	13	26
616.16	134.86	5	5	22	26
618.25	489.83	2	2	3	26
652.06	202.25	3	4	10	26
660.17	230.74	9	8	52	26
658.47	680.38	4	4	12	26
679.66	529.34	4	4	12	26
687.71	909.26	2	2	3	26
690.26	538.67	2	2	3	26
697.00	411.04	3	3	5	26
734.92	400.66	5	4	15	26
761.64	234.25	5	5	20	26
772.37	690.08	2	3	5	26
775.18	727.24	3	3	7	26
783.66	236.45	2	2	4	26
784.56	759.55	4	2	4	26
785.80	424.97	3	3	8	26
800.24	501.21	4	4	11	26
806.41	908.70	4	4	14	26
823.83	801.85	3	3	8	26
833.35	664.22	6	5	20	26
843.00	835.27	3	3	7	26
844.40	102.68	2	3	5	26
845.96	114.99	3	3	5	26
853.51	634.60	2	2	4	26
874.59	952.25	2	2	3	26
875.47	505.58	2	2	4	26
906.03	392.04	5	5	13	26
926.67	752.19	4	3	9	26
930.15	642.77	3	3	6	26
937.54	762.27	6	4	11	26
940.12	193.12	3	3	6	26
955.85	488.53	3	6	16	26
959.64	1009.66	2	2	3	26
970.71	804.37	4	4	12	26
970.61	1036.67	2	2	3	26
89.19	983.66	2	2	3	27
98.53	628.63	2	2	4	27
121.99	853.00	3	3	5	27
123.23	630.96	2	3	4	27
143.89	462.89	3	3	8	27
148.21	563.95	4	3	10	27
162.26	224.59	5	4	18	27
174.93	232.52	3	4	8	27
177.02	167.15	3	2	4	27
181.03	834.00	3	3	5	27
187.11	836.47	3	2	6	27
214.54	680.47	4	4	13	27
217.80	689.20	3	3	8	27
228.42	531.97	6	5	21	27
239.13	503.89	3	3	8	27
250.85	607.87	3	3	8	27
262.65	178.49	4	4	14	27
267.42	504.17	2	3	5	27
273.50	776.53	2	2	4	27
296.99	892.05	3	3	9	27
311.25	831.02	6	5	22	27
319.11	251.39	4	4	12	27
336.56	663.74	4	4	14	27
346.22	113.77	6	7	34	27
346.59	405.91	3	3	7	27
353.47	760.45	2	2	4	27
355.98	304.75	3	2	4	27
381.55	699.58	2	2	4	27
396.06	500.89	3	3	8	27
419.06	100.81	3	3	7	27
430.51	397.05	4	5	15	27
447.28	587.95	7	7	36	27
460.99	360.48	3	2	6	27
489.25	483.75	2	3	4	27
530.01	492.72	3	3	7	27
532.13	411.59	5	4	15	27
554.71	163.70	4	4	13	27
558.69	1172.77	2	2	3	27
581.22	988.72	2	2	3	27
586.02	857.13	3	2	4	27
614.81	133.57	5	6	22	27
655.31	203.30	4	4	10	27
658.17	228.48	8	8	55	27
677.50	526.98	4	3	6	27
693.23	541.05	3	3	7	27
693.88	910.34	3	2	5	27
703.74	723.68	2	2	3	27
706.57	410.50	2	2	4	27
735.36	401.02	4	5	14	27
767.95	237.04	5	5	21	27
773.61	690.05	2	3	6	27
774.84	727.42	3	2	5	27
782.97	239.01	3	3	5	27
786.04	760.34	5	4	12	27
787.27	425.16	3	3	8	27
800.05	500.13	3	4	10	27
810.36	907.90	4	4	12	27
827.51	802.66	4	4	11	27
838.44	667.55	6	6	25	27
846.61	834.84	2	2	3	27
850.20	119.13	3	3	6	27
855.20	635.63	3	4	9	27
878.90	507.62	3	3	7	27
905.83	389.89	4	4	11	27
928.24	751.98	3	3	8	27
939.41	190.89	2	3	6	27
940.32	762.23	4	5	12	27
956.03	486.75	4	6	17	27
961.68	1012.64	2	2	3	27
973.36	804.30	4	4	13	27
974.11	1039.18	3	2	4	27
114.78	634.01	3	3	7	28
121.99	852.99	3	3	5	28
134.64	469.42	2	2	4	28
148.61	569.94	4	3	9	28
163.76	230.08	5	5	19	28
173.89	237.83	3	3	6	28
181.11	833.93	3	3	6	28
201.40	740.16	2	3	5	28
213.11	678.42	5	5	16	28
217.51	695.80	4	3	10	28
228.28	534.76	5	5	22	28
240.04	509.71	3	4	10	28
245.94	612.09	3	3	9	28
263.60	183.04	4	3	11	28
262.69	509.63	2	2	4	28
274.26	782.09	3	3	7	28
298.03	895.09	3	3	5	28
309.67	1098.38	2	2	4	28
313.22	826.32	4	6	19	28
321.48	255.37	4	4	12	28
326.69	1148.26	2	2	3	28
338.61	663.91	4	4	13	28
340.03	410.09	3	3	9	28
347.92	112.35	7	6	33	28
353.51	308.45	2	2	4	28
399.05	505.86	3	3	7	28
418.08	102.66	3	3	7	28
433.66	394.08	4	3	9	28
447.17	588.81	7	7	35	28
466.77	362.58	3	2	5	28
533.14	495.31	3	3	7	28
534.34	414.00	4	5	14	28
556.26	162.78	4	4	11	28
563.81	1174.18	3	3	6	28
584.55	860.43	2	2	4	28
613.41	132.21	5	5	21	28
656.54	226.00	8	9	50	28
658.71	204.16	4	3	10	28
662.22	687.83	5	4	13	28
672.98	523.53	3	2	6	28
696.69	543.02	3	3	7	28
699.92	911.84	3	3	6	28
708.76	415.76	3	6	12	28
732.22	988.98	2	3	4	28
735.62	401.20	4	4	14	28
774.32	239.78	5	5	19	28
774.12	727.02	3	3	7	28
774.88	690.16	3	3	6	28
782.59	241.68	2	2	3	28
787.43	763.04	4	3	8	28
789.09	425.15	3	3	8	28
799.95	498.99	3	3	9	28
814.37	906.73	4	4	13	28
831.24	803.18	3	3	8	28
843.31	670.84	5	5	21	28
850.19	834.43	3	2	5	28
855.47	110.43	2	2	4	28
881.95	509.05	3	3	9	28
905.59	387.68	4	4	13	28
930.10	751.42	3	4	9	28
931.66	706.29	2	2	3	28
936.83	647.59	3	2	5	28
938.89	188.65	3	3	7	28
943.27	760.31	3	3	6	28
943.40	764.60	2	2	4	28
956.18	484.68	4	6	19	28
964.54	1015.48	2	2	4	28
975.83	804.12	4	4	11	28
106.51	636.93	2	3	6	29
121.98	852.99	3	3	5	29
125.24	476.03	3	3	7	29
149.10	576.37	3	4	9	29
165.18	235.64	5	4	17	29
173.12	243.08	3	3	8	29
181.10	833.92	3	3	6	29
188.03	843.45	3	2	6	29
192.94	743.70	3	3	7	29
211.95	677.12	3	5	12	29
217.85	702.28	3	4	9	29
228.48	537.03	5	5	19	29
240.94	515.08	3	3	9	29
240.92	617.08	3	3	9	29
257.86	515.28	2	2	3	29
264.50	187.63	4	4	12	29
299.06	898.51	3	2	6	29
315.09	822.70	5	4	18	29
323.70	259.12	4	3	11	29
333.48	414.88	4	3	8	29
340.76	664.25	4	4	12	29
341.58	757.28	2	2	3	29
349.95	111.34	7	6	35	29
384.48	703.52	4	2	8	29
394.80	597.75	2	2	3	29
402.66	510.23	2	2	3	29
416.98	104.71	3	3	7	29
436.39	391.38	4	4	13	29
447.44	590.10	6	7	34	29
472.88	366.14	3	3	6	29
536.77	416.43	4	4	14	29
536.84	497.90	3	3	5	29
558.10	161.87	4	3	10	29
569.05	1175.69	3	2	4	29
574.35	988.71	2	3	5	29
612.10	130.95	5	5	22	29
614.17	488.84	2	2	3	29
654.90	223.77	9	8	51	29
661.96	205.41	3	4	11	29
663.00	689.40	5	6	21	29
700.08	545.19	3	3	7	29
705.55	912.56	2	2	4	29
709.29	417.26	2	2	3	29
736.11	401.37	4	4	13	29
772.93	724.33	3	2	3	29
777.19	430.68	2	2	3	29
780.89	242.92	5	5	22	29
789.98	765.76	5	4	14	29
790.95	425.04	3	3	7	29
799.79	497.90	4	3	10	29
818.32	905.87	4	4	11	29
835.09	803.97	3	3	9	29
848.67	674.10	6	5	24	29
853.08	833.91	3	3	5	29
858.83	128.07	3	3	6	29
860.93	114.20	3	2	4	29
860.56	640.44	2	2	2	29
863.40	923.15	4	2	5	29
882.33	961.26	2	2	3	29
884.97	511.23	3	3	7	29
905.35	385.49	4	4	13	29
931.90	751.07	3	3	9	29
934.64	706.33	2	2	3	29
938.10	186.37	3	4	9	29
940.33	650.67	2	2	3	29
945.71	513.16	2	2	3	29
945.48	765.50	2	2	4	29
946.73	759.40	2	2	3	29
956.29	482.85	4	6	19	29
967.04	1018.73	3	2	4	29
978.52	803.90	4	3	12	29
97.87	639.81	3	3	6	30
115.96	482.32	3	3	7	30
121.99	853.00	3	3	5	30
149.37	582.67	4	4	13	30
166.86	241.44	5	4	17	30
172.35	248.50	2	2	4	30
181.11	833.92	3	3	6	30
183.80	746.85	3	3	8	30
188.51	846.49	2	2	4	30
210.76	675.54	4	4	14	30
217.82	709.07	3	3	8	30
228.35	539.62	5	6	23	30
235.85	622.54	3	4	8	30
241.67	521.01	3	3	7	30
265.61	192.29	4	4	13	30
300.47	901.69	2	2	4	30
318.20	818.47	5	4	13	30
320.45	1100.66	2	2	4	30
323.33	295.31	2	2	3	30
326.01	263.19	3	4	10	30
325.74	1150.25	2	2	3	30
326.87	419.82	3	4	10	30
327.37	293.22	2	2	3	30
335.34	755.67	2	2	3	30
343.12	664.71	4	4	12	30
351.94	110.49	7	6	33	30
385.40	704.22	3	4	8	30
405.92	515.00	3	3	9	30
416.20	107.00	3	3	7	30
439.91	389.72	5	4	15	30
447.80	591.48	7	6	34	30
479.12	369.07	3	3	8	30
539.29	419.02	5	5	17	30
540.01	500.61	3	4	9	30
550.26	643.95	4	3	9	30
559.82	160.95	4	5	12	30
574.42	1176.64	2	2	4	30
610.76	129.86	5	5	20	30
653.25	221.61	8	8	53	30
664.40	691.98	4	5	17	30
665.48	206.61	4	4	13	30
703.55	547.49	2	2	4	30
707.38	726.73	2	2	3	30
711.49	914.49	2	2	4	30
736.52	401.70	4	4	14	30
772.52	724.51	2	2	4	30
777.91	690.18	3	2	4	30
787.06	245.84	5	5	21	30
791.39	766.87	4	3	11	30
792.67	425.06	3	3	7	30
799.74	496.95	4	3	10	30
815.61	756.22	2	3	5	30
819.10	445.85	2	2	3	30
822.47	904.74	4	4	13	30
838.83	804.82	3	3	8	30
848.06	525.03	3	3	5	30
853.41	677.43	6	4	19	30
856.80	833.76	3	3	6	30
863.19	132.30	3	3	6	30
864.30	643.00	2	3	4	30
866.72	118.01	2	3	4	30
884.99	964.22	3	2	4	30
888.04	512.50	3	2	6	30
899.40	505.27	2	2	3	30
905.29	383.42	4	4	14	30
933.59	750.62	4	4	12	30
936.11	706.32	5	2	6	30
937.75	184.16	3	3	8	30
943.66	652.79	2	3	5	30
945.37	514.09	2	3	5	30
947.44	766.47	2	2	4	30
956.37	481.21	4	6	20	30
981.09	803.70	4	4	11	30
