82.32	556.30	2	2	3	0
100.77	422.02	3	3	7	0
106.96	869.78	3	2	4	0
113.00	527.01	3	3	5	0
120.70	254.28	2	2	3	0
130.66	779.23	4	6	21	0
132.39	1052.16	2	3	5	0
180.98	377.95	3	3	9	0
205.74	775.02	2	3	4	0
211.02	154.54	3	2	6	0
230.00	429.74	3	2	4	0
246.14	552.94	5	5	17	0
253.00	496.79	3	4	10	0
255.68	760.30	2	2	3	0
259.01	337.25	3	3	7	0
292.19	599.73	2	2	3	0
303.54	639.54	4	4	14	0
314.47	266.47	2	2	4	0
315.64	340.85	2	3	5	0
318.67	124.64	4	4	10	0
320.69	273.71	6	6	31	0
320.68	782.06	3	3	7	0
338.04	785.24	3	2	4	0
337.90	1121.87	3	3	6	0
340.59	618.44	2	2	4	0
341.89	589.11	3	3	8	0
343.71	604.57	4	4	13	0
364.75	340.63	2	2	3	0
365.12	730.13	3	3	6	0
384.48	288.99	2	3	6	0
387.24	323.69	2	2	3	0
401.51	480.06	4	3	8	0
416.08	705.70	3	4	9	0
418.22	637.04	2	3	4	0
426.89	366.34	3	4	9	0
434.97	659.49	5	6	26	0
477.23	398.34	2	2	3	0
487.18	905.15	3	3	8	0
495.79	505.39	3	2	5	0
509.08	389.20	3	4	10	0
510.68	633.27	4	3	8	0
531.81	294.38	3	2	5	0
545.15	204.19	4	4	11	0
544.99	1178.53	3	2	6	0
552.15	854.87	3	3	8	0
569.81	379.61	3	2	5	0
587.12	624.18	3	3	8	0
604.96	956.36	3	3	7	0
604.87	991.87	3	3	6	0
610.06	684.67	3	4	11	0
626.83	213.00	5	5	20	0
647.41	475.31	2	2	4	0
664.56	1114.18	4	4	13	0
685.03	410.08	7	7	44	0
690.26	176.69	5	5	20	0
695.93	611.55	5	6	19	0
713.97	752.63	5	5	17	0
730.15	879.41	5	4	15	0
731.37	769.14	4	3	9	0
737.76	865.01	3	3	7	0
739.67	595.42	4	4	11	0
751.28	769.31	2	2	3	0
756.52	796.51	2	2	4	0
759.66	396.28	4	4	13	0
767.02	621.04	3	3	9	0
770.58	811.58	4	4	15	0
770.36	794.76	2	2	3	0
784.38	389.94	3	3	7	0
784.87	662.60	3	6	14	0
801.13	453.88	3	3	8	0
814.45	597.50	2	2	4	0
827.29	514.65	4	4	10	0
870.89	508.16	5	5	22	0
884.04	692.56	3	4	10	0
890.25	725.97	3	3	7	0
898.30	528.03	3	3	7	0
898.15	995.17	3	3	6	0
903.53	1084.84	5	5	18	0
909.77	704.98	4	3	10	0
911.58	957.57	2	2	4	0
919.31	148.67	2	2	3	0
922.83	434.39	4	4	12	0
930.20	747.58	4	4	14	0
945.91	737.90	3	3	8	0
956.60	508.79	4	5	17	0
959.05	264.72	3	2	4	0
959.38	720.72	2	2	3	0
961.66	533.19	2	2	3	0
966.97	863.48	3	2	6	0
981.81	512.97	2	3	4	0
984.05	588.55	5	4	16	0
988.25	1021.54	3	4	10	0
94.19	427.10	3	3	6	1
101.56	578.53	2	2	4	1
108.00	872.72	3	2	4	1
113.04	531.04	3	3	5	1
130.60	779.33	4	6	20	1
182.57	102.26	4	4	14	1
181.72	383.97	3	3	7	1
205.44	158.97	2	3	6	1
205.59	777.36	2	2	4	1
245.60	554.61	5	5	18	1
253.84	502.52	3	2	6	1
260.00	342.49	3	2	6	1
293.01	605.25	3	3	7	1
302.55	637.85	4	5	15	1
309.94	268.85	3	3	8	1
319.58	128.26	4	3	10	1
320.87	271.33	7	7	31	1
321.67	343.51	2	4	6	1
321.17	784.00	2	3	4	1
335.82	591.09	3	3	8	1
337.79	620.82	3	3	6	1
340.55	779.85	4	4	13	1
345.18	604.29	5	4	14	1
367.51	345.18	2	3	5	1
378.96	292.68	3	3	7	1
383.02	325.94	3	3	5	1
397.82	368.92	2	3	4	1
410.75	707.78	3	3	6	1
428.49	363.36	4	4	11	1
435.12	660.47	5	6	28	1
462.25	496.75	2	2	3	1
479.51	426.48	4	2	6	1
479.90	402.07	3	3	6	1
485.17	907.90	3	3	8	1
493.51	508.52	2	2	4	1
509.81	390.51	3	4	10	1
511.52	635.50	2	2	4	1
528.03	294.48	3	4	8	1
537.64	220.27	2	2	3	1
539.66	820.29	2	2	3	1
546.01	203.49	3	4	12	1
557.87	856.94	3	3	8	1
573.49	382.43	2	2	4	1
582.88	629.10	3	3	8	1
607.67	957.30	2	2	3	1
608.31	992.30	2	2	3	1
611.60	687.40	4	4	15	1
629.24	214.69	6	6	23	1
634.39	795.75	2	2	3	1
648.50	477.40	2	2	4	1
667.99	1116.31	3	3	7	1
682.92	408.12	7	7	43	1
686.79	176.74	5	5	19	1
701.07	614.97	5	5	21	1
707.54	332.50	2	2	4	1
716.30	755.50	5	4	15	1
734.27	877.91	4	4	12	1
735.92	769.98	3	3	9	1
742.02	598.29	3	3	7	1
758.82	395.78	4	4	11	1
769.89	624.53	4	4	13	1
770.32	811.65	5	5	18	1
770.32	638.66	2	2	3	1
774.41	793.75	2	2	3	1
784.84	389.64	3	4	9	1
786.42	662.28	2	6	11	1
803.18	457.22	3	3	6	1
818.72	600.98	3	3	7	1
826.80	513.04	4	3	10	1
825.73	869.01	3	3	7	1
841.14	907.81	3	3	6	1
876.93	511.33	5	6	20	1
886.37	692.15	4	3	9	1
889.52	462.48	2	2	4	1
892.30	726.94	3	3	7	1
900.17	996.81	3	3	6	1
903.88	527.64	3	2	5	1
907.80	1085.61	5	5	17	1
910.75	704.66	4	4	12	1
913.29	959.01	3	3	7	1
921.78	150.82	3	3	6	1
922.67	432.07	4	3	11	1
932.24	747.55	4	4	14	1
948.07	737.72	3	3	7	1
956.96	506.91	3	5	14	1
958.22	261.42	3	2	5	1
963.15	533.15	3	3	6	1
969.70	863.66	2	2	3	1
985.89	587.60	5	4	17	1
990.89	1020.63	3	4	11	1
88.00	431.72	3	2	4	2
101.49	586.43	2	2	4	2
108.42	875.54	2	2	4	2
130.65	779.13	5	6	20	2
177.64	483.31	2	2	3	2
182.17	390.72	3	3	8	2
183.20	107.50	4	4	14	2
199.43	163.60	2	2	4	2
205.98	779.43	3	2	6	2
214.44	442.43	2	2	4	2
245.25	556.47	4	4	14	2
253.98	508.68	3	3	7	2
260.85	347.89	3	3	8	2
261.64	770.29	2	2	3	2
294.05	610.84	3	3	6	2
302.22	636.50	4	4	14	2
305.50	271.48	2	2	4	2
320.95	269.25	6	6	30	2
321.47	132.18	4	4	9	2
321.52	786.38	2	2	4	2
327.15	346.16	3	3	6	2
329.13	593.16	3	3	8	2
334.16	623.75	3	3	6	2
342.55	702.48	2	2	4	2
346.53	603.95	4	3	12	2
365.75	733.06	2	3	4	2
369.70	350.27	2	2	3	2
373.03	296.48	3	2	6	2
379.16	328.19	3	3	8	2
395.10	372.14	3	3	8	2
394.58	482.52	2	2	4	2
405.04	709.84	3	3	8	2
430.54	361.04	4	3	10	2
430.69	281.67	2	2	3	2
435.07	661.26	5	7	28	2
483.01	405.22	3	2	4	2
482.77	910.61	3	2	5	2
486.67	606.70	2	2	3	2
489.66	1071.34	2	2	3	2
510.53	391.98	4	3	12	2
512.48	638.56	2	2	4	2
523.56	294.61	2	2	4	2
544.44	824.45	2	2	4	2
547.03	202.89	3	3	9	2
547.04	439.45	3	2	6	2
563.66	859.87	4	3	9	2
577.54	385.44	2	2	4	2
612.95	689.87	5	4	15	2
611.73	992.66	2	2	3	2
628.05	213.27	3	3	7	2
633.93	218.26	5	5	16	2
633.98	796.65	3	3	7	2
649.88	480.01	3	3	5	2
670.85	1118.83	3	3	8	2
680.83	406.21	7	8	44	2
683.48	176.77	4	5	18	2
701.41	442.46	2	2	4	2
706.15	618.48	5	4	17	2
707.01	336.92	3	3	5	2
718.89	758.77	5	5	18	2
738.28	876.54	4	4	14	2
740.00	770.59	3	4	8	2
744.87	601.15	3	3	8	2
757.89	395.19	4	4	11	2
758.19	773.02	2	3	4	2
769.78	811.96	5	5	17	2
771.31	638.30	2	2	3	2
772.96	627.96	3	5	11	2
778.83	792.82	3	3	6	2
784.96	389.65	3	3	7	2
787.78	662.55	3	6	13	2
802.97	189.76	3	2	4	2
805.78	460.74	3	3	6	2
823.28	604.33	2	2	3	2
826.08	511.85	3	3	9	2
828.08	871.78	3	2	4	2
843.99	911.04	3	3	5	2
882.84	514.51	5	6	20	2
888.96	692.03	3	3	9	2
894.50	727.47	2	2	4	2
902.47	998.55	2	2	4	2
910.17	527.80	3	3	8	2
911.63	1086.57	5	6	18	2
911.98	704.28	3	4	10	2
914.96	960.72	3	3	7	2
922.21	429.51	4	4	14	2
924.45	153.00	2	3	6	2
934.36	747.64	4	4	13	2
944.01	814.75	3	2	4	2
950.97	737.52	3	2	6	2
957.09	258.52	3	4	8	2
957.23	505.23	4	6	18	2
964.61	533.19	2	3	5	2
972.38	863.87	2	3	5	2
987.47	586.77	4	5	18	2
992.67	1020.01	2	3	6	2
80.45	211.50	2	2	4	3
81.52	436.03	4	3	8	3
101.29	594.30	2	2	3	3
108.66	878.52	2	2	4	3
114.25	539.69	3	2	5	3
130.53	779.17	4	6	19	3
132.48	1051.50	2	2	4	3
153.50	564.48	2	2	4	3
182.82	396.97	4	3	10	3
183.72	112.91	5	5	16	3
193.30	168.94	3	3	7	3
193.45	649.41	2	2	4	3
206.01	448.76	3	3	7	3
205.99	781.55	3	2	6	3
244.85	557.86	5	5	19	3
254.28	514.79	3	3	6	3
261.99	353.28	3	3	7	3
264.70	775.30	2	2	3	3
301.00	274.01	3	3	5	3
301.49	635.47	4	4	12	3
321.28	267.27	7	6	30	3
322.06	788.10	3	3	8	3
322.98	135.96	3	3	9	3
322.80	595.17	3	3	8	3
330.92	626.32	3	3	7	3
332.53	348.53	2	2	4	3
340.02	1121.05	3	3	5	3
345.27	769.86	5	3	8	3
347.66	603.63	4	4	13	3
365.99	734.01	3	3	5	3
367.52	300.51	2	2	4	3
372.31	354.80	2	3	5	3
375.48	331.46	2	2	4	3
392.02	376.06	3	3	5	3
391.50	483.01	2	3	6	3
397.50	695.02	2	3	6	3
399.23	711.74	3	3	6	3
418.21	649.75	2	2	3	3
428.96	283.77	3	2	4	3
435.25	662.03	6	6	27	3
480.16	913.36	3	2	5	3
485.94	408.55	3	2	6	3
493.35	1072.93	3	3	7	3
511.50	393.44	4	4	12	3
513.86	641.18	3	3	8	3
519.17	295.81	3	3	6	3
545.67	442.67	2	2	3	3
548.12	202.06	4	3	10	3
569.14	862.19	3	3	8	3
575.45	638.02	2	3	6	3
581.76	388.57	3	2	5	3
614.50	693.04	4	3	12	3
615.01	993.02	3	3	5	3
617.43	961.60	2	2	4	3
628.11	213.97	3	3	9	3
638.02	220.61	5	4	16	3
674.15	1121.11	3	3	8	3
678.81	404.41	7	8	47	3
680.14	176.80	5	5	22	3
697.22	919.99	2	3	4	3
711.37	622.10	4	5	17	3
721.45	762.25	4	5	16	3
739.70	381.26	2	2	3	3
742.05	875.44	3	4	12	3
744.15	771.37	3	4	9	3
747.03	604.05	3	3	7	3
757.06	394.74	5	4	13	3
769.50	811.79	4	5	18	3
775.83	631.01	4	3	10	3
782.67	791.99	3	3	7	3
785.11	389.35	3	4	9	3
789.33	662.90	2	6	9	3
808.27	464.06	3	3	7	3
825.79	510.01	4	3	10	3
827.54	607.44	2	2	4	3
888.86	517.58	5	5	19	3
891.65	691.94	3	3	7	3
896.94	728.44	3	4	8	3
899.25	456.02	2	3	4	3
904.76	1000.28	2	2	3	3
913.04	704.21	3	4	10	3
915.95	1087.82	5	6	19	3
915.50	527.55	2	2	4	3
916.29	962.34	3	2	5	3
921.71	427.43	4	4	13	3
927.00	155.73	3	2	4	3
936.45	747.68	4	4	14	3
953.64	737.03	3	3	7	3
956.18	255.82	3	3	8	3
957.61	503.68	4	6	18	3
965.99	533.21	3	2	4	3
971.53	511.60	2	2	4	3
974.75	864.01	2	3	4	3
979.48	982.47	2	2	4	3
988.68	585.97	4	5	18	3
101.51	601.28	2	3	5	4
109.71	881.62	2	2	3	4
112.69	248.34	2	2	3	4
114.99	544.01	3	3	5	4
130.60	779.32	4	6	20	4
132.49	1052.48	2	2	4	4
183.71	402.97	4	3	10	4
184.46	118.26	4	4	14	4
186.57	173.55	2	2	4	4
205.93	783.80	3	3	6	4
244.38	559.25	4	5	16	4
254.97	520.66	3	3	7	4
262.53	358.54	2	2	4	4
267.89	779.84	3	3	6	4
296.04	276.99	3	3	9	4
295.22	621.98	2	3	4	4
300.61	633.68	4	4	13	4
316.13	597.36	3	4	9	4
316.19	670.79	3	3	6	4
321.57	265.21	6	7	33	4
322.57	789.99	2	3	6	4
324.55	139.50	4	4	12	4
327.66	628.95	3	3	7	4
338.32	351.41	4	2	7	4
340.88	1120.88	3	3	6	4
345.83	767.28	3	3	7	4
349.23	603.11	4	4	11	4
361.82	304.39	3	2	5	4
366.28	734.61	2	2	3	4
371.94	333.50	3	2	6	4
374.80	359.58	3	2	5	4
388.32	484.31	2	2	3	4
393.36	713.23	4	3	9	4
397.37	695.95	4	3	9	4
418.01	653.96	3	3	5	4
426.49	286.49	2	2	4	4
435.34	662.68	6	6	30	4
435.38	356.13	2	3	5	4
465.21	101.66	2	2	3	4
477.44	915.85	2	3	5	4
485.51	519.54	2	2	4	4
487.49	611.52	2	2	4	4
488.86	411.90	3	3	6	4
497.36	1073.66	2	2	3	4
512.31	394.68	4	4	13	4
514.54	297.38	2	2	4	4
514.74	643.63	3	4	9	4
544.30	447.27	2	2	3	4
549.12	201.22	4	4	11	4
554.78	831.69	3	2	5	4
571.28	642.09	3	3	7	4
575.01	864.53	3	2	6	4
585.84	390.88	3	3	6	4
589.04	732.58	3	2	4	4
615.56	695.73	4	5	16	4
618.71	993.37	3	2	5	4
621.34	962.66	2	2	3	4
628.28	214.50	3	4	10	4
642.40	223.11	4	5	15	4
652.58	485.12	2	3	5	4
676.79	402.35	7	8	46	4
677.10	176.60	5	5	20	4
677.85	1122.92	3	3	8	4
706.02	344.91	3	3	5	4
716.53	625.62	6	5	20	4
723.66	765.20	4	5	17	4
746.19	874.03	4	3	10	4
748.60	771.95	4	3	9	4
749.87	606.89	3	3	8	4
756.28	394.31	4	4	12	4
769.49	812.38	6	5	21	4
771.33	848.74	2	2	3	4
779.46	634.18	4	3	10	4
785.18	389.16	3	3	8	4
786.68	790.74	2	2	3	4
790.57	662.45	2	2	4	4
810.53	467.72	2	3	5	4
825.18	508.32	3	4	9	4
832.43	610.46	2	2	4	4
832.83	876.82	3	3	6	4
850.29	918.01	3	3	7	4
894.82	520.57	5	6	21	4
893.94	691.36	3	4	9	4
898.71	729.09	4	3	9	4
907.29	1002.24	2	2	3	4
914.05	703.95	3	3	9	4
918.44	963.96	2	3	6	4
920.20	1088.74	5	6	17	4
921.35	424.92	4	3	11	4
921.97	527.03	3	3	5	4
938.49	747.61	4	4	14	4
944.34	810.33	2	2	3	4
955.12	252.46	3	2	6	4
955.89	736.89	3	3	8	4
958.07	501.92	4	5	16	4
967.72	533.22	2	2	3	4
977.42	864.19	2	2	3	4
989.97	584.31	5	5	17	4
101.04	609.24	3	2	4	5
110.21	884.33	2	2	3	5
115.47	548.46	2	2	4	5
130.60	779.09	4	6	20	5
152.29	569.65	2	2	3	5
179.86	178.88	3	3	6	5
185.12	123.51	5	4	15	5
184.12	409.17	3	3	8	5
188.97	461.83	3	2	4	5
206.31	785.96	3	3	7	5
244.15	561.06	5	5	18	5
249.29	101.76	2	2	3	5
255.18	526.78	3	3	8	5
263.49	363.97	2	3	6	5
291.60	279.88	4	3	9	5
292.60	103.07	4	3	9	5
299.58	632.24	4	4	12	5
309.65	599.69	4	4	10	5
316.07	670.60	3	3	7	5
322.23	263.16	6	7	32	5
322.90	791.81	3	3	6	5
323.99	631.51	3	4	8	5
326.09	143.03	3	3	9	5
341.75	1120.80	2	2	3	5
344.49	353.50	2	2	4	5
350.62	602.65	4	4	13	5
355.85	308.86	3	3	8	5
366.30	735.61	2	2	3	5
368.44	335.57	2	2	4	5
377.04	364.27	3	3	7	5
385.02	485.76	3	3	7	5
387.89	714.93	3	3	8	5
397.68	696.98	3	3	7	5
424.18	288.86	3	3	6	5
435.33	663.47	6	6	30	5
436.94	353.78	3	5	12	5
464.57	102.44	2	2	4	5
475.00	918.51	3	2	6	5
482.71	523.03	2	3	4	5
488.87	613.61	3	2	5	5
491.77	415.39	3	2	5	5
510.00	298.26	3	2	4	5
513.10	396.36	3	4	11	5
515.88	646.19	3	3	8	5
542.62	451.20	2	3	5	5
550.02	200.61	3	4	11	5
567.49	646.50	2	2	4	5
580.69	866.95	3	3	7	5
590.27	394.27	2	2	3	5
616.83	698.46	5	4	15	5
622.20	993.59	3	2	5	5
625.75	964.45	2	2	3	5
628.90	215.19	3	3	8	5
631.76	799.33	3	2	5	5
646.60	225.63	4	4	13	5
654.20	487.93	3	3	7	5
674.69	400.54	8	8	49	5
674.05	176.16	5	5	21	5
680.99	1125.00	3	3	9	5
691.48	443.76	2	2	3	5
721.65	629.16	5	5	19	5
726.13	768.69	5	5	16	5
750.32	872.68	4	4	13	5
752.51	610.00	2	3	6	5
752.79	772.52	3	4	10	5
755.43	394.02	4	3	12	5
768.39	812.39	4	4	15	5
774.74	637.29	2	2	3	5
781.94	637.25	3	4	10	5
785.93	389.04	3	3	7	5
790.76	790.03	3	3	7	5
792.52	662.53	2	2	4	5
801.51	198.46	2	2	4	5
812.99	470.72	3	3	7	5
824.90	506.96	3	3	9	5
836.55	613.50	2	2	4	5
896.11	691.28	3	3	7	5
900.82	523.74	5	5	19	5
901.00	729.75	3	3	7	5
909.47	449.51	2	2	4	5
915.27	703.75	3	3	8	5
920.80	422.62	4	4	12	5
919.93	965.52	3	2	6	5
924.35	1089.67	5	6	18	5
928.27	526.67	2	2	3	5
932.56	160.51	2	2	4	5
940.73	747.48	4	4	14	5
944.30	807.14	3	3	7	5
954.09	249.51	3	2	6	5
958.20	500.23	4	6	18	5
958.80	736.19	3	3	6	5
969.43	533.44	2	2	4	5
980.14	863.95	3	3	6	5
991.56	583.66	4	4	14	5
101.46	616.55	2	2	4	6
110.97	887.47	3	2	6	6
116.21	552.73	2	2	3	6
130.67	779.23	4	6	21	6
132.38	1052.17	2	3	5	6
173.12	184.10	3	3	6	6
180.40	468.04	2	3	4	6
185.64	128.91	4	5	15	6
184.81	415.83	3	3	6	6
206.76	788.19	3	3	6	6
243.95	562.84	5	5	17	6
250.51	545.04	2	3	4	6
255.78	532.82	3	3	8	6
264.14	369.47	3	2	6	6
274.31	790.30	2	2	3	6
286.05	282.69	3	3	7	6
292.49	107.17	4	3	10	6
298.24	631.74	5	6	18	6
302.93	601.72	3	3	7	6
316.14	670.09	3	3	8	6
322.62	261.26	6	6	29	6
320.51	634.46	2	2	4	6
323.80	793.81	3	3	6	6
327.99	146.99	3	3	9	6
349.89	312.89	3	3	6	6
349.81	356.14	3	3	6	6
349.28	755.68	2	3	4	6
352.15	602.44	5	4	15	6
364.50	338.09	2	3	6	6
367.23	737.42	3	2	5	6
379.72	368.98	3	3	7	6
381.58	487.49	2	2	4	6
381.74	716.81	3	3	6	6
383.82	387.13	3	3	6	6
422.33	290.88	2	3	5	6
435.57	664.23	6	6	29	6
438.63	351.71	4	5	16	6
464.24	103.33	2	2	3	6
471.93	921.24	3	3	7	6
479.70	526.36	2	2	3	6
494.40	419.13	2	3	5	6
505.48	300.40	2	2	4	6
514.14	397.95	4	3	10	6
517.17	649.00	4	3	10	6
541.60	454.67	2	2	3	6
550.91	200.10	3	4	10	6
562.98	650.97	3	3	5	6
586.38	868.98	3	3	7	6
594.48	397.52	2	2	4	6
618.45	701.29	4	4	14	6
625.69	994.23	2	2	3	6
629.08	215.99	3	3	9	6
630.93	800.45	3	2	6	6
630.69	966.08	3	3	7	6
651.14	228.29	5	5	18	6
655.56	490.37	2	2	4	6
671.19	176.01	5	5	20	6
672.80	398.60	7	8	47	6
684.05	1127.00	3	3	9	6
726.78	632.77	5	5	19	6
728.60	772.00	4	5	16	6
754.62	393.86	4	3	11	6
754.13	612.90	3	3	8	6
754.28	871.55	4	4	14	6
757.16	773.09	4	3	10	6
761.23	876.78	2	2	3	6
768.00	812.52	5	4	16	6
785.29	640.80	4	5	14	6
786.14	389.12	3	3	8	6
794.39	662.16	2	3	5	6
794.58	788.55	2	2	4	6
801.40	201.41	2	2	4	6
815.67	474.05	3	3	7	6
824.09	505.46	3	2	6	6
825.93	337.77	3	2	4	6
899.80	690.89	3	3	8	6
903.37	730.55	2	2	4	6
906.87	526.25	5	5	19	6
912.15	1005.80	3	3	6	6
914.24	447.56	3	2	5	6
916.82	703.19	3	3	8	6
920.41	420.35	4	4	13	6
921.52	967.46	2	2	4	6
928.66	1090.67	5	6	19	6
933.82	526.60	3	2	5	6
935.46	162.99	2	3	6	6
942.75	747.45	4	4	14	6
944.72	804.95	3	3	7	6
953.48	246.88	2	3	6	6
958.39	498.55	4	6	19	6
961.11	735.92	3	3	8	6
963.50	844.49	2	2	4	6
970.83	533.40	3	2	5	6
982.83	864.55	3	2	5	6
984.78	981.83	3	3	6	6
992.43	582.30	3	4	8	6
101.36	624.25	2	2	3	7
111.49	890.38	2	2	4	7
116.60	556.63	2	2	4	7
130.60	779.08	4	6	20	7
165.48	189.47	2	2	4	7
170.97	474.96	3	3	5	7
185.09	421.94	3	3	9	7
186.58	134.15	4	5	15	7
206.62	790.48	2	2	4	7
243.63	564.19	4	5	17	7
247.99	110.99	3	3	5	7
256.15	538.81	3	3	8	7
265.29	374.77	2	2	3	7
277.79	795.08	2	3	4	7
281.00	285.70	3	3	7	7
292.92	111.18	3	4	10	7
295.96	603.97	3	3	9	7
298.33	629.39	4	4	13	7
297.57	638.46	2	2	4	7
316.18	669.20	3	3	8	7
316.90	636.86	3	3	8	7
323.40	259.06	6	7	33	7
324.55	795.77	2	3	5	7
329.71	150.69	4	4	10	7
343.87	317.56	3	2	5	7
351.40	751.81	2	3	5	7
353.46	602.01	4	5	16	7
355.94	358.49	3	2	6	7
355.29	752.36	2	2	3	7
361.46	340.71	2	3	5	7
367.50	737.97	2	3	6	7
375.51	718.09	2	3	6	7
378.51	489.02	4	3	8	7
381.07	391.00	3	3	5	7
382.26	373.73	2	2	3	7
397.42	699.04	2	5	5	7
420.29	293.33	2	2	3	7
435.60	664.77	6	6	29	7
440.98	349.83	5	4	14	7
463.48	104.33	2	2	4	7
468.94	923.57	3	2	6	7
476.50	529.49	2	2	4	7
497.23	422.23	2	2	3	7
500.54	302.01	2	3	6	7
515.20	399.31	4	4	12	7
518.32	651.17	4	3	9	7
540.02	458.98	3	3	5	7
551.85	199.27	3	4	11	7
558.95	654.73	3	3	7	7
568.28	843.70	2	2	3	7
592.46	871.38	2	2	4	7
598.99	400.47	3	2	6	7
619.91	703.98	5	5	14	7
629.58	216.58	4	4	11	7
629.77	801.72	2	2	3	7
629.82	994.20	3	3	6	7
635.01	967.75	3	3	7	7
655.55	230.96	4	5	16	7
657.20	492.99	2	3	4	7
668.50	175.53	4	6	18	7
670.71	396.73	8	8	47	7
687.31	1128.99	3	3	7	7
705.22	356.65	3	2	5	7
730.71	775.17	4	5	16	7
731.87	636.11	5	5	22	7
753.81	393.33	4	4	12	7
756.48	615.51	4	4	8	7
758.60	869.87	4	5	14	7
761.02	773.99	3	3	9	7
764.96	878.80	3	2	4	7
767.54	812.49	4	4	16	7
774.68	783.67	2	2	3	7
786.91	388.88	3	3	8	7
787.61	643.65	4	4	13	7
796.14	663.39	2	4	5	7
798.78	788.04	2	3	4	7
800.52	203.64	2	2	4	7
817.98	477.50	3	2	6	7
823.71	503.94	3	3	7	7
829.02	337.83	3	2	4	7
845.52	619.54	2	2	4	7
902.03	690.51	3	4	10	7
905.44	731.04	4	3	8	7
912.84	529.01	5	5	20	7
914.75	1007.41	3	2	5	7
915.30	623.71	2	2	3	7
918.08	702.84	3	3	8	7
919.22	443.81	3	3	6	7
920.04	417.97	3	3	9	7
923.45	969.38	2	2	4	7
933.02	1091.77	5	6	21	7
940.03	526.48	3	2	6	7
945.18	747.28	5	4	14	7
944.61	803.20	2	3	5	7
948.03	467.01	3	3	5	7
952.38	243.92	4	3	9	7
958.68	496.72	4	6	18	7
964.01	735.48	3	2	6	7
972.45	533.16	2	3	5	7
985.49	864.52	2	2	4	7
985.99	981.54	3	2	6	7
101.46	631.49	2	2	4	8
112.02	893.03	3	3	5	8
130.76	779.22	5	6	21	8
132.64	1052.31	2	2	3	8
158.09	194.89	3	3	6	8
161.56	481.46	2	2	4	8
185.66	427.97	4	3	9	8
187.12	139.57	5	4	15	8
207.00	792.91	3	3	5	8
243.52	565.85	4	5	15	8
246.78	115.64	2	2	3	8
256.77	544.82	3	3	8	8
263.53	517.50	2	2	4	8
266.12	379.93	3	3	8	8
275.26	288.92	3	3	7	8
280.52	799.53	2	2	4	8
289.05	606.48	3	2	6	8
293.00	115.24	3	4	10	8
297.15	627.99	4	3	10	8
298.28	644.04	2	3	4	8
313.45	639.48	2	2	4	8
316.40	668.86	2	3	5	8
324.17	257.18	6	7	31	8
324.95	797.53	3	2	6	8
331.44	154.14	4	3	9	8
337.85	322.11	3	3	6	8
344.49	1120.35	2	2	4	8
354.64	601.61	4	4	15	8
358.91	342.96	3	3	7	8
361.49	361.04	2	3	6	8
368.28	739.04	3	3	7	8
369.48	719.94	4	3	8	8
375.16	490.87	3	3	8	8
384.61	378.50	2	2	4	8
397.89	700.49	3	4	8	8
417.79	295.79	3	3	6	8
435.64	665.49	6	6	31	8
443.50	348.02	4	3	10	8
462.96	104.97	3	3	5	8
465.58	926.01	4	3	8	8
473.66	532.69	2	2	3	8
492.14	620.35	3	4	9	8
495.73	304.01	3	3	7	8
500.02	425.72	3	3	7	8
516.07	401.15	3	4	10	8
519.86	654.19	3	3	6	8
538.54	462.54	2	2	4	8
552.64	198.46	4	4	13	8
554.13	658.82	3	3	6	8
573.44	847.53	2	2	4	8
597.59	873.48	2	2	4	8
603.23	403.45	3	2	5	8
621.02	706.75	5	5	17	8
628.88	802.92	3	3	6	8
630.10	217.08	3	3	9	8
633.26	994.63	3	2	5	8
660.37	233.61	4	4	15	8
659.21	495.68	2	2	3	8
665.83	175.04	5	5	19	8
668.81	394.96	7	7	43	8
690.85	1130.86	3	3	8	8
705.01	360.96	3	3	5	8
733.15	778.37	5	4	17	8
736.86	639.78	5	5	19	8
741.52	101.59	2	2	4	8
753.28	393.17	4	4	12	8
759.05	618.26	3	3	7	8
762.50	868.94	4	5	16	8
765.22	774.67	3	4	9	8
766.91	812.71	5	5	18	8
782.71	852.26	2	2	3	8
787.35	388.96	3	3	7	8
790.66	647.26	4	4	12	8
802.95	787.04	3	3	5	8
820.56	480.46	2	2	4	8
823.02	502.03	3	3	9	8
832.57	338.44	2	2	4	8
850.16	622.79	3	3	6	8
863.47	931.48	2	2	4	8
904.74	690.33	4	4	10	8
907.52	731.97	4	3	8	8
915.40	623.15	2	3	5	8
918.56	531.81	4	5	18	8
917.42	1009.43	2	2	4	8
919.52	415.54	4	4	12	8
919.31	702.53	4	4	11	8
924.63	440.70	2	2	3	8
925.04	971.03	3	3	5	8
937.17	1092.67	5	6	20	8
941.44	167.56	2	2	4	8
946.02	526.28	3	3	7	8
947.46	747.18	4	4	14	8
951.64	241.13	4	3	9	8
959.00	494.92	3	6	16	8
967.01	735.00	3	3	9	8
973.96	533.22	3	2	4	8
987.63	981.53	2	2	4	8
988.46	864.56	2	2	4	8
113.00	896.22	3	2	4	9
117.77	565.25	2	2	3	9
130.41	779.50	5	6	23	9
150.38	200.53	2	2	4	9
186.14	434.80	3	3	8	9
188.02	145.19	5	5	15	9
207.06	795.02	3	3	5	9
243.34	567.74	4	5	16	9
246.53	120.50	2	2	4	9
256.93	550.96	3	3	9	9
267.26	385.92	3	3	7	9
269.26	291.95	3	3	7	9
282.06	608.95	3	3	9	9
283.95	805.23	3	2	4	9
293.12	119.39	3	4	11	9
296.00	626.50	3	4	10	9
299.19	649.67	2	2	3	9
309.91	642.12	3	3	8	9
316.50	668.51	2	2	4	9
324.66	255.37	6	6	30	9
325.51	799.57	2	2	4	9
331.67	326.98	3	3	7	9
333.03	158.04	3	3	9	9
345.46	1120.03	2	3	6	9
356.07	601.40	5	4	14	9
355.53	345.06	2	3	6	9
359.05	742.55	6	4	15	9
363.24	721.32	3	3	6	9
367.09	363.71	3	3	7	9
368.95	740.01	3	3	9	9
372.16	492.59	3	2	5	9
375.26	398.95	3	3	7	9
387.22	383.58	3	2	5	9
397.96	701.52	3	2	6	9
419.43	675.53	2	2	4	9
435.98	666.71	5	6	28	9
445.83	345.51	4	4	11	9
452.78	524.20	2	2	3	9
462.19	928.62	3	2	5	9
462.44	105.62	2	2	4	9
491.02	306.48	3	2	6	9
492.02	621.98	3	3	7	9
503.19	428.98	3	3	7	9
517.06	402.82	5	4	12	9
517.47	1079.52	2	2	4	9
520.65	656.90	4	3	9	9
537.33	466.70	2	2	3	9
549.83	662.87	3	3	8	9
553.77	197.78	4	4	11	9
603.82	875.82	3	3	6	9
622.47	709.72	4	4	14	9
631.06	218.07	3	3	9	9
636.87	995.14	3	3	6	9
644.49	970.47	2	2	4	9
661.00	498.29	3	3	7	9
663.29	174.44	5	5	19	9
664.92	236.36	5	4	17	9
666.76	393.14	8	8	45	9
694.18	1132.89	4	3	10	9
735.28	781.50	4	4	14	9
742.09	643.16	5	5	19	9
752.55	393.02	4	3	12	9
761.51	621.98	2	3	6	9
766.33	812.98	5	5	17	9
766.52	867.51	4	4	12	9
769.16	775.35	3	3	7	9
772.28	882.69	2	2	3	9
788.05	388.96	3	3	9	9
793.79	649.96	4	3	10	9
799.82	666.96	3	7	13	9
822.65	500.64	4	4	11	9
823.22	483.46	3	2	5	9
844.53	890.23	2	2	3	9
854.42	625.51	2	2	4	9
866.20	934.81	3	3	6	9
878.73	697.31	2	2	3	9
907.68	689.85	4	3	9	9
909.92	732.54	3	2	6	9
915.68	622.22	2	2	3	9
919.07	413.33	4	4	12	9
920.74	702.03	4	3	10	9
920.04	1011.01	3	3	5	9
924.50	534.29	4	5	18	9
926.89	972.87	3	3	6	9
941.79	1093.69	5	6	21	9
944.04	170.28	3	2	4	9
944.59	797.85	2	3	5	9
949.69	746.70	4	4	13	9
950.76	238.33	3	2	5	9
951.97	525.96	3	3	9	9
959.23	100.43	5	2	9	9
959.27	493.25	4	6	19	9
969.10	734.52	3	2	6	9
975.60	533.42	2	2	4	9
989.95	981.52	3	2	6	9
990.97	864.76	3	3	7	9
102.49	645.54	2	2	4	10
113.80	899.16	3	3	6	10
118.70	569.26	2	2	3	10
130.46	779.27	4	6	20	10
142.15	205.90	3	3	6	10
142.79	494.34	3	2	5	10
186.86	440.89	3	3	8	10
188.65	150.39	4	4	15	10
207.51	797.44	2	2	4	10
243.08	569.38	5	4	17	10
245.77	125.37	3	2	5	10
256.92	556.87	3	3	8	10
262.96	294.97	3	3	9	10
268.10	391.06	3	3	6	10
275.03	611.06	3	3	9	10
287.78	810.38	3	2	5	10
293.51	123.53	4	4	12	10
294.99	624.53	5	4	16	10
300.03	655.19	3	3	7	10
306.29	644.91	3	3	7	10
325.48	253.51	6	6	32	10
325.30	331.64	2	2	3	10
326.15	801.80	3	3	6	10
334.95	161.50	3	4	8	10
346.51	1119.99	2	3	6	10
352.39	347.25	2	3	5	10
357.57	600.88	4	4	13	10
356.91	722.88	3	3	8	10
359.53	741.51	2	2	4	10
368.49	494.95	2	3	6	10
369.83	740.89	3	3	8	10
371.92	402.64	3	2	5	10
373.14	366.14	3	3	8	10
389.72	388.03	3	3	7	10
397.66	702.30	2	2	3	10
399.99	589.44	3	2	4	10
413.27	300.44	3	2	5	10
436.12	667.41	6	6	29	10
447.44	343.88	4	3	8	10
458.99	930.94	3	3	9	10
461.77	106.73	2	2	3	10
467.48	538.53	2	2	4	10
485.95	309.23	3	3	7	10
492.99	625.25	3	2	4	10
505.75	432.09	3	3	7	10
518.44	404.46	4	4	12	10
521.29	659.99	3	3	7	10
520.69	698.75	2	2	3	10
544.95	666.49	3	4	8	10
554.73	197.05	4	3	10	10
582.98	855.46	3	2	6	10
609.56	877.55	2	2	4	10
624.06	712.47	5	4	16	10
626.87	806.12	3	3	6	10
631.96	218.99	3	3	9	10
641.00	995.28	3	2	4	10
648.53	972.56	2	2	4	10
660.79	173.80	5	5	19	10
664.86	391.07	7	7	44	10
662.53	500.67	2	2	4	10
669.62	239.00	4	5	16	10
697.50	1134.96	2	3	6	10
704.51	368.55	2	2	4	10
723.18	638.98	3	3	6	10
737.82	784.50	5	4	15	10
747.13	646.59	5	5	18	10
751.48	108.48	2	2	4	10
752.00	392.80	3	4	10	10
762.58	624.12	2	3	5	10
765.72	812.89	5	5	18	10
770.61	866.03	4	5	14	10
773.53	776.13	4	3	10	10
781.24	635.31	2	2	3	10
788.68	388.90	3	3	7	10
793.47	468.49	2	2	4	10
796.46	653.19	4	3	10	10
798.70	212.69	2	2	3	10
801.66	665.53	2	4	6	10
810.58	784.83	2	3	5	10
822.00	499.02	3	3	9	10
826.07	486.32	3	3	7	10
846.60	892.39	2	2	4	10
858.68	628.96	3	3	7	10
881.69	697.66	2	2	3	10
910.52	689.24	4	3	10	10
912.01	733.02	3	3	9	10
918.64	411.02	4	3	11	10
921.85	701.50	3	4	10	10
922.41	1013.15	2	3	5	10
930.29	536.77	5	5	20	10
928.72	974.99	3	3	7	10
945.97	1094.52	5	6	22	10
947.19	172.91	2	3	4	10
950.38	235.50	2	2	4	10
951.83	746.52	4	4	14	10
958.06	525.51	3	2	6	10
959.47	491.54	4	6	20	10
963.35	101.26	6	4	19	10
972.51	734.03	2	3	6	10
977.42	532.85	2	3	5	10
991.49	981.51	2	2	4	10
114.60	902.18	2	3	5	11
130.59	779.08	4	6	20	11
132.48	1051.96	2	3	6	11
134.00	211.55	3	2	6	11
133.22	501.02	2	3	4	11
149.53	584.48	2	2	4	11
187.05	447.05	3	3	9	11
189.54	155.82	4	5	15	11
207.94	799.55	3	2	6	11
242.58	570.85	4	5	17	11
256.63	298.16	3	3	6	11
257.50	562.99	4	3	8	11
268.04	613.98	3	3	9	11
269.02	396.28	3	3	7	11
290.67	814.84	2	3	5	11
293.73	127.70	4	4	12	11
294.29	623.51	4	4	14	11
302.37	647.03	3	3	7	11
319.09	336.36	3	2	5	11
326.34	251.61	6	6	30	11
326.53	803.56	2	2	4	11
336.51	165.33	4	4	11	11
347.71	1119.98	3	3	7	11
349.65	349.92	3	3	7	11
350.73	724.04	4	3	10	11
359.33	600.68	4	4	13	11
362.40	733.82	2	3	5	11
365.34	497.07	3	3	7	11
369.03	406.95	3	3	5	11
369.95	741.70	3	3	7	11
379.01	368.68	3	3	7	11
392.40	393.16	2	3	5	11
411.67	302.98	3	3	7	11
419.94	684.05	3	3	5	11
436.27	668.29	6	6	29	11
450.02	341.78	3	3	7	11
455.43	933.18	2	3	5	11
461.04	107.99	3	3	5	11
464.52	541.45	2	2	4	11
481.12	311.80	3	3	6	11
494.01	627.02	3	3	7	11
508.57	435.55	2	2	4	11
519.45	406.26	4	4	13	11
522.73	662.53	3	4	7	11
534.30	474.69	2	2	3	11
540.03	670.00	3	3	5	11
555.58	196.43	4	4	13	11
587.94	750.99	3	3	5	11
615.53	879.53	2	2	4	11
616.54	412.53	2	2	4	11
625.48	714.75	4	4	14	11
632.80	219.87	3	3	8	11
644.90	995.84	3	3	8	11
658.46	173.12	4	5	17	11
662.87	389.36	7	8	46	11
664.68	503.27	2	2	3	11
674.77	241.75	5	5	17	11
701.01	1137.02	3	3	9	11
723.67	639.71	2	2	3	11
739.87	787.59	5	4	15	11
751.49	392.55	4	4	12	11
752.09	650.03	5	5	21	11
765.16	813.14	5	5	19	11
766.14	627.12	3	3	8	11
773.02	101.72	3	3	7	11
774.67	864.66	4	4	13	11
777.65	776.84	4	3	9	11
782.00	634.97	3	3	5	11
789.07	388.71	3	3	7	11
792.27	979.38	2	2	3	11
798.41	215.47	2	2	4	11
799.50	656.31	4	4	12	11
803.87	666.33	3	4	9	11
814.41	784.27	2	2	3	11
821.75	497.94	4	3	10	11
828.82	489.42	3	4	7	11
828.26	864.71	2	2	3	11
844.00	339.20	3	2	4	11
849.00	894.84	3	2	4	11
863.24	631.10	2	3	4	11
872.53	941.49	2	2	4	11
913.33	688.89	4	3	9	11
914.14	733.86	3	3	8	11
918.21	408.63	4	4	12	11
923.26	701.05	4	3	10	11
925.42	1015.02	2	3	6	11
930.26	976.83	3	3	6	11
936.20	539.29	5	5	20	11
939.77	432.00	2	3	4	11
940.69	1115.73	2	2	3	11
945.28	792.41	3	2	5	11
949.11	232.86	3	3	8	11
950.72	1095.13	6	5	19	11
950.47	175.54	2	2	4	11
954.47	746.25	4	4	14	11
959.61	489.89	4	5	17	11
964.50	525.01	2	3	6	11
968.13	102.56	5	6	26	11
975.62	733.17	2	3	5	11
978.87	532.69	3	2	5	11
992.63	981.56	2	2	4	11
102.50	659.97	2	3	4	12
115.21	905.00	2	3	4	12
119.84	577.62	3	2	5	12
123.54	507.02	2	3	6	12
125.55	217.48	2	2	4	12
130.66	779.22	4	6	21	12
132.31	1051.65	2	2	3	12
187.75	453.43	3	2	5	12
190.35	161.38	4	4	15	12
208.23	802.01	3	3	7	12
242.51	572.65	4	5	17	12
244.32	134.28	2	2	3	12
249.96	301.87	3	3	9	12
257.88	568.92	3	3	8	12
261.08	616.23	3	3	8	12
269.88	401.88	3	3	8	12
282.17	1026.10	3	3	6	12
293.38	621.76	4	5	16	12
294.05	131.99	3	3	9	12
299.00	649.76	3	3	7	12
301.33	666.26	2	2	3	12
312.36	341.56	2	2	4	12
327.53	249.64	6	6	31	12
327.19	805.84	3	3	6	12
338.75	169.07	4	3	10	12
344.01	725.98	3	3	7	12
347.10	351.86	3	3	6	12
348.57	1119.56	2	2	4	12
360.56	600.51	4	4	12	12
361.59	499.52	2	2	4	12
363.47	728.95	6	3	14	12
365.98	410.94	3	3	7	12
370.98	742.69	3	3	7	12
384.49	370.99	2	3	6	12
395.20	398.01	3	3	7	12
398.36	704.71	2	2	3	12
404.58	595.49	2	2	4	12
409.50	305.47	2	2	4	12
436.46	669.00	6	5	26	12
452.54	339.51	4	4	12	12
451.60	935.54	2	2	4	12
460.11	108.96	3	3	5	12
460.81	544.39	3	2	5	12
476.00	314.72	3	3	7	12
495.26	629.60	3	4	8	12
511.14	439.01	3	3	5	12
520.73	408.07	4	3	11	12
523.86	664.89	3	3	8	12
535.31	673.94	3	3	7	12
556.69	195.75	4	4	14	12
621.55	416.48	2	2	4	12
621.51	881.52	2	2	4	12
624.74	809.32	2	2	3	12
626.85	718.22	5	4	13	12
633.94	220.95	3	3	9	12
648.98	995.99	3	3	7	12
656.14	172.45	5	6	19	12
658.31	975.99	3	3	7	12
660.79	387.39	7	8	47	12
666.71	506.04	2	3	4	12
679.84	244.67	5	5	16	12
698.31	363.69	2	2	3	12
704.29	1138.96	3	3	7	12
723.70	640.31	2	2	3	12
742.23	790.52	4	4	14	12
750.98	392.56	3	4	12	12
757.24	653.51	5	4	16	12
761.36	114.70	2	2	3	12
764.42	813.25	4	5	16	12
768.00	629.49	3	2	6	12
778.65	863.39	4	4	13	12
781.69	777.14	3	3	7	12
783.01	634.50	3	2	6	12
790.03	388.70	3	3	7	12
801.99	659.23	3	4	10	12
805.71	667.98	3	3	7	12
818.47	783.49	2	2	4	12
820.95	496.15	3	3	8	12
831.51	492.11	4	3	8	12
830.62	866.52	2	2	4	12
867.38	634.44	2	2	4	12
875.65	945.64	2	2	3	12
887.52	698.52	2	2	4	12
916.18	734.36	3	2	5	12
917.68	406.26	4	4	12	12
916.96	688.51	3	2	6	12
924.87	700.80	3	3	8	12
928.25	1017.02	3	3	7	12
932.34	978.75	2	2	3	12
941.82	541.67	5	5	20	12
948.09	230.29	3	3	7	12
953.52	178.44	2	2	4	12
955.04	1096.61	5	6	19	12
956.49	745.96	4	5	16	12
959.93	488.04	3	5	15	12
969.85	525.37	3	2	5	12
972.36	104.22	6	7	27	12
977.50	835.97	2	3	4	12
978.48	732.48	2	2	4	12
980.87	533.16	3	2	4	12
102.98	666.05	3	3	5	13
113.97	513.26	3	3	7	13
116.01	907.96	3	3	5	13
116.84	222.84	3	3	6	13
130.53	779.18	4	6	19	13
188.28	459.57	4	4	12	13
191.08	166.57	5	4	15	13
208.50	804.43	2	2	4	13
242.47	574.01	4	5	18	13
242.94	305.03	3	3	9	13
243.92	139.24	3	3	7	13
254.04	618.96	3	3	9	13
258.00	575.02	3	3	9	13
270.90	407.25	3	3	7	13
286.32	1026.66	2	2	3	13
292.28	619.97	5	3	13	13
294.33	136.06	4	3	11	13
295.42	652.43	2	2	4	13
298.00	824.99	3	3	5	13
302.37	671.62	2	2	4	13
305.47	346.93	2	3	6	13
316.04	666.00	3	3	5	13
328.43	247.62	6	6	31	13
328.22	807.98	3	3	7	13
337.36	727.18	4	3	9	13
340.49	172.81	4	3	10	13
344.49	354.02	2	3	6	13
349.84	1119.18	3	3	6	13
358.47	502.01	2	3	6	13
362.34	600.34	4	4	13	13
362.74	415.13	2	2	3	13
365.38	725.68	2	2	3	13
371.48	743.49	2	2	4	13
390.20	373.86	3	3	8	13
397.57	402.55	2	2	4	13
406.70	598.70	2	2	3	13
407.47	307.49	2	2	4	13
420.65	692.61	2	2	4	13
436.47	669.65	6	6	28	13
448.11	937.85	3	3	8	13
454.27	337.52	4	4	14	13
457.78	546.98	2	3	4	13
459.81	109.75	3	3	6	13
470.98	317.55	3	2	6	13
495.96	631.30	3	3	7	13
513.91	442.33	3	2	5	13
522.06	409.77	3	4	10	13
524.51	667.53	2	2	4	13
530.71	677.00	3	3	7	13
531.34	482.32	2	2	3	13
557.69	194.95	4	4	12	13
597.50	866.55	2	2	4	13
623.67	810.69	2	2	4	13
626.52	419.02	4	3	8	13
627.31	883.06	3	3	7	13
628.49	720.51	4	4	16	13
634.97	221.92	3	3	9	13
653.96	171.71	5	5	19	13
653.18	996.03	3	3	7	13
658.93	385.49	7	8	44	13
663.28	977.46	2	2	3	13
668.93	508.63	3	2	6	13
684.92	247.37	5	5	17	13
707.83	1140.86	3	3	8	13
744.13	793.52	5	4	15	13
750.50	392.46	4	4	12	13
762.36	656.91	5	5	20	13
763.98	813.25	5	4	16	13
766.41	118.20	2	3	5	13
770.61	632.55	4	4	11	13
781.57	109.51	2	2	4	13
782.75	862.08	5	4	14	13
784.62	634.19	2	3	5	13
785.80	778.02	4	3	10	13
786.79	890.04	2	3	4	13
791.06	388.69	3	3	7	13
804.61	662.49	4	4	11	13
817.35	274.66	2	2	3	13
820.36	494.87	3	3	7	13
834.31	495.00	3	3	7	13
853.78	900.21	2	2	3	13
871.16	636.91	3	3	8	13
879.29	948.37	2	2	3	13
890.73	698.63	2	2	3	13
917.43	404.00	4	3	12	13
919.49	688.03	4	3	8	13
918.64	734.93	3	3	7	13
926.05	700.03	3	3	9	13
930.87	1018.89	3	3	6	13
934.34	980.93	3	3	7	13
947.22	227.73	3	3	6	13
947.56	543.79	4	5	18	13
949.32	426.33	2	2	3	13
956.86	180.65	3	2	5	13
958.95	745.48	5	4	15	13
959.66	1097.40	5	6	19	13
960.12	486.31	4	6	17	13
977.10	105.59	5	6	23	13
976.55	524.50	2	2	4	13
978.47	835.02	2	3	6	13
981.28	732.07	3	3	7	13
103.51	673.44	2	2	4	14
104.47	519.54	2	2	4	14
108.42	228.53	2	2	4	14
117.10	910.86	3	3	6	14
121.98	586.00	3	3	5	14
130.46	779.27	4	6	20	14
132.64	1052.32	2	2	3	14
188.49	465.99	4	3	10	14
191.88	171.91	5	5	16	14
208.83	806.85	3	3	6	14
235.12	308.68	3	3	7	14
242.32	575.63	5	5	19	14
247.10	621.36	3	4	9	14
258.29	581.02	3	3	7	14
271.96	412.68	3	3	7	14
291.37	618.63	4	4	13	14
291.86	654.88	3	3	8	14
294.75	140.10	4	3	10	14
298.78	352.14	3	3	6	14
301.45	829.52	2	2	4	14
302.96	677.19	3	2	4	14
316.03	665.50	3	2	6	14
329.50	246.12	6	6	29	14
328.56	810.04	2	3	6	14
330.65	728.84	4	3	9	14
342.44	176.53	4	4	12	14
341.48	356.50	2	2	4	14
350.87	1118.93	3	3	8	14
354.73	504.99	3	3	7	14
359.65	419.24	2	2	3	14
363.94	600.28	5	4	14	14
369.00	720.34	3	3	5	14
372.51	745.00	2	3	6	14
396.16	376.17	3	3	6	14
400.39	407.47	2	2	4	14
405.52	310.05	2	3	6	14
436.76	670.48	6	6	28	14
444.00	939.93	3	3	9	14
446.99	539.85	3	2	4	14
454.47	549.52	2	2	4	14
456.38	335.92	4	4	12	14
459.24	110.95	3	3	7	14
465.71	320.91	3	3	7	14
497.08	634.51	3	2	4	14
517.12	445.62	3	2	5	14
523.48	411.74	4	4	14	14
525.93	670.02	3	3	5	14
525.48	680.50	2	2	4	14
529.48	486.50	2	2	4	14
558.62	194.40	4	4	13	14
602.54	870.95	2	3	6	14
622.52	813.02	2	3	6	14
629.95	723.34	5	5	17	14
631.44	422.46	2	2	4	14
633.11	885.12	3	3	8	14
636.07	222.94	3	3	9	14
651.93	170.85	5	5	20	14
657.10	383.66	7	8	46	14
657.06	996.51	3	2	6	14
667.51	906.49	2	2	4	14
667.97	978.75	3	3	7	14
669.31	449.33	2	2	3	14
670.95	511.06	3	3	5	14
689.92	250.39	5	4	17	14
706.38	360.38	2	2	3	14
711.12	1142.33	3	4	9	14
746.24	796.66	4	5	15	14
750.10	392.40	3	4	11	14
763.28	812.98	5	5	17	14
767.44	660.27	6	5	21	14
772.09	635.12	3	3	8	14
786.24	113.21	3	3	6	14
785.52	633.59	2	2	4	14
787.03	860.76	3	4	10	14
789.60	778.55	4	4	10	14
790.53	892.37	2	2	4	14
791.95	388.71	3	3	7	14
796.21	223.75	2	2	3	14
808.11	666.35	5	6	19	14
819.97	492.97	3	3	9	14
837.02	497.69	3	3	7	14
875.47	640.04	2	3	6	14
882.45	951.53	2	2	4	14
893.74	699.34	2	2	3	14
916.67	401.74	4	4	12	14
920.62	735.49	2	2	4	14
922.94	687.29	3	3	7	14
927.86	699.23	3	3	8	14
933.82	1021.17	3	3	6	14
936.46	983.01	2	3	6	14
946.36	225.03	3	3	7	14
953.22	545.97	5	5	19	14
954.71	423.00	2	3	4	14
960.24	484.49	4	6	18	14
960.32	183.29	2	2	3	14
961.35	745.26	4	4	13	14
964.22	1098.10	5	6	18	14
982.07	106.97	5	6	23	14
982.03	524.45	3	2	6	14
984.48	730.95	2	3	6	14
94.99	525.96	3	3	5	15
99.78	234.17	3	3	6	15
117.88	913.82	3	3	6	15
122.51	589.58	2	2	4	15
130.56	778.95	4	7	21	15
132.48	1051.49	2	2	4	15
188.98	472.34	3	3	7	15
192.95	177.49	5	4	16	15
209.03	809.46	3	2	6	15
228.09	312.19	3	3	8	15
239.98	624.02	3	3	9	15
242.09	577.44	5	4	17	15
242.27	148.66	2	2	3	15
258.64	587.19	4	3	9	15
272.53	418.04	2	3	6	15
287.73	657.25	2	3	5	15
290.11	617.28	3	4	9	15
291.61	357.45	2	2	4	15
295.03	144.49	3	4	10	15
304.84	834.89	3	3	6	15
315.57	665.49	2	2	4	15
323.93	730.51	3	2	6	15
330.53	244.53	6	6	32	15
329.38	812.25	2	3	5	15
338.78	358.41	3	2	5	15
344.24	180.47	3	4	10	15
351.09	508.23	3	3	7	15
351.73	1119.02	3	3	7	15
356.27	423.73	2	2	3	15
360.28	197.61	2	2	3	15
365.45	600.11	4	5	15	15
370.12	715.44	6	3	12	15
373.32	746.02	3	3	7	15
401.98	378.72	3	3	7	15
402.99	412.32	3	3	7	15
403.51	312.49	2	2	4	15
436.86	671.00	6	5	26	15
439.90	942.09	3	3	8	15
450.53	551.97	2	3	4	15
458.51	334.47	4	4	12	15
458.45	111.65	2	2	4	15
460.35	324.04	3	3	7	15
497.36	636.83	2	3	5	15
519.85	448.90	3	3	6	15
520.18	683.22	3	3	6	15
524.86	413.53	4	4	13	15
527.51	490.53	2	2	4	15
527.69	673.37	3	3	6	15
559.58	193.78	4	4	14	15
621.06	815.26	3	3	7	15
631.40	726.16	5	5	16	15
637.29	223.98	4	3	10	15
636.47	425.52	2	2	4	15
639.11	887.11	3	3	6	15
649.92	169.97	5	5	20	15
655.12	381.74	7	8	45	15
661.41	997.45	2	2	4	15
673.23	513.99	3	3	7	15
672.57	980.54	2	2	4	15
695.12	253.27	5	5	18	15
705.40	388.46	2	2	4	15
710.25	359.67	2	2	3	15
710.22	699.42	2	2	3	15
714.76	1144.42	4	4	11	15
748.15	799.59	5	4	17	15
749.76	392.50	4	4	14	15
762.74	813.03	5	5	20	15
764.65	385.35	2	2	3	15
772.45	663.77	5	5	19	15
774.52	637.97	2	3	6	15
776.36	124.69	2	2	3	15
786.54	633.56	2	2	4	15
790.81	117.18	3	3	6	15
791.20	859.40	4	4	12	15
792.72	388.46	3	2	5	15
793.66	779.19	4	3	9	15
795.21	226.83	3	3	6	15
794.19	893.97	2	3	4	15
810.67	669.14	4	6	17	15
819.58	491.89	4	3	9	15
829.56	780.55	2	2	4	15
839.83	500.20	3	3	6	15
858.78	905.13	2	3	4	15
879.51	642.60	2	2	4	15
885.78	955.58	3	2	5	15
896.51	699.55	2	2	4	15
916.32	399.60	4	4	13	15
922.97	735.98	3	3	9	15
925.57	686.96	4	3	8	15
929.16	698.88	3	3	8	15
936.86	1022.80	3	2	4	15
938.31	985.07	3	3	7	15
945.57	222.73	2	3	5	15
946.38	449.54	2	2	4	15
958.72	548.09	5	5	20	15
959.64	419.69	2	2	3	15
960.36	482.71	4	6	18	15
963.57	744.82	4	4	14	15
969.02	1099.45	5	6	22	15
986.57	108.20	6	6	27	15
985.53	532.44	2	2	4	15
85.49	532.00	2	3	6	16
91.11	239.80	3	3	6	16
104.69	685.33	2	2	3	16
119.03	916.66	3	3	7	16
130.76	779.22	5	6	22	16
132.64	1052.32	2	2	3	16
146.58	597.20	2	3	5	16
189.20	478.72	4	4	11	16
193.58	182.77	4	4	14	16
209.94	811.69	3	3	7	16
220.10	315.89	3	3	8	16
232.72	626.08	3	3	7	16
241.97	578.91	5	5	20	16
241.47	153.48	2	2	4	16
258.92	593.24	3	3	7	16
273.42	423.50	2	2	4	16
284.22	660.07	3	3	8	16
289.36	614.85	4	3	9	16
295.55	148.52	4	4	12	16
308.02	839.50	3	2	6	16
316.97	731.96	3	3	9	16
331.70	243.05	6	7	33	16
330.29	814.30	2	2	3	16
336.15	360.82	3	3	8	16
346.11	183.80	3	4	10	16
347.63	510.85	2	3	5	16
352.79	427.86	3	3	6	16
352.77	1118.95	3	3	7	16
366.78	599.55	4	4	14	16
373.88	746.80	3	3	8	16
401.51	314.96	2	3	6	16
405.52	417.36	2	2	4	16
408.01	381.27	3	3	7	16
422.70	705.37	2	2	3	16
437.01	671.52	5	6	26	16
435.92	944.00	3	3	9	16
447.34	554.06	3	3	7	16
455.17	327.17	3	3	8	16
457.66	112.75	2	2	3	16
461.64	332.46	4	4	11	16
498.99	638.47	3	2	4	16
515.50	686.46	2	2	4	16
522.89	451.99	3	3	5	16
526.46	415.52	4	4	12	16
526.17	494.14	3	3	6	16
528.85	675.10	3	3	8	16
560.70	193.14	4	3	11	16
620.19	816.99	2	3	4	16
632.53	728.98	4	5	16	16
639.03	224.99	3	3	9	16
641.46	428.52	2	2	4	16
644.98	888.77	3	2	4	16
648.00	168.98	5	5	21	16
653.10	379.86	7	7	43	16
665.66	997.20	2	3	5	16
675.27	516.38	2	2	3	16
677.54	982.07	2	3	6	16
700.37	256.02	5	5	17	16
705.15	392.34	3	3	7	16
710.30	184.71	2	2	3	16
717.65	1146.09	4	3	11	16
749.49	392.47	4	4	12	16
750.37	802.26	4	5	16	16
762.15	812.80	5	5	19	16
776.59	641.24	2	3	5	16
777.62	667.04	4	5	18	16
793.88	388.23	3	3	6	16
794.36	229.36	2	2	3	16
795.40	857.69	4	4	13	16
797.56	779.85	4	3	10	16
813.32	671.28	5	5	20	16
819.07	490.02	3	3	9	16
833.55	779.59	2	2	4	16
842.70	502.92	3	3	7	16
863.32	339.74	2	2	3	16
883.49	645.52	2	2	4	16
899.54	699.50	2	2	4	16
915.84	397.06	4	3	10	16
925.01	736.34	3	3	7	16
929.26	686.02	3	3	7	16
930.76	698.06	4	3	10	16
940.17	986.93	3	3	8	16
939.76	1024.85	3	3	6	16
944.98	220.03	3	3	9	16
960.44	480.93	4	5	19	16
964.16	550.01	5	5	20	16
965.36	417.30	2	2	3	16
966.23	744.50	4	4	14	16
973.67	1099.92	5	5	19	16
987.51	531.65	2	2	4	16
991.35	109.47	4	6	22	16
990.84	729.17	3	3	6	16
992.45	1102.48	2	2	4	16
81.82	244.84	3	3	6	17
105.48	691.52	2	2	4	17
119.64	919.28	2	3	5	17
124.36	597.58	2	2	4	17
130.53	779.39	4	6	19	17
189.35	484.84	4	3	9	17
194.53	188.29	4	4	14	17
210.15	814.16	3	3	6	17
212.06	319.96	3	3	9	17
225.67	628.91	4	3	9	17
240.80	158.35	3	2	5	17
241.94	580.51	5	4	16	17
258.93	599.35	3	3	7	17
274.25	429.02	3	3	7	17
277.22	368.55	4	3	8	17
280.85	662.15	3	3	8	17
288.30	613.23	4	4	12	17
295.98	152.84	3	4	10	17
304.74	693.98	3	3	7	17
310.03	733.91	3	3	9	17
311.78	844.93	2	3	4	17
332.97	241.50	7	6	30	17
333.44	362.53	2	2	4	17
343.97	514.48	3	4	8	17
348.34	187.79	4	3	9	17
353.84	1118.88	3	3	6	17
368.53	599.57	4	4	14	17
374.89	747.65	3	4	9	17
376.49	706.51	2	2	4	17
399.91	317.25	3	2	4	17
407.88	422.15	3	3	6	17
413.92	383.68	3	4	9	17
431.22	945.87	3	3	6	17
437.27	672.32	6	6	26	17
443.93	556.53	3	2	6	17
449.95	330.74	3	3	7	17
456.76	113.78	2	2	3	17
463.55	330.70	4	5	13	17
509.98	689.03	3	3	7	17
524.42	497.51	2	2	4	17
525.51	455.53	2	2	4	17
527.76	417.53	4	4	14	17
530.00	677.70	3	3	7	17
561.91	192.55	4	4	13	17
586.99	767.15	3	2	4	17
617.64	881.67	2	2	3	17
634.13	731.60	5	4	17	17
640.77	226.03	4	3	10	17
646.14	168.07	5	5	20	17
646.56	432.18	2	3	5	17
651.23	377.99	7	7	41	17
650.87	890.14	3	3	8	17
669.83	997.80	3	3	6	17
677.94	519.03	3	3	5	17
706.05	258.93	5	5	19	17
718.68	355.70	2	2	3	17
721.69	1147.88	4	3	9	17
749.21	392.66	4	4	12	17
752.41	805.40	4	4	15	17
761.89	812.89	5	5	19	17
768.71	385.35	2	2	3	17
778.38	643.84	2	3	5	17
782.64	670.28	5	5	19	17
786.66	131.35	2	2	3	17
793.72	232.24	2	2	3	17
794.84	388.23	3	3	6	17
799.26	856.51	4	4	14	17
799.52	125.02	2	3	6	17
801.23	780.76	3	3	8	17
815.63	673.65	4	6	19	17
818.75	488.91	4	3	10	17
845.43	505.15	4	3	9	17
887.62	648.27	2	2	3	17
892.30	962.35	2	2	3	17
902.54	700.48	2	2	4	17
915.45	395.00	4	3	12	17
918.69	783.68	2	2	3	17
927.27	737.05	3	3	7	17
932.51	685.52	4	4	10	17
932.37	697.19	4	3	9	17
942.32	1027.03	3	3	7	17
942.51	989.41	2	2	4	17
944.14	217.83	3	3	8	17
960.66	479.05	4	5	18	17
968.59	743.73	4	4	13	17
969.73	551.75	5	5	20	17
970.54	191.47	2	2	4	17
978.13	1101.39	5	6	22	17
989.10	531.93	3	3	5	17
992.80	728.20	2	3	4	17
992.39	1102.68	2	3	5	17
105.88	104.18	3	3	8	18
105.68	697.65	2	2	3	18
125.16	601.92	2	3	4	18
130.53	779.39	4	6	19	18
132.64	1052.78	2	5	6	18
190.04	491.02	3	3	9	18
195.57	193.77	4	4	14	18
203.93	323.77	3	3	7	18
210.34	816.94	3	3	7	18
218.25	631.48	3	4	10	18
239.70	163.15	2	3	5	18
241.58	582.36	4	5	17	18
259.06	605.72	3	3	7	18
270.03	374.29	3	3	7	18
275.20	434.41	3	2	5	18
277.05	664.67	3	3	7	18
287.29	611.78	4	4	12	18
296.44	156.93	4	3	11	18
303.16	735.51	3	4	10	18
305.29	699.52	3	2	5	18
306.49	1032.49	2	2	4	18
315.61	849.77	2	3	5	18
329.91	364.84	3	3	8	18
331.52	819.47	2	2	4	18
334.34	239.82	6	6	30	18
340.03	517.54	3	2	6	18
346.05	437.01	3	3	5	18
350.14	191.19	3	3	8	18
354.87	1118.89	3	3	6	18
365.28	204.62	2	2	3	18
370.34	599.79	4	5	14	18
375.84	748.55	4	4	11	18
375.55	702.20	2	3	5	18
397.51	319.61	2	2	4	18
410.95	427.00	3	3	5	18
419.70	386.31	4	4	10	18
423.80	714.24	2	2	3	18
426.94	947.97	3	3	9	18
437.44	673.04	6	5	25	18
440.23	558.96	2	3	4	18
444.55	334.50	2	2	4	18
455.98	115.06	3	3	5	18
465.79	329.34	5	4	14	18
501.33	643.34	2	2	3	18
504.51	691.58	2	2	4	18
529.44	419.73	4	4	14	18
528.46	459.06	2	3	6	18
531.41	680.78	2	3	5	18
563.15	192.02	4	3	10	18
635.68	734.49	4	4	14	18
642.17	227.31	3	4	9	18
644.34	167.28	5	5	20	18
649.46	376.10	8	7	42	18
651.49	435.00	2	3	6	18
656.70	891.98	3	3	7	18
674.31	998.32	2	2	3	18
680.19	522.06	3	3	6	18
687.89	985.20	3	3	8	18
706.02	400.04	3	3	5	18
711.28	262.10	5	5	18	18
722.67	354.67	2	2	3	18
724.91	1149.85	3	3	8	18
748.85	392.85	4	4	11	18
754.34	808.75	4	5	14	18
761.36	812.56	4	4	15	18
781.37	647.36	2	2	3	18
787.73	673.85	5	5	19	18
793.08	235.00	3	3	5	18
795.97	388.47	3	2	6	18
803.37	855.17	4	3	11	18
803.70	128.76	2	2	3	18
805.32	781.09	3	3	7	18
818.15	487.36	3	4	9	18
817.78	677.25	3	5	11	18
818.53	672.46	2	2	4	18
820.40	866.19	2	3	5	18
835.36	496.73	2	2	3	18
848.47	507.96	2	3	6	18
865.98	913.02	3	3	5	18
891.23	650.63	3	2	5	18
895.70	965.37	2	2	3	18
915.16	392.62	4	4	14	18
929.86	737.54	3	2	6	18
933.90	696.85	3	3	8	18
935.17	685.11	3	3	8	18
943.36	215.16	4	3	9	18
944.91	991.94	3	3	5	18
945.65	1029.23	2	2	3	18
960.72	477.55	4	6	18	18
971.03	743.50	5	4	14	18
975.05	553.85	5	5	21	18
974.26	194.31	2	2	3	18
974.99	411.50	3	2	6	18
983.08	1101.88	5	5	19	18
988.50	829.03	2	3	4	18
990.94	531.78	3	2	4	18
991.71	1102.61	2	2	3	18
105.78	109.06	3	3	7	19
106.54	703.47	2	2	4	19
121.98	925.03	3	3	5	19
125.86	605.45	3	2	5	19
130.59	779.30	4	6	22	19
132.31	1051.65	2	2	3	19
190.37	497.38	4	4	11	19
192.30	1099.76	2	2	3	19
195.04	327.75	3	3	7	19
196.47	199.24	4	4	14	19
211.18	633.81	3	3	8	19
210.81	819.00	3	3	7	19
233.33	663.33	2	2	3	19
239.03	168.02	3	3	5	19
241.76	584.10	5	5	21	19
259.28	611.94	3	3	7	19
262.37	380.25	2	2	3	19
270.40	583.31	2	2	3	19
273.49	667.03	4	3	8	19
275.92	439.87	3	3	8	19
286.15	610.30	5	4	14	19
295.94	737.01	3	3	9	19
296.98	161.24	3	4	10	19
310.31	1033.35	2	2	3	19
319.32	854.61	2	2	3	19
327.31	366.98	3	3	7	19
332.50	821.92	2	3	6	19
335.71	238.28	6	6	31	19
336.07	521.43	3	2	6	19
352.05	194.96	3	3	9	19
355.91	1119.18	3	2	4	19
372.02	599.49	3	4	12	19
376.96	749.07	3	3	7	19
395.72	322.06	3	3	7	19
413.27	431.81	3	3	6	19
422.10	949.77	3	3	7	19
425.48	388.94	2	3	6	19
437.81	673.64	6	6	23	19
439.02	338.02	3	3	9	19
455.06	116.03	3	3	5	19
468.10	327.61	3	4	11	19
499.10	693.94	3	3	8	19
501.65	645.65	2	2	3	19
519.87	504.88	3	3	8	19
530.98	421.78	3	4	10	19
531.13	461.87	3	3	8	19
532.51	683.52	4	4	12	19
564.23	191.34	4	4	12	19
637.29	737.32	5	4	16	19
642.60	166.31	5	5	19	19
644.14	229.05	3	5	12	19
647.71	374.30	8	8	45	19
656.49	438.51	2	2	4	19
657.72	647.34	2	2	3	19
662.54	893.48	2	2	4	19
678.81	998.43	3	2	5	19
682.78	524.20	3	3	6	19
692.64	987.22	2	3	5	19
706.12	403.79	3	2	4	19
716.74	265.07	5	5	18	19
728.83	1151.18	3	3	8	19
748.58	392.96	4	3	12	19
783.28	649.02	3	3	7	19
792.01	632.24	3	2	4	19
792.65	677.16	5	5	20	19
796.49	138.55	2	2	4	19
797.10	388.16	3	3	8	19
807.48	853.84	4	4	13	19
808.27	132.98	2	3	4	19
809.12	781.89	3	3	8	19
817.84	485.96	4	3	10	19
820.00	680.46	3	4	10	19
823.52	869.47	2	2	4	19
844.60	777.52	2	2	4	19
851.49	510.05	2	3	6	19
893.75	780.63	2	2	3	19
895.24	653.23	3	3	6	19
908.50	700.49	2	2	4	19
910.60	498.64	2	2	4	19
914.64	390.59	4	4	13	19
931.63	738.06	4	3	9	19
935.70	695.98	3	3	7	19
939.00	683.71	3	3	7	19
942.90	212.98	3	3	5	19
946.84	993.87	3	3	6	19
948.85	1031.14	3	3	6	19
960.82	475.45	4	6	17	19
973.56	742.88	4	4	13	19
978.02	196.74	3	2	4	19
980.16	408.10	3	3	8	19
980.44	555.24	4	5	18	19
982.20	1119.97	2	3	4	19
988.26	1102.90	6	5	25	19
992.59	531.46	2	2	4	19
106.21	114.01	3	3	7	20
107.52	708.50	2	2	4	20
123.03	927.98	3	3	5	20
127.39	609.48	2	2	4	20
130.46	779.28	4	6	20	20
186.30	331.97	3	3	7	20
190.44	503.55	4	4	12	20
197.45	204.82	4	5	15	20
204.03	636.02	3	3	9	20
211.50	821.92	2	3	6	20
227.68	660.08	4	3	9	20
241.15	585.65	5	5	20	20
254.97	386.03	3	3	5	20
259.22	617.86	3	3	8	20
270.12	669.16	3	3	6	20
276.94	445.06	3	3	9	20
284.58	608.65	4	4	11	20
288.33	738.98	3	3	7	20
297.52	165.52	4	4	12	20
307.25	709.99	3	3	7	20
323.83	369.13	3	3	6	20
332.16	525.20	3	3	8	20
333.27	823.98	3	3	7	20
337.13	236.64	5	6	27	20
339.01	446.00	3	3	5	20
354.01	198.64	3	4	9	20
356.45	1119.37	2	2	4	20
373.56	599.50	4	4	12	20
377.81	750.16	3	3	6	20
382.31	695.35	2	2	3	20
393.98	325.02	3	3	5	20
416.00	436.91	3	3	5	20
417.78	951.65	3	2	5	20
431.50	391.02	2	3	6	20
433.78	341.99	4	3	10	20
433.19	562.96	2	3	4	20
438.05	674.39	5	6	25	20
470.48	325.95	4	3	12	20
493.76	696.72	3	3	6	20
502.95	648.54	3	2	6	20
517.49	508.46	2	2	4	20
532.50	424.03	4	3	12	20
534.00	465.04	3	3	9	20
533.49	685.49	2	4	8	20
565.51	190.72	4	4	14	20
632.92	892.70	3	3	7	20
638.55	740.01	4	5	16	20
640.85	165.46	5	6	20	20
645.85	372.26	7	8	45	20
646.04	229.94	3	3	9	20
661.58	441.50	2	2	4	20
668.34	895.01	3	3	7	20
683.00	999.05	3	3	9	20
685.22	527.11	3	3	6	20
698.26	988.71	2	2	3	20
722.15	267.91	5	5	19	20
725.36	709.33	2	2	3	20
731.94	1152.99	3	3	9	20
748.53	393.04	4	3	12	20
759.30	813.08	6	5	26	20
785.03	651.98	3	3	7	20
791.60	240.51	2	2	4	20
792.68	632.25	2	2	3	20
797.73	680.41	5	5	19	20
798.31	388.17	4	3	9	20
811.56	852.29	4	4	14	20
811.76	902.77	2	2	3	20
812.53	137.41	2	2	4	20
813.05	782.29	3	4	10	20
817.54	484.66	4	4	11	20
822.41	682.89	4	3	11	20
834.50	1018.51	2	2	4	20
845.69	504.29	2	2	3	20
848.55	776.50	2	2	4	20
853.75	880.76	2	2	3	20
854.47	512.08	2	3	6	20
902.49	972.49	2	2	4	20
906.94	498.02	3	3	5	20
910.69	700.65	2	2	3	20
914.16	388.38	4	4	13	20
933.79	738.53	3	2	5	20
937.40	695.00	4	3	8	20
941.95	210.49	3	2	6	20
942.58	682.81	2	3	5	20
949.04	996.23	3	2	4	20
951.98	1033.26	3	3	7	20
961.22	473.40	4	6	17	20
975.98	742.39	5	4	14	20
985.56	556.81	4	5	18	20
985.33	405.36	2	2	3	20
991.65	1103.71	5	6	19	20
106.27	119.02	3	3	7	21
109.17	713.58	3	2	5	21
124.15	930.69	3	2	5	21
127.75	613.58	2	2	3	21
130.50	778.75	4	6	20	21
132.32	1051.66	2	2	3	21
177.31	336.07	3	3	7	21
190.77	510.00	4	3	10	21
196.96	638.79	3	4	10	21
198.39	210.33	4	4	15	21
212.07	824.13	3	3	8	21
221.44	657.97	2	3	4	21
237.63	177.77	2	2	3	21
241.11	587.23	5	5	21	21
247.01	392.01	3	3	5	21
259.67	624.01	3	3	7	21
266.28	671.92	3	3	7	21
277.73	450.95	3	3	7	21
281.43	741.00	4	3	10	21
283.80	607.02	4	3	10	21
298.01	169.83	3	4	10	21
320.65	371.08	3	3	7	21
326.56	864.44	2	2	4	21
328.53	529.02	2	3	6	21
333.91	826.84	3	3	8	21
334.79	451.19	2	2	3	21
338.41	235.43	6	6	29	21
356.37	202.47	4	4	11	21
357.01	1119.41	3	2	6	21
375.44	599.74	4	4	11	21
379.67	751.16	2	3	5	21
382.35	689.41	4	4	13	21
392.27	327.67	2	2	3	21
412.58	953.47	2	2	4	21
418.82	441.59	3	2	5	21
427.99	345.69	3	3	7	21
429.39	564.77	2	3	5	21
437.13	394.13	3	3	8	21
438.40	675.05	6	5	25	21
473.04	324.47	3	4	12	21
487.94	698.51	3	2	6	21
503.63	650.29	4	4	10	21
514.76	511.94	3	3	7	21
534.37	426.33	4	4	13	21
534.94	689.00	3	3	9	21
537.00	468.37	3	3	7	21
566.61	190.15	4	4	13	21
586.34	777.76	2	2	3	21
639.28	164.62	5	5	20	21
640.12	742.56	5	4	15	21
644.01	370.53	7	8	44	21
648.07	231.02	3	3	9	21
667.46	444.57	2	2	4	21
674.45	896.52	2	2	4	21
688.04	529.69	3	3	7	21
687.80	999.60	3	2	5	21
703.03	990.53	3	4	8	21
727.69	271.12	4	5	17	21
735.67	1154.94	3	3	7	21
748.46	393.50	4	4	12	21
759.94	814.44	5	8	31	21
786.98	655.22	3	2	4	21
790.81	243.37	3	2	5	21
799.69	388.06	3	3	7	21
802.63	683.84	5	5	19	21
806.37	145.68	2	2	3	21
815.45	850.85	4	4	12	21
816.81	141.19	3	3	6	21
817.03	483.04	3	3	9	21
816.98	783.02	3	3	9	21
824.98	686.01	3	3	9	21
825.32	672.33	2	2	3	21
857.18	514.72	3	3	6	21
873.60	921.32	2	2	4	21
883.62	339.74	2	2	3	21
913.71	386.31	4	4	13	21
936.10	739.06	3	3	8	21
938.98	694.23	3	4	10	21
941.09	208.30	3	3	7	21
945.75	681.96	3	3	7	21
951.44	998.51	2	2	4	21
955.10	1035.28	3	2	4	21
961.29	471.86	4	6	19	21
978.47	741.71	4	4	14	21
985.47	202.00	2	3	6	21
990.06	402.51	3	2	6	21
990.79	558.39	5	5	19	21
992.70	1120.80	2	2	3	21
106.49	123.98	4	3	8	22
106.62	968.17	2	3	5	22
109.27	719.00	3	3	7	22
125.25	933.67	2	2	3	22
128.69	617.01	3	3	7	22
130.60	779.32	4	6	20	22
132.49	1052.48	2	2	4	22
168.13	340.82	3	3	8	22
189.50	640.96	4	3	8	22
191.12	516.08	3	3	8	22
199.44	215.55	4	4	16	22
212.80	826.83	3	3	6	22
216.97	654.46	3	4	8	22
238.92	398.11	3	3	6	22
240.96	588.87	5	5	22	22
259.53	630.01	4	3	8	22
262.78	674.01	3	3	7	22
273.96	742.72	3	3	7	22
278.38	456.05	3	3	7	22
282.43	604.76	4	4	12	22
298.66	174.08	4	3	9	22
308.63	720.78	2	2	3	22
316.91	373.32	3	4	9	22
324.11	532.96	3	3	5	22
330.51	869.00	2	3	6	22
331.22	455.73	2	2	3	22
334.94	829.27	3	3	7	22
339.68	233.91	6	7	28	22
358.20	206.02	4	3	10	22
358.01	1119.27	3	3	7	22
371.66	214.34	2	2	3	22
377.32	599.84	4	4	12	22
380.64	751.96	3	3	7	22
389.66	330.25	2	2	3	22
407.61	954.96	4	3	8	22
421.78	446.19	3	3	8	22
422.46	349.50	2	2	4	22
425.99	566.71	3	3	7	22
438.90	675.54	5	6	25	22
443.02	396.34	3	3	7	22
452.76	120.20	2	2	3	22
475.47	322.72	4	4	14	22
482.00	700.71	3	3	7	22
504.28	652.87	3	3	6	22
512.72	515.30	4	4	12	22
536.08	428.38	3	4	11	22
535.90	691.14	3	3	8	22
539.81	471.78	3	3	6	22
567.89	189.47	4	4	13	22
637.73	163.68	5	5	20	22
642.21	368.63	8	8	49	22
641.59	745.38	4	4	13	22
650.29	232.31	4	4	10	22
672.83	447.83	3	3	6	22
679.95	898.02	3	3	5	22
690.73	531.99	3	3	7	22
692.09	1000.14	3	3	8	22
708.20	991.87	3	3	6	22
719.64	375.70	2	2	3	22
727.65	805.35	2	2	3	22
733.49	274.03	4	5	16	22
739.01	1156.47	3	4	8	22
739.70	348.65	2	2	3	22
748.36	393.69	4	4	13	22
759.14	811.76	5	5	18	22
762.23	819.38	4	4	13	22
789.22	658.01	4	3	10	22
790.04	245.94	3	3	5	22
795.68	631.65	2	2	3	22
800.72	388.03	3	3	7	22
807.68	687.01	5	5	20	22
816.77	481.98	4	3	10	22
819.69	849.50	4	4	14	22
820.56	783.79	4	3	7	22
821.28	145.28	2	2	3	22
827.14	688.68	3	4	11	22
860.26	516.40	3	2	5	22
906.69	660.98	3	3	7	22
909.07	979.49	3	2	6	22
913.47	384.00	4	3	12	22
938.21	739.05	3	3	7	22
940.28	206.03	3	3	7	22
940.51	693.48	4	4	12	22
949.55	681.47	2	2	4	22
953.66	1000.78	2	2	3	22
958.49	1037.48	2	2	4	22
961.36	469.85	4	5	17	22
981.12	740.98	4	5	12	22
106.97	128.98	3	3	9	23
107.20	971.40	3	2	5	23
126.26	936.05	2	3	4	23
130.41	778.84	6	6	21	23
129.73	621.01	3	3	7	23
142.44	703.44	2	2	4	23
158.54	345.03	4	3	8	23
182.08	643.55	3	4	11	23
191.30	522.14	4	3	9	23
200.51	221.11	4	5	16	23
212.40	652.66	2	2	3	23
213.15	829.14	3	3	8	23
231.39	404.41	2	2	4	23
235.78	187.84	3	3	6	23
241.01	590.26	5	5	19	23
259.10	676.53	3	2	6	23
259.83	636.13	3	3	8	23
266.12	744.89	3	3	8	23
279.21	461.78	3	3	6	23
281.49	603.54	4	4	12	23
299.23	178.18	4	4	11	23
313.02	375.34	3	3	7	23
320.06	537.07	3	3	9	23
334.41	874.19	2	3	5	23
335.96	831.73	3	2	4	23
341.55	232.66	6	6	30	23
359.96	209.81	4	3	9	23
358.29	784.26	2	2	3	23
358.50	1119.48	2	2	4	23
379.27	600.30	4	4	13	23
381.86	752.91	3	3	8	23
387.97	332.99	3	3	5	23
402.76	957.02	3	3	7	23
416.80	353.73	3	3	6	23
422.49	568.50	2	2	4	23
424.51	451.46	2	2	4	23
427.05	735.00	3	3	5	23
439.15	676.15	5	5	22	23
448.73	399.01	3	3	7	23
452.18	121.38	3	2	5	23
476.20	702.18	3	3	8	23
477.92	321.37	3	4	11	23
505.61	654.78	2	3	5	23
509.99	518.50	3	2	6	23
522.03	101.18	3	4	10	23
537.51	694.20	4	3	10	23
537.96	430.95	3	3	9	23
542.77	475.01	3	3	7	23
569.21	188.79	4	4	11	23
611.59	834.42	2	2	4	23
636.16	162.84	5	5	22	23
640.45	366.76	8	8	49	23
643.45	748.27	4	4	14	23
652.81	233.71	3	4	9	23
678.16	451.15	3	3	6	23
685.74	899.04	2	3	4	23
693.54	534.53	2	2	4	23
696.82	1000.11	2	3	4	23
708.96	419.03	3	3	5	23
713.53	993.54	2	2	4	23
715.48	371.46	2	2	4	23
735.06	715.26	3	3	7	23
739.02	277.05	5	5	21	23
742.67	1157.87	4	3	9	23
748.44	394.02	4	3	12	23
758.60	811.67	6	5	20	23
764.18	821.67	5	4	14	23
790.98	660.00	3	3	9	23
797.25	631.57	2	2	3	23
801.77	388.07	3	3	7	23
812.62	690.43	5	4	17	23
816.24	480.54	3	4	10	23
823.85	848.20	5	4	13	23
822.25	907.80	2	2	3	23
824.50	784.04	4	3	8	23
825.53	149.23	2	3	5	23
829.97	691.82	3	4	10	23
830.50	671.46	2	2	4	23
859.40	774.19	2	3	5	23
863.44	518.51	2	2	4	23
878.77	925.83	2	2	3	23
894.58	494.39	2	2	4	23
910.21	663.59	3	2	5	23
913.16	381.87	4	4	11	23
912.59	983.21	2	3	5	23
920.01	701.27	3	2	4	23
939.73	203.95	3	3	7	23
940.39	739.78	2	3	5	23
942.17	692.19	3	3	8	23
952.98	680.27	3	3	7	23
955.82	1003.02	2	3	4	23
961.41	467.93	4	5	17	23
961.57	1039.49	2	2	4	23
983.59	740.33	4	4	13	23
107.11	134.12	3	3	8	24
130.85	779.24	5	6	23	24
130.71	624.98	3	3	7	24
139.72	705.78	2	2	3	24
149.01	349.70	3	3	7	24
174.84	645.94	3	3	8	24
191.66	528.43	4	2	7	24
201.58	226.83	4	5	15	24
206.93	649.23	3	2	4	24
213.56	831.97	4	3	8	24
223.12	410.65	3	2	5	24
235.05	192.98	3	3	5	24
240.99	592.29	5	5	20	24
255.77	679.14	3	3	6	24
258.33	746.97	3	3	7	24
259.95	642.34	3	3	7	24
279.91	467.15	3	3	8	24
280.04	601.79	3	4	10	24
296.68	508.31	2	2	3	24
299.91	182.64	3	4	11	24
309.12	377.87	3	3	8	24
315.97	541.90	3	3	9	24
336.82	834.94	2	3	4	24
343.42	231.57	6	6	31	24
358.97	1119.96	3	3	9	24
362.45	213.61	4	3	9	24
380.58	600.53	4	4	12	24
383.31	754.00	3	3	7	24
385.82	336.09	3	3	6	24
410.96	357.96	3	3	9	24
418.55	570.46	2	2	4	24
427.12	456.17	3	3	6	24
427.82	738.99	2	3	4	24
439.67	677.00	6	5	24	24
451.05	122.92	3	3	5	24
454.92	401.67	3	3	7	24
470.35	704.33	4	4	10	24
480.56	320.14	4	4	13	24
507.04	521.99	3	3	5	24
506.50	658.02	2	3	6	24
525.66	105.36	4	4	11	24
539.94	433.19	5	4	12	24
539.14	696.89	3	3	8	24
545.50	478.00	2	3	6	24
570.65	188.13	4	3	11	24
586.55	785.62	2	2	4	24
634.64	162.00	5	5	21	24
638.62	364.98	8	7	43	24
645.16	750.92	5	3	12	24
653.31	907.28	2	2	3	24
655.02	235.08	3	3	9	24
691.69	900.97	3	3	7	24
696.46	537.02	2	3	6	24
701.35	1001.00	3	3	7	24
718.95	995.32	3	3	7	24
742.82	410.40	3	2	5	24
744.78	280.19	5	5	19	24
746.10	1159.71	3	4	9	24
748.47	394.49	4	4	12	24
757.91	811.86	5	5	20	24
765.84	824.49	5	4	15	24
793.14	662.61	3	2	5	24
803.59	388.19	2	3	5	24
816.03	479.27	3	4	10	24
817.41	693.74	5	5	19	24
825.66	909.77	2	2	3	24
827.69	846.90	4	4	12	24
828.07	784.97	3	3	9	24
832.16	694.06	4	3	10	24
862.53	773.46	2	2	4	24
866.45	520.13	4	3	8	24
912.66	379.69	4	4	13	24
913.59	665.55	2	2	4	24
916.21	986.76	2	3	4	24
922.50	701.25	2	3	5	24
939.00	201.69	3	3	7	24
942.75	740.15	3	3	6	24
944.08	691.33	3	3	7	24
956.60	678.76	2	3	5	24
958.05	1005.93	3	3	5	24
961.44	466.16	4	5	17	24
965.24	1041.64	2	2	3	24
986.33	739.73	4	4	12	24
107.28	138.99	3	3	7	25
128.71	941.73	2	2	3	25
130.53	779.41	4	6	21	25
131.61	628.57	2	2	4	25
137.33	709.15	2	3	5	25
139.02	354.20	3	4	10	25
140.85	565.23	3	4	7	25
167.06	648.59	3	4	11	25
191.72	534.69	4	4	10	25
202.71	232.06	5	5	17	25
202.51	646.50	2	2	4	25
214.49	416.65	2	2	4	25
214.45	834.46	2	2	4	25
234.03	197.80	3	2	4	25
241.01	594.07	5	5	21	25
250.89	749.01	3	3	9	25
252.02	681.27	3	3	7	25
259.99	648.51	3	4	8	25
279.16	599.96	4	3	10	25
280.92	472.68	3	3	7	25
300.73	186.94	4	3	10	25
304.76	380.00	3	3	7	25
311.21	546.19	3	3	6	25
310.79	737.04	2	3	4	25
318.61	470.51	2	2	4	25
337.79	836.65	3	2	5	25
341.71	883.33	2	2	3	25
345.02	230.27	6	7	29	25
359.26	1119.98	3	3	7	25
364.52	217.06	4	3	8	25
382.66	600.62	4	4	13	25
383.48	338.05	2	3	6	25
384.89	755.11	3	3	8	25
392.11	959.92	3	3	8	25
404.98	361.76	3	3	7	25
414.80	572.56	3	2	5	25
428.65	742.75	2	2	3	25
429.98	461.24	3	3	7	25
439.98	677.67	5	6	24	25
450.08	124.20	3	2	4	25
460.48	404.47	2	2	4	25
464.63	706.01	3	3	7	25
482.99	318.33	3	5	13	25
507.46	659.49	2	2	4	25
529.49	109.47	4	4	12	25
540.38	699.53	4	4	13	25
541.73	435.50	4	4	14	25
548.30	481.08	3	3	7	25
571.87	187.61	3	4	11	25
633.07	161.04	5	5	21	25
636.71	363.08	8	7	45	25
646.49	753.71	4	4	14	25
657.53	236.90	4	3	8	25
689.03	457.68	3	3	7	25
697.32	902.02	3	3	7	25
699.22	539.82	3	3	6	25
706.04	1001.33	3	3	7	25
706.34	363.64	2	2	3	25
724.48	997.02	2	3	6	25
748.51	394.94	4	3	12	25
750.54	283.19	4	5	17	25
749.96	1161.46	3	4	10	25
756.98	811.77	5	5	19	25
767.62	827.25	5	4	15	25
788.21	254.22	2	2	3	25
795.13	665.87	3	3	6	25
805.04	387.96	3	3	7	25
815.93	478.07	3	3	9	25
822.28	696.96	5	5	20	25
831.89	785.36	3	4	9	25
831.93	845.34	3	4	11	25
833.96	157.58	3	3	7	25
834.46	697.30	4	4	14	25
869.22	522.09	3	3	7	25
912.41	377.66	4	4	13	25
917.50	668.46	2	2	4	25
919.58	990.50	2	2	4	25
925.62	701.52	2	2	4	25
938.47	199.91	2	3	6	25
944.92	740.45	3	2	6	25
946.01	690.31	3	3	7	25
960.00	677.98	3	3	5	25
961.69	464.19	4	5	16	25
960.86	1008.16	3	3	6	25
968.39	1044.17	3	4	8	25
988.83	738.85	4	4	11	25
80.13	823.98	2	3	4	26
107.50	144.02	4	3	8	26
129.16	358.96	4	3	10	26
130.71	779.41	5	6	21	26
129.99	944.48	3	2	6	26
132.47	1051.49	2	2	4	26
134.08	711.79	3	2	4	26
141.49	568.00	4	3	8	26
159.21	651.01	4	3	10	26
192.30	540.69	4	4	12	26
203.97	237.65	5	5	17	26
206.00	423.29	3	3	7	26
215.10	837.05	3	3	8	26
221.34	561.69	2	2	3	26
233.05	203.00	3	3	5	26
241.15	595.82	5	5	19	26
243.08	751.13	3	3	8	26
248.47	683.98	2	3	6	26
260.02	654.71	3	4	10	26
277.90	598.35	3	4	11	26
281.77	477.94	3	3	8	26
300.29	382.14	4	3	9	26
301.40	191.09	4	3	11	26
306.83	550.89	3	3	8	26
311.46	742.47	2	2	4	26
346.53	229.00	6	5	28	26
359.49	1120.03	4	3	8	26
366.30	220.91	4	3	10	26
381.29	341.26	2	2	3	26
384.71	600.77	4	4	10	26
385.88	755.83	3	3	8	26
386.86	962.11	3	3	6	26
395.21	668.62	3	2	5	26
398.92	366.12	3	3	8	26
411.48	573.94	2	3	6	26
432.81	466.15	3	3	6	26
440.20	678.19	5	6	25	26
449.29	125.35	2	2	3	26
458.59	707.76	2	3	5	26
466.77	406.84	3	3	6	26
485.29	317.07	4	5	15	26
501.50	527.55	2	2	4	26
509.20	662.42	3	2	5	26
533.27	113.32	5	4	14	26
541.54	701.84	4	5	15	26
543.72	438.25	4	4	13	26
551.02	484.46	3	2	6	26
573.23	186.96	4	3	10	26
586.76	791.22	2	2	3	26
608.04	842.01	3	3	5	26
631.70	160.19	5	5	20	26
635.04	361.14	7	7	43	26
647.90	756.22	5	4	17	26
660.19	238.13	3	3	8	26
694.71	461.34	2	2	3	26
702.18	542.11	3	3	6	26
703.00	903.21	3	2	4	26
710.87	1001.91	3	3	8	26
711.49	430.51	2	2	4	26
729.90	998.52	3	2	6	26
748.64	395.30	4	4	13	26
753.29	1163.27	4	4	10	26
756.30	286.35	5	5	18	26
756.42	811.33	5	5	18	26
757.67	342.69	2	2	3	26
769.64	829.61	4	4	15	26
787.33	256.79	2	2	3	26
797.12	668.89	3	3	8	26
806.68	387.91	3	3	7	26
815.64	477.08	4	3	9	26
827.21	700.15	5	5	19	26
835.87	843.83	4	4	11	26
836.63	699.61	4	4	13	26
835.92	786.03	3	3	9	26
837.55	161.53	2	2	4	26
870.17	771.63	3	2	5	26
872.33	523.89	2	3	5	26
877.31	524.34	2	2	3	26
886.72	933.99	3	3	7	26
897.36	625.73	2	2	3	26
912.06	375.50	3	4	12	26
921.17	670.57	3	2	5	26
923.37	993.83	2	3	5	26
937.82	197.38	3	2	5	26
946.77	740.97	3	3	7	26
947.96	689.01	3	3	9	26
961.82	462.17	4	5	16	26
964.36	676.74	4	3	8	26
963.42	1010.48	2	2	4	26
972.16	1045.84	3	3	6	26
991.47	738.06	4	4	13	26
80.99	827.00	3	3	5	27
107.89	149.06	3	3	8	27
119.10	363.37	3	4	9	27
130.46	779.27	4	6	20	27
132.65	1052.31	2	2	3	27
134.18	636.27	2	2	3	27
151.87	653.66	3	3	7	27
192.21	547.03	4	3	10	27
192.59	640.17	2	3	5	27
197.08	429.94	3	3	5	27
205.18	243.29	5	5	17	27
215.94	839.80	3	3	7	27
232.26	208.04	2	3	4	27
235.02	753.64	3	3	7	27
241.05	597.83	5	5	20	27
244.99	686.08	3	3	5	27
259.95	660.93	3	3	9	27
276.63	596.60	4	4	13	27
282.26	483.90	3	3	7	27
295.10	384.70	3	3	7	27
302.21	195.50	3	4	10	27
301.80	555.65	3	2	5	27
312.00	747.96	3	3	5	27
348.52	228.19	6	6	28	27
348.36	1040.35	2	2	3	27
349.86	892.92	3	3	8	27
359.71	1120.59	3	2	5	27
368.55	224.52	4	4	12	27
378.16	343.89	3	3	8	27
381.18	963.34	3	2	5	27
386.53	601.44	4	4	12	27
387.31	756.64	2	2	3	27
393.06	370.22	3	3	8	27
396.30	664.12	5	3	10	27
407.51	575.49	2	2	4	27
407.35	685.68	2	2	3	27
428.99	580.97	3	3	5	27
435.55	471.00	2	3	6	27
440.54	678.87	6	6	27	27
452.08	708.98	3	3	9	27
472.05	409.71	3	3	7	27
488.19	316.20	5	4	14	27
510.50	664.50	2	2	4	27
537.12	117.59	5	4	15	27
542.98	704.88	3	4	10	27
545.88	440.50	5	4	15	27
554.00	487.58	3	2	6	27
574.79	186.24	4	4	11	27
587.01	794.02	3	3	5	27
607.11	845.13	3	3	6	27
630.30	159.62	5	5	20	27
633.35	359.33	8	8	48	27
649.64	759.45	4	5	16	27
662.99	239.92	3	3	9	27
700.46	464.49	2	2	4	27
705.45	544.55	2	2	4	27
709.11	904.86	3	3	6	27
712.12	434.05	3	3	5	27
715.57	1002.45	2	2	4	27
748.73	395.84	4	3	11	27
756.08	811.14	5	5	20	27
756.96	1164.49	3	4	8	27
762.05	289.56	5	4	17	27
771.36	832.13	4	5	17	27
786.58	259.56	2	2	4	27
798.96	671.19	3	4	10	27
807.93	387.86	3	3	8	27
815.16	475.87	3	3	8	27
832.12	703.36	5	5	18	27
838.84	702.86	3	3	8	27
839.17	786.85	3	3	8	27
839.70	842.45	4	4	11	27
872.97	771.23	3	2	4	27
875.28	525.87	3	3	7	27
908.46	339.45	2	2	4	27
911.76	373.50	4	4	14	27
924.41	672.75	2	3	5	27
926.55	997.47	2	2	4	27
931.66	701.32	2	2	3	27
934.57	439.51	2	2	4	27
937.40	195.44	2	2	4	27
949.66	688.11	4	3	9	27
948.90	741.12	3	3	6	27
961.97	460.24	3	6	16	27
965.74	1013.01	3	3	7	27
967.15	675.72	3	4	8	27
992.80	737.05	2	3	4	27
82.73	829.98	2	3	4	28
108.00	153.82	3	3	7	28
108.29	368.02	3	3	7	28
130.59	779.30	4	6	22	28
132.48	1051.50	2	2	4	28
134.78	639.78	2	2	3	28
143.95	655.98	3	3	9	28
188.67	637.23	4	3	10	28
188.39	436.36	2	2	4	28
192.36	553.07	4	3	9	28
206.41	248.75	4	4	14	28
216.48	842.50	2	2	4	28
227.12	756.07	3	3	8	28
241.19	599.37	5	5	19	28
241.24	688.76	3	3	6	28
259.92	666.69	3	4	9	28
275.46	595.46	4	4	12	28
283.01	488.97	3	3	9	28
290.20	386.82	3	3	6	28
297.43	560.55	2	2	4	28
303.30	199.77	4	5	14	28
314.52	516.48	2	2	2	28
350.22	227.12	6	7	30	28
353.94	897.72	3	3	5	28
359.70	1120.97	3	3	7	28
370.57	228.04	4	3	8	28
375.97	346.58	3	2	6	28
375.94	965.23	3	3	7	28
386.32	374.86	4	3	9	28
388.89	601.91	3	3	9	28
389.14	757.80	3	3	6	28
396.58	659.81	2	3	5	28
403.81	577.16	3	3	6	28
407.33	686.35	2	2	3	28
438.09	476.02	3	3	5	28
440.96	679.39	5	6	25	28
445.97	710.62	3	4	9	28
447.58	128.60	2	2	4	28
478.09	412.12	3	3	8	28
490.66	314.27	4	5	16	28
495.21	533.39	3	2	5	28
511.11	666.84	3	3	6	28
540.74	121.67	4	4	12	28
543.99	707.01	3	5	11	28
547.72	442.78	4	4	13	28
557.05	490.75	3	3	7	28
576.14	185.60	3	4	10	28
628.85	158.71	5	5	21	28
631.65	357.33	8	8	46	28
650.84	761.80	4	5	16	28
665.97	241.11	3	3	9	28
673.93	920.99	3	3	5	28
705.82	467.20	3	3	6	28
708.33	546.98	3	3	7	28
713.35	438.17	2	3	5	28
714.72	906.00	3	3	7	28
720.36	1002.97	3	3	7	28
740.66	1002.10	3	3	7	28
749.15	396.14	4	4	11	28
751.35	723.82	2	3	5	28
755.74	810.94	6	5	21	28
760.97	1166.24	3	3	7	28
767.97	292.79	5	5	20	28
772.71	834.36	4	4	14	28
786.22	262.10	2	3	4	28
801.03	673.67	3	3	7	28
809.85	387.79	3	3	8	28
815.09	474.67	3	4	9	28
837.82	706.24	8	5	27	28
843.05	787.00	3	3	9	28
843.92	841.29	4	4	12	28
843.26	673.75	2	3	4	28
846.01	169.80	3	2	4	28
878.21	527.23	3	3	6	28
892.02	938.98	3	3	5	28
911.64	371.41	4	4	13	28
927.74	674.96	2	3	4	28
930.52	1000.98	2	3	6	28
934.50	701.52	2	2	4	28
936.51	193.42	2	2	4	28
951.49	687.03	4	3	8	28
962.08	458.28	5	6	19	28
971.45	673.86	4	3	7	28
979.23	1050.37	3	4	7	28
84.01	833.25	3	3	7	29
97.46	372.31	2	3	5	29
108.28	159.01	3	3	7	29
117.35	749.64	2	2	3	29
126.28	720.29	2	2	3	29
130.66	779.22	4	6	21	29
132.32	1051.66	2	2	3	29
135.79	658.47	4	4	9	29
136.23	643.70	2	2	3	29
179.41	442.50	2	2	4	29
192.79	559.06	4	3	10	29
207.49	254.29	4	5	16	29
217.11	844.94	3	3	8	29
218.97	758.06	3	3	9	29
230.63	218.25	2	2	3	29
237.86	691.09	3	3	8	29
241.14	601.06	5	5	20	29
259.96	672.95	3	3	9	29
274.26	593.51	3	4	10	29
283.95	494.69	3	3	7	29
284.89	389.18	3	3	8	29
292.30	566.03	3	3	7	29
303.76	203.96	4	5	13	29
342.52	848.49	2	2	4	29
352.15	226.21	6	6	30	29
358.16	902.40	3	2	5	29
359.64	1121.06	3	3	7	29
369.95	966.48	3	2	6	29
372.99	231.91	3	3	9	29
373.30	349.93	3	3	7	29
380.10	379.15	3	3	8	29
390.58	602.38	4	4	13	29
390.99	758.65	3	3	7	29
400.47	578.94	2	3	6	29
401.61	655.67	4	7	15	29
407.65	686.68	2	2	3	29
441.43	679.83	6	6	28	29
441.34	481.00	3	3	7	29
440.47	711.52	2	2	4	29
446.87	129.90	3	3	6	29
484.26	414.99	3	3	7	29
493.16	313.40	5	4	17	29
492.29	536.36	2	2	3	29
511.99	668.98	3	3	7	29
544.68	125.75	4	4	12	29
545.80	710.17	4	4	11	29
550.15	445.76	4	4	11	29
560.23	493.96	3	3	7	29
577.80	184.88	4	4	11	29
587.97	798.99	3	3	5	29
627.45	157.91	4	5	19	29
630.07	355.54	7	8	45	29
652.40	764.62	4	4	15	29
668.94	242.97	3	3	9	29
711.68	470.37	2	2	3	29
711.52	549.48	2	2	4	29
714.51	441.53	2	2	4	29
720.49	907.01	4	3	8	29
725.50	1003.46	2	2	4	29
740.31	658.31	2	2	3	29
745.99	1004.03	3	3	5	29
749.36	396.75	4	4	12	29
755.22	810.72	5	5	20	29
754.53	725.95	2	3	6	29
763.96	1167.54	3	2	6	29
773.59	295.66	4	5	17	29
774.89	837.33	3	4	11	29
803.04	676.27	3	3	7	29
811.52	387.59	4	4	11	29
815.09	473.67	3	4	9	29
842.17	709.33	6	6	24	29
846.81	787.84	3	3	8	29
847.81	839.24	4	4	11	29
848.98	174.15	5	3	11	29
847.69	829.78	2	2	3	29
869.53	486.42	2	2	4	29
881.33	528.97	3	3	7	29
894.72	941.70	2	2	3	29
911.38	369.39	4	4	13	29
931.27	677.31	2	2	3	29
934.44	1004.04	2	3	6	29
935.98	191.47	3	2	6	29
937.49	701.49	2	2	4	29
953.38	685.86	4	3	9	29
953.49	741.65	2	2	4	29
962.26	456.53	4	6	18	29
970.99	1017.99	3	3	7	29
975.00	672.50	3	2	6	29
982.62	1051.85	2	3	5	29
85.26	836.29	2	2	3	30
86.96	377.45	3	2	6	30
108.50	164.04	4	3	8	30
122.74	723.55	2	2	3	30
127.65	661.11	4	3	9	30
130.73	779.41	5	6	23	30
169.97	449.22	3	3	7	30
181.65	631.01	2	3	3	30
192.97	565.21	3	4	10	30
208.83	259.99	5	5	19	30
210.88	760.91	3	3	8	30
218.10	847.85	3	3	6	30
229.55	223.49	2	2	4	30
234.06	694.01	3	3	9	30
241.13	603.08	5	5	20	30
260.02	679.01	3	3	9	30
272.84	591.97	4	3	10	30
279.16	391.85	3	3	8	30
284.66	500.07	4	3	11	30
286.82	571.20	3	3	6	30
304.88	208.41	3	4	11	30
314.26	764.01	3	3	7	30
344.19	851.39	3	2	5	30
354.00	224.93	7	6	28	30
359.21	1121.82	3	3	6	30
361.65	906.39	2	2	3	30
364.02	968.20	3	3	7	30
370.47	352.64	2	2	4	30
373.93	384.03	3	3	9	30
374.92	235.37	3	4	9	30
383.30	233.66	2	2	3	30
392.73	602.89	4	5	13	30
392.53	759.50	4	4	12	30
396.48	580.52	2	2	4	30
404.02	653.12	3	3	6	30
411.16	687.38	3	2	5	30
410.66	723.30	2	2	3	30
433.75	713.03	3	3	7	30
441.81	680.56	6	6	26	30
444.01	486.02	3	3	5	30
446.02	131.96	3	3	5	30
488.83	539.11	3	3	8	30
490.01	417.37	3	3	7	30
496.06	312.20	5	5	16	30
513.53	671.45	2	2	4	30
548.38	129.78	5	4	15	30
546.97	712.85	3	4	10	30
552.37	448.55	4	4	13	30
563.01	497.01	3	3	9	30
579.17	184.30	4	4	12	30
587.99	801.98	3	3	5	30
618.63	1100.69	2	2	3	30
626.02	157.15	5	5	21	30
628.28	353.63	8	8	48	30
654.25	767.45	4	4	14	30
672.00	244.77	3	4	10	30
683.51	928.43	2	2	4	30
714.77	551.98	3	3	7	30
715.54	445.43	2	2	4	30
717.27	473.96	3	3	7	30
725.59	908.44	2	2	4	30
730.14	1004.14	3	3	8	30
740.67	659.69	2	2	3	30
749.65	397.32	4	4	13	30
751.03	1005.77	3	2	4	30
754.77	810.59	5	5	19	30
757.59	728.49	2	2	4	30
767.89	1169.17	3	3	8	30
775.66	336.72	2	2	3	30
776.42	839.58	4	4	15	30
779.74	298.95	5	5	21	30
785.18	267.92	2	3	4	30
804.36	679.12	2	3	5	30
806.29	629.32	2	2	3	30
812.89	387.67	3	4	9	30
815.01	472.78	3	4	10	30
846.20	712.53	5	6	23	30
850.19	788.17	3	3	6	30
851.59	838.08	4	3	12	30
853.05	178.35	3	3	7	30
865.48	485.36	2	2	4	30
884.13	530.45	3	2	6	30
911.10	367.48	5	4	15	30
934.51	679.50	2	2	4	30
935.46	189.48	2	2	4	30
938.02	1007.95	3	3	5	30
940.22	701.23	3	3	6	30
955.56	684.57	4	4	9	30
955.65	742.01	3	3	7	30
962.30	454.68	4	6	18	30
973.75	1020.65	2	2	3	30
986.22	1054.36	3	2	5	30
