109.33	408.31	2	2	3	0
118.21	151.13	4	4	11	0
149.02	829.23	3	3	7	0
149.60	443.37	2	2	4	0
178.81	519.85	2	3	4	0
185.72	365.73	2	3	5	0
205.66	617.08	4	3	11	0
214.53	651.29	4	4	14	0
219.04	622.03	3	3	5	0
227.69	137.06	3	3	7	0
239.85	150.99	2	3	4	0
253.94	594.99	3	3	9	0
292.81	653.05	2	3	4	0
296.02	388.74	7	6	29	0
304.49	305.39	2	2	4	0
315.56	323.54	2	2	4	0
331.69	820.44	2	2	3	0
340.49	397.47	2	2	4	0
367.08	765.86	3	3	9	0
401.02	414.95	3	3	5	0
404.24	152.98	2	3	4	0
412.25	765.72	5	5	20	0
431.04	947.53	3	2	6	0
449.27	433.70	4	4	10	0
451.57	688.52	2	2	4	0
475.88	239.22	3	4	10	0
477.49	718.54	2	2	4	0
491.15	884.77	3	3	6	0
518.48	436.64	2	2	4	0
545.19	690.86	3	3	8	0
562.90	251.49	3	2	6	0
569.29	267.46	4	4	13	0
580.47	769.52	4	4	12	0
581.97	500.99	3	3	5	0
619.45	206.84	4	5	19	0
648.20	367.23	2	2	3	0
650.50	665.20	4	5	16	0
655.48	872.55	4	4	12	0
665.97	518.76	7	7	38	0
670.51	789.85	2	3	6	0
684.38	829.63	4	4	13	0
690.11	412.77	4	4	11	0
691.53	983.39	2	2	4	0
708.68	673.00	3	3	7	0
722.67	863.30	2	2	3	0
734.91	694.24	3	4	10	0
748.54	896.99	4	5	16	0
759.00	523.97	3	3	7	0
770.82	648.83	3	3	6	0
826.71	558.15	4	5	17	0
835.87	747.17	3	3	6	0
840.67	699.52	2	4	6	0
854.31	441.98	4	3	10	0
861.59	740.14	4	5	17	0
863.82	197.82	3	3	6	0
866.62	1126.22	4	3	7	0
871.88	996.89	3	3	6	0
889.73	512.27	4	5	15	0
890.20	281.11	3	3	8	0
901.50	194.52	6	4	20	0
927.63	903.02	3	3	7	0
938.58	495.45	2	2	4	0
946.75	1050.01	3	3	7	0
959.31	660.44	4	4	13	0
968.40	734.77	2	3	5	0
974.69	938.06	2	3	3	0
983.08	475.20	3	4	10	0
992.53	1125.50	2	2	4	0
109.63	414.45	2	2	4	1
118.70	156.37	4	4	14	1
141.67	449.66	2	3	5	1
148.96	830.71	3	3	7	1
179.07	525.26	3	3	7	1
186.65	370.57	2	2	4	1
204.93	615.57	3	4	11	1
213.79	652.30	4	4	12	1
227.64	140.76	3	3	7	1
240.97	154.42	3	2	6	1
255.01	594.46	3	4	8	1
259.52	338.62	2	2	4	1
275.18	417.61	3	2	5	1
284.88	678.04	2	3	4	1
285.14	355.50	2	2	3	1
286.19	654.83	3	3	6	1
296.12	386.49	6	6	27	1
331.92	821.09	3	3	5	1
361.68	767.92	3	3	7	1
403.59	153.55	2	2	4	1
404.26	418.58	2	2	3	1
412.25	766.27	5	5	20	1
428.67	950.27	2	2	4	1
441.48	295.53	2	2	4	1
450.13	435.22	3	4	10	1
449.28	576.81	2	2	3	1
452.41	690.60	2	2	4	1
476.95	238.91	3	3	9	1
478.53	720.44	2	2	4	1
496.82	886.99	2	3	4	1
522.53	439.65	2	2	4	1
541.63	695.36	2	3	5	1
557.83	1002.15	2	3	4	1
563.04	252.34	3	3	7	1
573.40	270.35	4	4	13	1
581.69	772.28	4	4	13	1
616.09	207.19	5	5	20	1
655.73	668.64	4	4	15	1
659.34	870.61	4	4	13	1
664.00	517.01	7	7	37	1
674.97	790.02	3	3	7	1
687.29	833.26	4	4	12	1
689.27	412.30	4	4	10	1
711.18	675.64	3	4	9	1
738.03	697.52	3	4	8	1
748.37	897.40	4	4	15	1
749.72	496.95	3	3	7	1
758.19	522.12	3	3	6	1
832.82	560.87	5	5	18	1
837.61	747.45	2	2	4	1
841.34	698.58	3	2	5	1
853.97	439.71	3	4	10	1
863.36	739.74	4	5	16	1
863.57	1042.49	2	2	4	1
870.35	1127.64	4	6	16	1
873.04	997.96	3	3	5	1
889.93	510.83	5	5	16	1
905.34	196.45	6	4	21	1
921.57	555.46	2	2	4	1
927.58	900.43	2	2	4	1
928.35	918.37	2	2	3	1
940.70	494.70	2	2	3	1
961.07	659.78	3	4	10	1
969.63	733.20	2	3	5	1
980.83	937.20	5	3	12	1
983.84	942.18	3	3	8	1
989.64	475.72	4	4	13	1
110.28	420.74	3	3	6	2
119.62	161.49	4	4	14	2
134.17	456.32	3	2	5	2
148.77	832.29	2	2	3	2
179.69	531.08	3	3	7	2
187.53	375.62	2	2	4	2
204.22	614.45	3	4	10	2
213.10	653.32	3	4	11	2
220.62	632.63	2	2	4	2
227.71	144.70	4	3	9	2
242.23	157.76	3	3	8	2
256.17	594.07	3	3	8	2
279.60	656.58	2	2	4	2
280.47	420.06	2	3	6	2
281.25	680.30	2	2	3	2
292.72	312.50	2	2	4	2
296.13	384.14	5	6	26	2
303.54	471.51	2	2	4	2
320.23	319.53	3	2	5	2
332.23	821.68	2	2	3	2
355.97	769.65	3	3	7	2
412.03	767.08	5	5	21	2
426.16	952.81	3	3	6	2
446.46	580.57	2	2	4	2
451.20	436.97	4	3	10	2
453.44	692.66	2	2	4	2
478.03	238.53	3	4	10	2
479.98	723.56	3	2	6	2
499.72	502.61	2	2	3	2
502.91	889.32	3	3	7	2
527.08	442.90	3	3	6	2
537.63	700.03	2	3	6	2
563.21	253.34	3	3	7	2
577.66	272.83	4	4	12	2
583.31	774.97	4	3	10	2
584.82	506.30	2	2	3	2
612.98	207.77	5	5	18	2
633.28	612.62	2	2	3	2
662.11	515.50	7	6	36	2
661.33	672.18	4	5	17	2
663.07	869.00	3	5	11	2
679.40	790.69	2	3	5	2
688.28	412.03	4	3	10	2
689.99	836.43	3	4	12	2
713.99	678.48	3	4	8	2
741.35	701.21	4	4	10	2
748.11	897.67	5	4	15	2
752.35	500.38	2	2	4	2
757.57	520.18	2	3	6	2
780.43	654.69	2	2	4	2
809.24	668.97	2	3	4	2
839.13	563.91	5	5	19	2
840.16	748.02	2	3	4	2
842.17	697.74	3	4	9	2
853.48	437.41	4	4	12	2
865.19	738.99	4	5	12	2
866.02	1043.82	3	3	7	2
874.21	1128.60	3	4	8	2
890.28	509.39	4	5	15	2
892.65	527.26	2	2	3	2
909.19	198.64	5	6	23	2
909.72	859.02	2	3	4	2
941.76	495.08	2	3	4	2
962.89	659.05	5	3	11	2
971.28	731.29	2	2	3	2
988.81	939.42	3	6	8	2
991.82	548.16	2	2	3	2
111.00	426.75	3	3	7	3
120.26	166.70	4	4	13	3
125.73	462.99	3	3	7	3
148.60	834.20	2	2	3	3
180.19	536.97	3	3	7	3
188.39	381.11	2	3	5	3
203.32	613.01	3	3	7	3
212.59	654.55	4	4	15	3
227.75	148.37	4	4	11	3
243.91	161.04	3	3	8	3
257.87	593.65	3	4	9	3
272.70	658.41	2	2	4	3
286.56	421.56	2	2	4	3
296.31	381.93	6	5	26	3
300.62	472.67	2	2	3	3
322.25	318.11	3	3	7	3
332.24	822.31	2	2	3	3
350.00	771.30	3	3	7	3
378.69	352.27	2	2	3	3
402.78	154.69	2	2	3	3
410.83	426.35	2	2	3	3
412.10	767.80	5	5	19	3
423.26	955.25	2	2	3	3
443.73	584.42	2	2	3	3
452.28	438.82	4	3	9	3
453.83	694.86	3	3	6	3
479.18	238.22	3	3	8	3
480.79	726.14	3	3	6	3
498.32	506.36	2	2	3	3
502.18	883.08	2	3	4	3
508.81	891.95	3	3	7	3
533.86	704.85	3	3	8	3
563.89	254.32	3	3	7	3
569.56	818.52	2	2	4	3
582.10	275.59	4	4	13	3
584.72	777.67	4	4	10	3
609.96	208.15	5	5	19	3
660.08	513.91	7	7	38	3
666.56	675.89	4	5	17	3
667.39	867.31	4	4	13	3
678.29	129.64	3	2	5	3
683.98	791.05	3	3	9	3
687.49	411.79	4	3	10	3
692.45	839.94	4	5	15	3
706.58	389.14	2	3	5	3
716.51	681.49	2	2	4	3
744.85	704.40	3	4	9	3
747.70	898.41	4	4	14	3
754.76	503.66	2	2	3	3
756.98	518.98	3	3	9	3
777.74	899.32	2	2	3	3
810.86	668.19	3	3	6	3
831.54	503.45	2	2	4	3
841.66	748.41	2	2	4	3
843.09	696.98	3	3	9	3
845.33	566.73	4	5	16	3
852.96	434.83	3	4	10	3
867.20	738.38	4	4	13	3
876.40	1000.85	2	3	5	3
878.54	1128.83	4	5	11	3
887.48	272.00	2	3	6	3
890.46	507.75	4	6	17	3
890.86	498.01	2	3	4	3
913.59	201.20	4	5	17	3
928.45	895.49	2	2	4	3
943.49	495.54	2	2	4	3
954.25	1046.65	2	2	3	3
964.70	658.46	4	4	14	3
972.51	728.85	2	3	5	3
975.51	293.48	2	2	4	3
111.85	432.82	3	3	6	4
117.52	469.24	2	3	5	4
120.86	171.81	4	4	11	4
133.50	243.54	2	2	4	4
148.40	835.59	2	2	4	4
180.68	542.76	2	2	3	4
189.04	386.04	3	3	5	4
202.46	611.97	2	3	6	4
211.63	655.37	4	4	15	4
227.91	152.16	4	4	11	4
241.49	795.43	2	2	4	4
244.77	345.63	2	2	3	4
245.44	164.03	2	3	6	4
259.02	593.07	3	4	10	4
265.94	659.81	3	3	7	4
273.93	684.84	3	3	6	4
281.99	320.31	3	2	4	4
296.66	379.72	6	6	29	4
324.87	316.65	3	3	6	4
332.41	822.59	2	2	4	4
343.89	772.55	3	4	8	4
412.04	768.09	5	5	21	4
420.88	958.03	3	3	8	4
429.28	299.73	2	2	3	4
453.33	440.40	4	4	10	4
455.00	697.25	3	3	7	4
480.35	237.91	4	3	9	4
481.95	728.57	3	2	6	4
497.32	510.37	2	2	3	4
514.67	894.21	2	2	3	4
529.93	708.95	3	3	5	4
564.08	255.63	3	3	7	4
564.71	1031.28	2	2	3	4
569.01	819.19	3	2	4	4
571.17	1007.07	2	3	4	4
586.57	278.30	4	4	14	4
586.38	780.59	4	4	13	4
588.22	511.79	2	2	3	4
606.96	208.36	5	6	21	4
658.10	512.24	7	7	34	4
671.95	679.32	5	5	17	4
671.08	865.27	4	4	12	4
686.52	411.45	4	4	12	4
688.16	791.82	3	3	8	4
695.12	843.36	3	4	11	4
715.25	1000.66	2	2	3	4
719.23	684.46	3	2	5	4
737.21	229.74	2	2	3	4
740.28	879.78	2	2	3	4
747.77	707.52	4	4	10	4
747.49	898.61	4	4	15	4
756.15	517.10	3	3	8	4
757.20	506.77	3	3	6	4
789.68	660.76	2	2	3	4
813.36	667.35	2	2	3	4
844.07	696.06	3	3	9	4
843.85	748.82	2	3	4	4
851.38	569.35	4	4	15	4
852.51	432.59	4	4	12	4
868.97	737.47	3	4	12	4
870.72	1046.78	2	2	3	4
875.25	207.67	2	2	3	4
877.86	1001.87	3	3	6	4
882.64	1130.41	4	6	14	4
886.43	269.46	2	2	4	4
890.67	505.73	4	5	16	4
916.98	202.91	5	5	20	4
928.79	893.07	2	3	4	4
945.26	495.65	2	2	3	4
956.54	1045.55	2	2	4	4
966.16	657.48	4	4	14	4
973.99	726.98	3	3	7	4
109.13	476.17	3	3	6	5
112.32	439.06	3	3	7	5
121.67	177.09	4	5	15	5
180.97	548.40	3	2	6	5
201.70	609.07	3	3	7	5
211.20	656.54	4	4	14	5
228.01	155.99	3	3	9	5
246.91	167.47	3	2	6	5
259.00	661.76	3	3	7	5
260.48	592.50	4	4	12	5
296.93	377.16	5	7	27	5
297.00	426.25	3	2	4	5
321.60	408.74	2	2	3	5
326.57	314.50	2	2	4	5
332.28	823.42	2	2	3	5
337.72	774.02	3	3	7	5
412.05	768.73	5	5	19	5
418.00	960.37	3	3	7	5
432.14	108.18	3	3	6	5
454.62	442.42	3	4	10	5
455.50	699.04	2	3	6	5
481.55	237.54	4	4	12	5
483.07	731.53	3	2	6	5
520.36	896.38	3	2	5	5
525.55	713.52	2	2	4	5
539.88	452.68	3	2	5	5
564.82	256.89	3	3	8	5
567.95	820.21	3	2	4	5
587.54	783.29	4	4	14	5
589.99	514.91	3	3	5	5
591.34	281.19	4	4	13	5
604.32	208.58	5	6	22	5
656.08	510.62	7	7	37	5
674.87	863.81	4	4	11	5
677.28	682.90	4	5	18	5
685.77	411.10	4	3	10	5
692.73	792.23	3	3	6	5
697.63	846.69	4	4	13	5
707.25	388.64	2	2	3	5
721.08	687.48	3	2	6	5
747.17	898.91	5	5	16	5
751.04	710.81	3	4	10	5
755.59	515.28	2	3	5	5
759.86	510.13	3	3	6	5
794.44	663.72	2	3	5	5
816.50	666.48	2	2	4	5
845.23	695.46	4	4	10	5
845.74	749.11	2	3	5	5
851.93	430.20	3	4	10	5
857.54	571.94	4	5	16	5
870.88	736.80	4	4	11	5
879.81	1003.57	3	2	5	5
885.45	266.54	2	2	4	5
887.23	1130.49	3	4	11	5
890.84	504.02	3	5	13	5
921.68	205.09	5	5	20	5
929.37	891.23	2	3	5	5
946.69	495.72	2	2	3	5
959.01	1044.52	3	2	6	5
967.67	656.61	4	4	13	5
975.64	724.71	3	3	6	5
991.82	548.15	2	2	3	5
100.01	482.90	3	3	5	6
113.37	445.49	2	2	4	6
122.43	182.46	4	4	12	6
148.14	839.18	3	3	6	6
181.04	554.43	3	4	8	6
190.84	396.31	2	2	3	6
200.98	607.83	3	4	10	6
210.68	657.56	4	4	14	6
228.15	159.83	3	3	8	6
242.34	799.28	2	2	3	6
248.40	170.88	3	3	7	6
252.01	663.85	3	3	5	6
261.86	592.37	4	4	13	6
270.02	329.00	3	3	5	6
297.53	375.87	6	8	29	6
302.77	428.42	2	2	3	6
317.97	410.55	3	2	6	6
331.15	775.56	3	4	8	6
332.20	823.69	3	2	5	6
412.06	769.10	5	5	21	6
414.75	963.15	3	3	6	6
420.32	303.92	2	3	5	6
420.46	437.64	2	2	4	6
455.62	444.31	4	4	13	6
456.50	701.54	2	2	4	6
482.72	237.33	4	4	12	6
484.27	733.64	4	3	8	6
494.50	518.51	2	2	4	6
521.24	717.78	3	3	6	6
526.48	898.55	2	2	4	6
565.47	257.98	4	3	8	6
589.42	786.09	4	3	12	6
591.37	517.20	2	3	5	6
595.83	283.97	5	5	15	6
601.72	208.89	5	5	18	6
646.20	392.24	2	2	3	6
654.19	509.11	7	7	37	6
679.00	862.01	3	3	9	6
682.55	686.15	4	5	16	6
685.01	411.01	3	3	9	6
696.97	792.71	3	3	7	6
700.29	850.37	4	4	14	6
707.47	388.49	2	2	4	6
724.16	690.26	3	4	9	6
746.70	899.47	4	4	14	6
754.25	714.07	4	3	10	6
754.91	513.68	3	3	7	6
798.98	666.57	3	2	6	6
817.96	665.69	3	3	7	6
846.10	694.60	3	4	11	6
848.19	749.25	2	2	3	6
851.37	427.98	4	3	11	6
863.58	574.50	4	4	16	6
872.83	736.34	4	4	12	6
880.81	1004.68	3	2	5	6
890.94	502.06	3	5	14	6
891.44	1131.28	4	4	8	6
925.78	207.04	5	5	20	6
929.11	889.12	3	3	6	6
948.41	495.53	2	2	4	6
961.32	1043.92	3	3	7	6
969.34	655.99	4	5	12	6
976.87	722.95	3	3	6	6
90.88	489.15	3	3	6	7
113.15	451.51	3	2	6	7
123.24	187.66	4	4	14	7
148.13	840.70	3	2	5	7
167.74	136.59	2	2	3	7
181.51	559.97	2	3	6	7
192.00	401.48	3	2	6	7
200.35	606.49	4	4	11	7
209.94	658.58	5	4	17	7
228.51	163.82	4	3	8	7
244.84	665.59	3	2	5	7
250.08	174.20	3	3	7	7
263.01	591.82	3	4	10	7
263.90	333.34	3	2	5	7
263.08	691.72	2	2	3	7
271.52	1146.44	2	2	4	7
297.71	373.20	6	6	25	7
308.49	430.50	2	2	4	7
324.97	776.68	3	3	7	7
412.05	769.91	5	5	21	7
411.53	965.37	2	2	4	7
423.57	441.52	2	2	4	7
431.60	597.60	2	2	4	7
456.82	446.01	4	3	10	7
457.47	703.52	2	2	4	7
483.98	236.95	3	3	9	7
485.47	736.19	2	3	6	7
493.20	522.68	2	2	3	7
516.96	721.74	3	3	7	7
532.32	900.71	2	2	3	7
548.82	458.81	3	3	6	7
566.09	259.09	3	3	8	7
590.76	788.86	5	4	14	7
593.21	519.96	2	3	4	7
599.05	208.95	5	5	21	7
600.76	286.60	4	4	14	7
646.19	396.23	2	2	3	7
652.34	507.48	6	7	35	7
682.96	860.24	3	4	10	7
684.50	410.61	4	4	12	7
687.90	689.79	5	5	19	7
696.82	142.78	3	3	6	7
701.13	793.58	3	4	9	7
702.81	853.51	4	4	14	7
708.32	388.31	2	2	3	7
726.36	693.01	3	3	7	7
727.79	825.78	2	2	3	7
746.11	899.65	5	4	15	7
754.08	512.01	3	3	9	7
757.14	717.48	3	4	8	7
765.19	516.20	3	3	6	7
803.26	669.39	2	2	3	7
820.45	664.43	2	2	4	7
847.00	693.53	3	4	8	7
850.96	425.54	3	4	12	7
856.42	502.58	2	2	2	7
869.58	576.90	4	5	16	7
875.02	735.45	3	4	12	7
878.23	1051.65	2	2	3	7
882.82	1006.53	2	2	3	7
883.34	260.75	2	2	3	7
884.44	215.57	2	2	4	7
891.13	500.07	4	5	16	7
895.97	1131.22	3	4	8	7
930.26	208.76	5	6	21	7
929.50	886.46	2	2	4	7
963.71	1042.83	2	3	5	7
970.81	655.31	4	4	12	7
978.56	720.44	2	2	2	7
991.35	294.34	2	2	3	7
992.36	380.06	2	3	4	7
81.74	495.98	3	3	7	8
114.05	457.74	3	2	4	8
123.90	192.96	5	5	13	8
147.87	842.66	2	2	3	8
166.78	140.66	2	2	3	8
181.33	566.10	4	3	9	8
192.61	406.49	2	2	4	8
199.60	605.33	4	4	9	8
209.35	659.56	5	4	17	8
223.62	356.58	2	2	4	8
224.62	664.52	2	2	4	8
228.77	167.72	3	3	8	8
237.68	667.53	2	2	4	8
251.65	177.39	2	2	4	8
257.98	337.98	3	3	5	8
258.88	693.76	3	3	6	8
264.33	591.70	4	4	10	8
298.41	371.07	6	5	26	8
303.25	388.75	2	2	3	8
303.32	416.68	2	2	3	8
314.35	432.87	2	3	5	8
318.59	777.89	3	3	7	8
333.03	824.78	3	2	4	8
343.37	379.62	2	2	3	8
408.07	967.70	3	3	7	8
412.05	770.17	5	5	21	8
426.51	138.01	2	3	6	8
458.02	447.89	3	3	9	8
458.49	705.57	2	2	4	8
484.97	236.74	3	4	10	8
486.62	738.92	3	3	7	8
491.86	526.55	3	2	6	8
512.77	726.07	3	3	8	8
538.47	902.62	2	2	4	8
553.42	462.26	2	2	3	8
567.03	260.42	3	4	8	8
579.48	1031.54	2	2	4	8
589.43	1012.54	2	2	4	8
592.11	791.67	3	4	11	8
596.70	209.00	4	5	18	8
605.71	289.55	4	4	14	8
650.52	505.90	6	7	37	8
683.78	410.64	4	4	13	8
686.88	858.32	5	4	13	8
693.35	693.33	4	4	15	8
705.19	793.79	3	3	6	8
705.37	856.68	4	4	13	8
708.48	388.03	2	3	4	8
729.14	695.88	3	3	6	8
745.63	900.13	4	4	13	8
753.41	510.07	3	3	7	8
755.90	896.85	3	3	6	8
760.36	720.48	4	4	11	8
767.84	519.34	3	2	5	8
778.27	537.48	2	2	3	8
807.58	672.40	2	2	4	8
823.25	663.98	2	3	4	8
848.00	692.70	3	3	7	8
850.40	423.40	4	4	12	8
862.76	502.33	2	2	3	8
875.68	579.15	4	5	17	8
877.21	734.51	4	4	14	8
880.67	1052.90	2	3	5	8
882.29	258.26	2	2	3	8
891.24	498.49	4	6	16	8
900.27	1132.89	4	6	14	8
929.61	884.46	2	2	4	8
934.84	210.82	6	5	22	8
951.50	495.56	2	2	4	8
966.65	1042.25	2	2	3	8
972.52	654.40	4	4	12	8
980.50	717.87	2	3	4	8
991.55	377.02	2	3	6	8
114.54	463.85	4	3	8	9
124.70	198.29	4	4	13	9
182.14	571.89	3	3	8	9
193.66	411.89	2	3	5	9
198.18	603.64	3	2	5	9
208.55	660.64	4	4	15	9
218.03	359.82	3	2	4	9
228.74	171.62	4	4	10	9
230.49	669.60	2	2	4	9
253.25	180.58	3	2	5	9
255.02	695.94	3	3	5	9
266.00	591.06	3	3	9	9
299.22	369.04	6	5	24	9
307.57	416.58	2	2	4	9
311.94	779.05	3	3	9	9
320.03	434.99	3	3	5	9
333.32	825.36	2	2	3	9
337.34	309.31	2	2	3	9
404.92	970.11	3	3	8	9
406.53	312.45	2	2	4	9
408.48	112.38	2	2	4	9
412.00	770.88	5	5	21	9
425.72	603.73	2	2	3	9
429.93	140.50	3	2	6	9
430.11	449.30	2	2	3	9
459.39	449.92	4	3	10	9
458.60	708.47	2	2	4	9
485.98	236.41	3	4	9	9
487.82	741.18	3	3	6	9
490.87	530.81	3	2	4	9
507.96	729.93	3	3	9	9
531.83	907.04	2	3	4	9
544.51	904.62	2	2	4	9
558.59	465.76	2	2	3	9
564.42	825.57	2	2	4	9
568.20	261.84	3	3	8	9
583.35	1031.77	2	3	5	9
594.34	209.01	5	5	19	9
593.57	794.50	4	4	12	9
597.16	525.93	2	3	4	9
610.70	292.54	4	4	14	9
648.51	504.46	6	6	32	9
683.38	410.61	4	4	13	9
690.80	856.62	5	4	14	9
698.60	696.82	4	5	17	9
705.70	149.60	2	2	3	9
707.73	860.29	4	4	13	9
708.81	388.12	3	3	6	9
709.87	794.46	3	2	6	9
731.41	698.76	2	3	5	9
745.27	900.50	4	4	14	9
752.87	508.82	3	3	8	9
763.24	723.68	3	4	9	9
770.58	522.37	2	2	4	9
791.24	912.65	2	2	3	9
811.97	675.08	3	3	6	9
849.79	421.02	4	3	10	9
848.92	691.79	3	3	8	9
854.27	750.14	2	2	3	9
878.99	734.01	5	5	13	9
881.56	581.47	4	4	16	9
881.36	256.22	2	2	3	9
883.21	1054.98	3	3	7	9
886.46	1009.60	2	2	4	9
891.37	496.68	4	6	18	9
891.27	220.72	2	2	3	9
895.78	1160.28	2	2	3	9
904.60	1133.40	4	4	10	9
939.07	212.41	5	4	19	9
953.44	495.49	2	2	4	9
968.53	1041.53	2	2	4	9
974.18	653.39	4	4	12	9
981.31	716.27	3	3	6	9
990.91	373.73	3	3	7	9
114.77	470.00	3	3	7	10
125.68	203.42	4	4	14	10
148.16	846.19	2	2	3	10
182.42	577.56	2	2	4	10
194.48	416.59	2	2	4	10
208.02	661.52	5	4	16	10
211.34	362.76	2	2	3	10
223.11	671.66	3	2	5	10
228.99	175.33	3	4	9	10
245.03	347.42	3	2	4	10
250.99	697.85	3	3	5	10
255.11	184.08	3	3	8	10
267.34	590.49	3	4	9	10
299.76	366.95	6	5	26	10
297.30	424.47	2	2	4	10
304.55	418.50	2	2	4	10
305.05	780.02	3	3	9	10
325.66	436.74	2	2	3	10
333.48	825.55	2	2	4	10
340.01	308.01	3	3	5	10
400.97	972.05	3	3	5	10
402.02	314.75	3	2	4	10
412.04	771.07	5	5	21	10
432.99	452.90	3	3	5	10
433.83	144.37	3	2	5	10
459.92	710.53	3	2	6	10
460.83	451.67	3	4	9	10
487.25	236.02	4	3	10	10
488.96	743.77	3	2	4	10
489.30	534.74	2	2	3	10
503.07	733.72	3	3	7	10
537.19	910.87	3	3	6	10
550.54	906.55	2	2	4	10
563.27	468.74	2	2	3	10
569.04	262.89	3	3	9	10
592.04	208.86	5	5	21	10
595.38	797.13	4	3	11	10
615.80	295.41	4	4	14	10
646.46	502.80	7	7	36	10
682.67	410.56	4	4	13	10
694.94	854.50	3	4	12	10
703.79	700.14	5	5	20	10
709.45	387.73	2	3	5	10
710.33	863.35	4	4	13	10
713.84	794.92	3	3	8	10
733.88	702.14	3	3	6	10
744.83	900.61	5	4	15	10
752.17	507.07	3	3	8	10
766.36	726.85	4	3	11	10
773.34	524.83	2	2	3	10
831.34	984.79	2	3	5	10
849.09	418.86	3	3	9	10
849.97	690.50	3	2	6	10
856.19	749.96	2	3	4	10
874.87	502.46	3	4	9	10
880.76	733.30	4	4	13	10
880.34	252.81	2	2	3	10
885.79	1056.37	2	2	3	10
887.46	583.53	4	4	16	10
888.30	1010.84	2	2	3	10
891.53	494.98	4	5	16	10
908.91	1134.50	4	5	13	10
929.21	856.03	2	3	4	10
944.03	214.08	5	5	22	10
950.41	1011.26	2	2	3	10
954.49	495.46	2	2	4	10
971.43	1040.56	2	2	4	10
975.63	652.67	4	4	13	10
982.83	714.17	3	4	8	10
989.50	370.54	2	2	4	10
991.95	548.13	3	2	4	10
115.22	476.19	3	3	6	11
126.42	208.69	4	4	14	11
147.91	847.98	3	3	5	11
182.57	583.50	2	2	4	11
195.24	421.87	2	2	3	11
195.80	600.36	3	2	5	11
204.77	365.74	2	2	3	11
207.48	662.62	4	4	15	11
215.90	673.75	3	3	7	11
229.52	179.20	3	3	7	11
238.82	352.26	2	2	3	11
247.19	700.26	2	2	3	11
256.78	187.24	3	3	8	11
268.94	590.16	3	4	10	11
276.25	490.32	2	2	3	11
300.46	364.97	6	5	25	11
298.44	781.21	2	3	5	11
302.40	420.58	2	2	4	11
311.71	403.69	2	2	3	11
331.53	439.20	2	3	5	11
333.74	825.92	2	3	4	11
342.95	306.48	3	2	6	11
359.26	722.63	2	2	3	11
397.37	974.36	2	2	4	11
412.02	771.78	5	6	21	11
460.56	712.57	2	2	4	11
462.06	453.89	3	3	9	11
488.61	235.73	4	4	10	11
488.11	538.81	3	3	8	11
490.41	746.54	2	2	4	11
498.28	737.23	3	3	6	11
542.46	914.65	2	2	4	11
556.47	908.52	2	2	4	11
568.26	471.76	2	2	3	11
570.42	264.03	3	3	7	11
590.07	208.59	5	6	19	11
590.76	1032.57	2	2	3	11
596.76	799.84	4	4	11	11
601.23	530.91	2	3	4	11
621.07	298.40	5	4	15	11
644.71	501.30	7	7	37	11
682.33	410.60	4	4	13	11
698.73	852.58	4	4	14	11
709.36	703.66	4	4	14	11
712.64	866.62	4	4	13	11
717.96	795.35	3	3	7	11
724.55	910.61	2	2	4	11
736.71	704.59	3	2	5	11
744.41	901.13	4	5	15	11
751.56	505.44	2	2	4	11
769.47	729.80	4	4	11	11
776.24	527.91	3	3	7	11
834.68	987.33	2	2	3	11
848.67	416.42	4	4	11	11
851.52	689.48	2	2	4	11
858.38	750.42	2	2	4	11
879.50	250.47	2	2	4	11
882.36	501.35	2	2	3	11
883.07	732.17	3	4	10	11
888.62	1058.35	2	2	4	11
889.83	1013.01	2	3	4	11
891.69	492.96	4	5	14	11
893.42	585.51	4	4	16	11
897.65	225.80	2	2	3	11
914.04	1134.09	3	4	10	11
932.37	855.33	2	2	3	11
948.65	215.63	6	6	22	11
956.65	495.31	2	2	3	11
973.59	1039.94	2	3	6	11
977.15	651.89	4	5	13	11
983.55	712.20	2	3	5	11
988.46	367.47	2	2	4	11
115.87	482.64	3	4	9	12
127.42	214.05	4	5	16	12
147.86	849.93	2	3	4	12
182.96	589.32	3	3	7	12
195.01	599.02	3	3	7	12
196.05	427.46	3	2	6	12
206.92	663.77	5	5	16	12
208.40	675.96	2	3	6	12
229.86	183.09	3	3	9	12
232.24	357.26	2	2	3	12
243.12	702.15	3	3	6	12
258.46	190.54	2	2	4	12
270.64	590.04	4	4	12	12
272.79	493.66	2	2	3	12
275.64	1143.27	2	2	3	12
291.23	432.51	2	2	3	12
291.54	782.37	2	2	4	12
298.53	422.53	2	2	4	12
301.16	363.09	5	5	22	12
334.24	826.68	3	2	5	12
337.38	441.56	2	2	4	12
345.62	305.24	2	3	5	12
392.31	320.55	4	4	11	12
393.44	976.56	2	2	4	12
412.00	772.29	5	6	23	12
439.65	460.24	2	2	3	12
461.84	714.80	3	3	6	12
463.65	455.68	4	4	10	12
489.72	235.39	4	4	12	12
491.11	749.13	3	3	8	12
493.59	740.92	4	3	9	12
562.29	910.48	3	2	5	12
571.84	265.74	3	3	6	12
573.46	475.55	2	2	4	12
588.04	208.34	5	5	19	12
595.09	1032.26	3	2	4	12
598.29	802.89	4	3	11	12
626.36	301.33	4	4	13	12
642.86	499.81	7	7	37	12
681.86	410.74	3	4	10	12
702.57	851.16	4	4	13	12
703.20	697.94	2	3	4	12
710.51	387.45	2	2	4	12
714.51	707.21	4	5	16	12
715.26	869.73	4	4	13	12
719.32	159.75	2	2	3	12
721.91	795.89	3	3	6	12
738.49	707.49	2	4	6	12
743.92	901.54	5	4	15	12
751.00	503.90	3	3	5	12
772.27	733.00	4	3	10	12
771.16	912.92	2	3	4	12
778.99	530.40	3	2	4	12
825.36	682.98	3	3	7	12
848.18	414.09	4	3	10	12
852.60	688.25	2	3	5	12
860.43	750.51	2	2	4	12
878.56	248.18	2	2	3	12
885.08	731.31	3	4	11	12
891.69	491.09	4	5	15	12
891.31	1059.70	3	2	5	12
891.90	1014.98	3	3	5	12
899.29	587.57	4	4	15	12
918.27	1135.32	5	4	13	12
953.25	217.26	6	5	22	12
958.29	494.99	2	3	4	12
976.49	1039.41	2	2	4	12
978.45	651.13	4	5	15	12
984.40	710.36	2	2	3	12
987.40	364.44	2	2	4	12
992.28	548.59	3	3	6	12
116.08	488.68	3	3	7	13
128.15	219.39	5	4	15	13
147.87	851.77	3	3	6	13
182.92	595.23	3	3	7	13
194.00	596.69	3	3	7	13
196.98	432.25	3	3	7	13
201.02	677.74	3	3	7	13
206.57	664.91	4	5	18	13
225.63	362.29	2	2	3	13
229.91	186.98	3	3	9	13
235.30	638.30	2	2	3	13
239.16	704.18	2	2	3	13
259.82	193.90	3	3	7	13
269.51	496.47	2	2	4	13
272.06	589.68	4	4	12	13
276.32	1142.68	2	2	3	13
284.61	783.05	3	3	7	13
287.78	436.27	2	2	3	13
296.12	424.75	3	2	4	13
301.91	361.10	5	6	23	13
334.81	827.16	3	3	6	13
348.18	304.43	3	2	5	13
356.26	372.73	2	2	3	13
387.40	324.47	2	2	4	13
389.45	978.52	2	2	4	13
412.03	772.80	5	5	21	13
412.41	614.51	2	2	4	13
443.86	154.05	3	3	6	13
462.61	716.90	2	3	6	13
465.04	457.66	3	4	9	13
485.21	547.15	3	3	6	13
488.31	743.83	2	2	3	13
490.90	234.94	3	3	9	13
492.57	751.45	4	4	11	13
568.50	912.29	2	2	4	13
573.22	266.89	3	3	7	13
578.46	478.59	2	2	4	13
586.05	208.10	5	5	20	13
599.81	805.80	4	4	11	13
631.69	304.38	4	4	14	13
641.00	498.03	7	7	37	13
646.48	420.53	2	2	4	13
681.33	410.73	4	4	13	13
706.81	848.99	4	3	10	13
711.55	387.50	2	2	4	13
717.44	873.12	4	4	13	13
719.82	710.41	5	5	17	13
726.19	796.57	3	2	5	13
740.92	710.52	3	2	6	13
743.60	901.63	4	4	13	13
750.43	502.03	2	3	6	13
775.27	736.04	4	3	10	13
781.95	533.05	3	3	5	13
847.62	411.96	4	3	11	13
853.63	686.98	3	3	7	13
862.42	750.56	2	2	4	13
877.63	245.35	2	2	3	13
887.49	730.46	4	4	12	13
891.96	489.53	3	4	12	13
893.62	1016.44	2	2	4	13
894.48	1061.79	2	3	5	13
904.95	589.46	5	4	16	13
923.19	1135.46	4	5	12	13
930.53	873.45	2	2	4	13
955.72	898.62	2	2	3	13
958.16	218.72	5	5	22	13
959.36	494.73	2	2	3	13
980.00	650.43	5	4	16	13
978.65	1038.53	2	2	4	13
986.17	361.10	2	3	4	13
986.72	706.71	2	2	3	13
116.81	494.58	3	4	9	14
129.03	224.59	3	4	12	14
147.91	853.80	3	3	6	14
183.02	601.20	3	3	7	14
183.66	375.81	2	2	3	14
192.89	595.42	3	4	11	14
193.67	679.98	3	3	7	14
206.24	665.92	4	5	16	14
228.51	696.39	2	2	4	14
230.18	190.92	3	3	8	14
261.91	197.12	3	3	6	14
273.63	589.44	4	4	12	14
277.46	784.42	2	2	4	14
303.05	359.09	6	5	23	14
319.91	418.29	3	2	5	14
335.14	827.75	3	3	6	14
348.54	445.54	2	2	4	14
350.42	303.02	2	3	6	14
376.25	118.73	2	2	3	14
385.17	980.57	3	4	7	14
389.46	1000.52	2	2	4	14
408.86	616.70	2	2	3	14
412.04	773.18	5	5	20	14
445.97	467.66	3	3	7	14
463.47	718.73	2	3	5	14
466.68	459.83	4	3	9	14
483.11	747.33	3	3	7	14
483.67	550.81	2	2	3	14
492.04	234.49	3	4	12	14
493.35	753.98	3	3	7	14
524.52	144.50	2	2	4	14
574.96	268.01	3	3	9	14
574.55	913.97	2	3	6	14
584.22	207.92	5	5	19	14
583.66	481.75	2	2	3	14
601.33	808.41	4	4	14	14
603.54	1032.50	2	2	4	14
607.82	539.58	2	2	3	14
637.16	307.27	5	5	16	14
639.19	496.60	7	6	36	14
681.13	410.97	4	3	10	14
711.10	847.43	4	4	13	14
712.38	387.32	2	2	3	14
719.80	876.23	4	4	11	14
725.11	713.70	5	4	15	14
730.23	797.03	3	3	7	14
743.10	901.77	5	4	13	14
743.52	713.11	2	3	6	14
749.81	500.53	3	2	5	14
777.98	739.08	3	3	9	14
784.93	535.52	3	2	6	14
839.61	657.68	2	2	3	14
847.03	409.77	3	4	10	14
854.44	686.01	4	3	8	14
876.62	243.15	2	3	5	14
889.46	729.51	4	4	12	14
891.99	487.30	3	5	13	14
896.90	1062.92	3	3	6	14
910.60	591.09	4	5	16	14
928.04	1135.79	3	4	10	14
957.27	1010.37	2	2	3	14
962.85	220.11	5	5	21	14
981.51	649.70	4	4	14	14
981.47	1037.55	2	2	4	14
984.88	358.14	3	3	6	14
988.06	705.18	3	3	6	14
991.23	252.36	2	2	3	14
116.91	501.10	3	3	8	15
130.05	230.17	5	4	13	15
148.04	855.46	3	2	6	15
183.31	606.98	3	3	7	15
186.07	682.29	3	2	4	15
191.80	593.96	4	3	10	15
198.62	442.64	2	2	4	15
205.84	667.16	5	5	19	15
211.76	372.98	3	3	7	15
230.71	195.02	4	3	10	15
231.00	708.11	3	3	5	15
262.57	503.44	2	2	4	15
263.63	200.51	2	2	4	15
270.03	785.77	3	3	8	15
275.00	589.52	3	4	10	15
304.11	357.41	5	6	25	15
335.81	828.17	3	3	6	15
354.17	447.99	3	3	5	15
376.93	331.37	3	2	5	15
381.09	982.50	3	2	6	15
389.30	1002.40	2	2	3	15
405.49	619.48	2	2	4	15
412.15	773.75	5	5	21	15
464.61	721.31	2	2	3	15
468.24	462.16	4	4	12	15
478.04	750.63	3	3	7	15
482.03	554.75	3	2	4	15
493.23	234.33	4	4	12	15
494.83	756.79	4	3	9	15
558.02	836.76	3	2	4	15
576.68	269.79	3	3	8	15
580.53	915.44	2	2	4	15
582.45	207.57	4	6	19	15
602.72	811.15	4	3	11	15
623.61	1023.50	2	2	4	15
637.43	494.96	6	7	37	15
642.64	310.44	4	4	13	15
647.24	428.78	2	2	3	15
680.92	411.18	3	4	10	15
714.64	845.61	4	4	13	15
722.06	879.44	4	4	13	15
730.42	717.32	4	4	15	15
734.42	797.58	2	2	4	15
742.66	902.05	4	5	14	15
745.71	716.05	3	3	7	15
749.00	498.81	3	3	7	15
781.04	742.43	3	4	9	15
787.86	538.13	3	3	6	15
838.37	690.60	2	2	4	15
843.48	656.53	2	2	4	15
844.41	724.69	2	2	3	15
846.54	407.52	4	4	12	15
855.89	684.86	3	3	8	15
866.61	750.80	2	2	3	15
875.75	240.66	2	2	3	15
891.67	728.52	4	4	13	15
891.90	485.21	3	5	14	15
899.99	1064.85	3	2	4	15
911.68	236.73	2	2	3	15
916.34	592.93	4	5	16	15
932.25	1136.91	5	5	13	15
956.35	927.25	2	2	3	15
963.40	494.48	2	2	4	15
968.08	221.06	5	5	20	15
982.92	648.79	3	4	10	15
983.79	354.97	2	3	4	15
983.91	1037.03	3	3	5	15
989.16	702.79	3	4	8	15
989.34	248.96	2	3	4	15
108.44	638.54	2	2	4	16
117.13	506.54	3	2	6	16
130.80	235.43	4	4	14	16
148.19	857.29	2	2	3	16
161.63	177.31	2	2	4	16
178.65	684.13	2	3	5	16
183.49	612.60	2	2	4	16
190.86	592.54	4	4	11	16
205.20	668.06	5	5	15	16
204.78	378.32	2	2	3	16
227.18	710.22	2	2	3	16
229.81	706.92	2	3	4	16
231.08	198.83	3	3	8	16
247.32	817.33	2	2	3	16
259.68	506.36	2	2	3	16
263.01	786.81	3	4	10	16
265.32	203.76	3	3	6	16
277.07	589.20	3	3	8	16
278.20	449.19	2	2	3	16
305.03	355.48	5	6	26	16
336.25	828.60	3	2	5	16
355.71	300.53	2	4	6	16
360.29	449.76	2	2	3	16
372.19	335.16	3	3	6	16
376.50	984.41	2	2	4	16
388.34	1004.72	2	2	3	16
401.88	621.60	2	2	3	16
412.08	774.01	5	5	21	16
452.10	474.86	3	3	6	16
454.38	165.26	2	3	5	16
465.52	723.47	2	2	4	16
469.81	464.02	4	3	10	16
472.61	753.24	2	3	5	16
494.55	233.78	4	4	12	16
496.07	759.36	3	4	9	16
578.23	271.08	3	3	7	16
580.71	207.05	4	5	18	16
586.54	917.33	2	2	4	16
594.25	488.72	2	2	3	16
604.51	813.71	4	4	11	16
611.77	1032.65	2	2	3	16
613.18	545.01	2	3	4	16
635.51	493.28	6	7	36	16
648.30	313.37	4	4	13	16
647.71	432.76	2	2	3	16
680.72	411.35	4	4	12	16
719.06	843.71	3	4	11	16
724.37	882.40	4	4	13	16
735.61	720.50	4	4	15	16
737.49	173.61	2	2	4	16
738.20	798.14	3	3	8	16
742.36	902.33	4	4	13	16
742.48	919.33	2	2	3	16
748.53	497.20	4	3	8	16
748.00	718.76	3	3	7	16
783.92	745.14	3	3	9	16
842.42	693.32	2	2	4	16
846.03	405.23	3	4	10	16
845.77	655.06	2	3	4	16
857.30	683.57	3	2	5	16
868.45	750.82	2	3	5	16
875.01	238.00	3	3	5	16
891.80	483.42	4	5	15	16
893.53	727.43	4	4	12	16
899.78	1021.89	2	3	4	16
915.73	239.74	2	2	3	16
921.83	594.29	5	5	17	16
929.75	866.98	2	3	4	16
936.63	1137.84	4	5	13	16
964.77	494.28	2	2	3	16
972.90	222.11	5	5	20	16
982.31	351.82	2	2	3	16
984.31	647.91	4	4	12	16
986.54	1036.56	2	2	4	16
990.71	700.95	4	3	9	16
117.25	513.22	3	3	7	17
131.82	240.64	4	4	14	17
148.34	859.34	2	2	4	17
149.48	127.52	2	2	2	17
160.17	387.07	3	3	6	17
160.79	181.95	2	3	4	17
171.36	686.27	2	3	5	17
183.81	618.48	3	2	6	17
189.50	589.99	4	3	8	17
200.39	453.42	2	2	4	17
204.64	669.23	5	4	15	17
223.27	712.12	2	2	3	17
231.35	202.93	3	3	7	17
255.56	787.89	4	3	8	17
267.48	207.38	2	2	4	17
278.64	589.07	4	3	9	17
284.40	431.93	2	3	6	17
306.36	353.78	6	6	29	17
337.21	828.71	3	2	5	17
358.81	299.38	3	4	9	17
367.27	338.71	2	2	3	17
372.00	986.00	3	3	9	17
392.82	165.61	2	2	3	17
412.30	774.44	5	6	21	17
455.42	478.58	2	2	4	17
466.69	725.76	3	3	6	17
467.25	756.03	3	3	7	17
471.37	466.42	4	4	11	17
495.76	233.53	3	4	10	17
497.08	761.62	3	4	10	17
579.16	206.59	5	6	19	17
580.05	272.55	3	4	8	17
599.66	491.95	2	3	4	17
601.54	1157.48	2	2	4	17
606.06	817.01	5	5	18	17
615.86	547.66	3	2	5	17
633.81	491.86	7	7	35	17
653.73	316.39	4	4	15	17
680.52	411.57	4	4	12	17
715.59	386.74	2	2	3	17
722.62	842.02	4	3	12	17
726.46	885.59	4	4	13	17
740.87	723.85	5	5	19	17
741.71	902.43	4	4	13	17
742.21	798.57	3	4	7	17
747.94	496.13	3	3	8	17
750.52	721.95	2	3	6	17
786.46	748.48	4	4	12	17
793.66	543.14	2	3	5	17
845.62	403.05	4	3	11	17
846.27	695.61	3	2	5	17
858.49	682.51	2	2	4	17
870.58	750.60	2	2	4	17
874.05	236.00	3	3	7	17
891.94	481.83	3	5	14	17
895.96	725.98	3	3	9	17
902.02	1023.77	3	2	4	17
927.20	595.79	4	5	15	17
942.03	1137.75	3	5	10	17
966.66	493.64	2	2	3	17
978.25	223.62	5	6	23	17
978.71	886.36	2	2	3	17
980.96	349.23	3	3	7	17
985.52	646.96	4	5	16	17
988.75	1035.97	3	3	7	17
991.82	548.16	2	2	3	17
991.40	698.81	2	3	5	17
118.11	519.15	3	3	6	18
132.91	246.26	5	5	16	18
148.62	861.21	2	2	3	18
160.24	186.51	3	2	5	18
163.69	688.53	2	2	4	18
183.94	624.62	3	3	7	18
188.50	588.95	4	3	8	18
201.14	458.81	3	3	6	18
204.21	670.40	4	4	14	18
219.34	714.29	2	2	4	18
230.95	716.94	3	3	5	18
231.93	207.01	3	3	9	18
244.66	874.67	2	2	3	18
247.83	788.98	3	3	8	18
269.17	210.35	3	3	7	18
280.35	589.34	4	4	13	18
281.28	434.22	2	2	3	18
307.39	352.28	6	6	27	18
331.35	438.34	2	2	4	18
337.97	829.30	3	2	4	18
345.91	383.76	3	2	4	18
361.51	299.08	2	3	6	18
362.01	750.11	3	3	5	18
367.08	987.86	3	3	8	18
371.93	454.34	3	3	7	18
386.65	1009.40	2	2	3	18
391.80	166.64	2	2	3	18
412.28	774.90	5	5	19	18
462.01	172.47	3	2	4	18
461.68	758.63	2	2	4	18
467.31	727.95	3	3	7	18
473.06	468.70	3	4	10	18
476.11	565.78	3	2	4	18
496.95	233.31	3	4	11	18
498.33	764.12	3	3	7	18
577.56	206.29	4	5	18	18
582.07	274.15	3	3	8	18
598.59	920.48	2	2	4	18
604.94	495.21	3	3	7	18
607.00	819.44	6	4	16	18
620.93	1033.03	3	3	5	18
632.04	490.45	7	7	38	18
659.57	319.67	4	4	14	18
680.44	412.06	4	3	11	18
717.13	386.61	3	2	5	18
726.66	840.30	4	4	13	18
728.73	888.61	4	4	14	18
739.64	197.37	2	2	3	18
741.29	902.58	4	4	14	18
746.09	727.26	5	5	17	18
746.48	181.51	2	2	4	18
746.46	799.00	2	3	6	18
747.50	494.89	2	3	6	18
752.56	724.54	2	2	4	18
789.03	751.46	3	4	12	18
796.82	545.07	2	3	4	18
845.02	400.97	3	3	9	18
850.34	697.83	2	3	5	18
860.07	681.00	3	3	5	18
872.67	751.23	2	2	3	18
873.47	233.92	2	3	6	18
892.06	479.90	4	5	15	18
898.13	724.92	3	3	8	18
903.80	1025.86	3	3	6	18
909.00	1070.02	3	3	5	18
923.48	245.48	2	2	4	18
926.34	499.28	2	2	3	18
932.70	597.14	4	5	17	18
946.64	1138.69	4	5	12	18
968.33	493.33	2	2	3	18
979.72	346.07	3	3	7	18
983.19	224.73	5	5	20	18
984.72	238.73	2	2	3	18
986.85	646.32	4	4	13	18
991.82	1035.21	3	3	8	18
992.13	548.17	2	2	3	18
118.28	525.00	3	3	7	19
133.88	251.45	4	4	13	19
148.94	863.03	3	3	5	19
156.20	690.54	3	2	5	19
182.59	395.45	2	2	4	19
183.94	630.23	3	2	4	19
187.91	587.12	3	3	8	19
202.10	463.84	3	3	6	19
203.86	671.46	4	4	13	19
232.40	210.87	2	3	6	19
240.11	790.07	3	3	5	19
271.04	213.95	3	3	9	19
278.37	435.54	2	2	4	19
281.86	589.59	3	4	9	19
308.74	350.60	6	6	28	19
333.89	442.98	2	3	4	19
338.76	829.52	3	2	6	19
356.50	346.43	2	2	4	19
362.18	989.37	3	2	5	19
364.17	297.82	3	3	8	19
377.57	456.76	2	3	5	19
391.21	167.62	3	3	6	19
391.04	627.91	3	3	5	19
412.45	775.20	5	5	19	19
456.15	760.89	3	3	8	19
461.73	485.83	2	2	3	19
467.95	729.90	3	3	8	19
474.09	569.64	3	2	5	19
474.91	470.89	3	3	9	19
498.48	232.57	4	4	12	19
499.00	766.50	3	2	6	19
540.66	372.32	2	2	3	19
575.97	205.89	5	5	20	19
584.20	275.95	3	3	8	19
604.57	921.62	2	2	4	19
609.19	822.31	3	4	11	19
610.50	498.51	2	2	4	19
620.97	552.99	3	3	5	19
630.18	488.70	7	7	37	19
644.53	1029.57	2	2	4	19
665.42	322.54	4	4	14	19
680.38	412.39	4	4	13	19
717.60	386.48	2	2	4	19
728.80	272.70	2	2	3	19
730.83	891.67	4	4	12	19
731.10	838.38	3	4	9	19
740.76	902.59	4	4	14	19
746.80	493.01	3	3	7	19
752.04	729.73	6	6	21	19
750.40	799.54	2	2	4	19
791.78	754.46	3	4	10	19
795.96	940.00	3	3	5	19
798.40	554.50	2	2	4	19
799.72	547.20	2	2	3	19
844.66	398.78	4	3	9	19
861.44	679.52	2	2	4	19
872.52	231.53	2	2	4	19
892.04	478.26	3	5	13	19
900.52	723.57	4	4	12	19
906.00	1027.77	3	2	4	19
912.10	1072.15	3	2	4	19
927.30	248.29	2	2	3	19
933.54	498.53	2	2	4	19
938.05	598.40	5	4	16	19
952.08	1138.27	3	3	7	19
973.47	217.52	2	2	4	19
978.45	343.02	2	3	6	19
988.40	225.55	6	4	19	19
988.31	645.36	4	4	13	19
118.30	531.08	3	3	7	20
134.84	256.86	4	5	13	20
134.97	399.01	3	3	5	20
148.81	692.75	3	3	6	20
148.86	865.15	3	3	6	20
158.50	196.35	2	2	4	20
174.97	401.29	3	3	7	20
183.87	636.15	3	3	8	20
186.12	585.11	3	3	8	20
202.72	469.17	2	3	5	20
203.53	672.69	4	4	14	20
232.81	214.92	4	3	10	20
232.87	791.63	3	3	7	20
245.20	522.01	2	3	4	20
273.04	217.26	3	3	7	20
274.50	437.48	2	2	4	20
283.70	589.51	4	4	11	20
310.07	349.11	5	6	25	20
339.63	829.95	3	3	7	20
341.48	387.61	2	2	4	20
351.35	350.45	2	2	4	20
356.97	991.07	3	3	8	20
363.13	758.33	3	2	5	20
367.29	296.99	3	3	7	20
367.79	800.35	3	4	9	20
371.52	586.78	2	2	3	20
383.36	458.60	2	2	4	20
387.44	629.66	2	2	4	20
390.46	168.45	2	2	4	20
412.42	775.49	5	6	20	20
450.39	763.24	2	3	5	20
464.92	489.28	3	4	9	20
468.64	179.74	2	2	3	20
469.19	731.97	3	3	8	20
471.34	573.35	2	2	3	20
476.79	473.12	3	3	9	20
499.69	232.27	4	4	12	20
501.32	769.81	4	3	9	20
517.24	789.75	3	3	6	20
574.54	205.47	4	6	20	20
586.11	277.36	3	3	7	20
589.26	948.76	2	2	3	20
610.76	824.99	5	3	13	20
610.75	923.03	2	3	4	20
615.86	501.83	3	3	6	20
624.04	555.97	3	3	5	20
628.36	487.17	7	7	38	20
629.59	1033.48	2	2	4	20
650.02	448.83	3	2	4	20
671.30	325.71	4	4	13	20
680.29	412.73	4	4	12	20
718.50	386.50	2	2	4	20
728.15	275.84	2	3	4	20
733.03	894.53	3	4	12	20
734.83	836.74	4	4	11	20
740.35	902.75	4	4	13	20
746.32	491.57	3	2	5	20
754.23	800.02	3	3	7	20
756.68	732.80	4	7	23	20
794.63	757.22	4	3	9	20
802.69	549.11	3	3	7	20
844.15	396.43	3	4	9	20
862.68	677.92	2	3	5	20
871.54	229.45	2	2	4	20
876.69	751.26	2	2	3	20
892.03	475.76	3	5	13	20
896.67	376.60	2	2	3	20
902.56	722.53	4	4	12	20
908.21	1029.73	2	2	3	20
929.78	858.42	3	2	5	20
938.69	498.35	2	2	3	20
943.32	599.39	4	5	17	20
956.79	1139.22	4	5	14	20
977.02	340.53	3	2	6	20
981.77	231.79	2	2	3	20
989.47	644.50	4	4	14	20
992.58	226.33	2	4	7	20
118.53	537.26	4	3	10	21
125.54	403.56	2	2	4	21
135.91	262.40	5	4	15	21
141.33	694.95	2	3	6	21
149.00	867.24	3	3	7	21
167.43	407.51	2	2	4	21
183.83	642.16	3	3	8	21
185.53	584.58	2	2	4	21
203.29	673.89	5	5	16	21
203.69	474.21	2	3	5	21
207.72	720.02	2	3	4	21
225.03	793.00	3	3	9	21
233.31	218.99	4	3	10	21
240.86	526.11	3	3	5	21
255.66	888.35	2	2	3	21
260.05	471.20	3	3	6	21
275.06	220.45	3	4	8	21
285.41	589.64	4	4	11	21
311.50	347.74	6	6	26	21
339.91	453.02	3	3	5	21
340.79	830.39	3	3	6	21
345.90	354.57	3	2	5	21
351.97	992.50	3	2	6	21
368.00	800.80	4	4	12	21
369.76	296.42	3	2	5	21
389.44	169.47	2	2	4	21
389.30	461.26	2	2	3	21
412.73	775.84	5	5	20	21
444.53	765.08	2	3	6	21
468.17	493.28	3	2	5	21
469.30	576.77	2	2	3	21
478.59	475.67	4	4	10	21
500.87	231.88	4	4	11	21
502.42	772.21	4	3	10	21
573.11	205.11	5	5	20	21
588.76	279.00	3	3	7	21
612.49	827.77	4	4	14	21
616.58	924.49	2	2	4	21
621.50	505.46	2	2	4	21
626.64	485.83	7	7	39	21
626.82	558.67	2	2	3	21
650.95	453.16	3	2	4	21
677.10	329.14	4	4	11	21
680.31	413.16	4	3	9	21
719.55	386.47	2	2	4	21
735.41	897.51	4	4	12	21
738.81	834.69	4	4	11	21
740.00	902.93	3	4	10	21
746.09	490.20	3	3	8	21
758.20	800.72	3	3	6	21
761.61	736.58	6	7	22	21
797.16	760.36	3	4	9	21
805.63	551.48	2	2	4	21
843.95	394.18	3	3	9	21
861.99	704.99	3	3	5	21
863.98	676.72	3	3	7	21
868.25	1019.66	2	2	3	21
871.18	226.94	2	3	4	21
878.99	751.01	3	3	5	21
892.23	473.68	4	5	15	21
904.87	721.80	4	4	11	21
929.43	856.98	2	3	6	21
948.45	600.48	4	4	15	21
961.77	1139.92	4	5	10	21
966.23	281.27	2	2	3	21
975.96	337.68	3	3	7	21
980.27	228.76	2	2	3	21
990.72	643.60	4	4	14	21
992.13	548.17	2	2	3	21
116.26	407.98	2	3	4	22
118.96	543.07	3	3	7	22
133.71	696.84	3	3	6	22
137.09	267.56	5	4	15	22
149.29	869.04	3	3	7	22
159.43	413.46	2	2	4	22
183.52	581.48	2	2	4	22
183.58	647.91	2	3	6	22
202.83	674.85	5	5	18	22
203.78	721.97	2	3	4	22
204.39	479.50	2	2	4	22
216.93	794.17	3	3	8	22
233.71	222.96	4	3	10	22
255.85	476.00	2	3	4	22
258.58	891.52	2	2	4	22
276.97	223.86	3	3	8	22
287.28	589.84	3	3	8	22
312.91	346.25	5	5	23	22
321.40	137.27	2	2	3	22
341.50	830.84	2	3	6	22
342.94	457.70	3	3	7	22
346.75	993.96	3	3	7	22
364.56	766.06	4	3	9	22
368.41	801.49	4	4	14	22
372.41	294.95	2	3	6	22
388.42	170.49	2	2	4	22
394.83	463.31	3	3	6	22
412.91	776.05	5	5	20	22
438.68	767.04	3	3	7	22
466.43	579.75	2	2	3	22
471.32	496.56	2	2	4	22
471.41	736.52	2	2	4	22
476.03	187.23	3	3	7	22
480.52	478.12	4	3	10	22
502.20	231.50	4	4	11	22
503.70	774.41	4	4	12	22
571.76	204.65	5	6	21	22
591.12	280.71	3	3	7	22
614.17	830.56	4	4	13	22
624.95	484.14	7	7	38	22
622.68	925.77	2	2	3	22
627.42	508.55	2	2	4	22
629.69	561.38	2	2	4	22
651.76	456.79	2	2	3	22
660.51	1034.56	2	2	4	22
680.25	413.57	3	4	10	22
682.99	332.24	5	4	15	22
738.50	901.59	6	6	25	22
742.81	832.78	4	4	11	22
745.58	488.99	4	3	8	22
761.51	735.57	2	2	4	22
761.98	801.21	3	3	7	22
767.08	740.20	5	5	19	22
799.55	763.27	4	3	10	22
808.97	553.23	3	2	4	22
843.26	392.27	4	4	12	22
865.16	674.89	3	3	8	22
865.69	706.98	3	3	7	22
870.48	225.39	2	2	4	22
880.94	750.99	3	3	5	22
892.25	472.09	4	5	17	22
907.17	720.19	3	3	8	22
912.95	1033.95	3	3	5	22
921.92	1077.13	3	3	6	22
953.54	601.34	4	5	17	22
964.83	278.03	2	3	4	22
966.53	1139.94	4	5	16	22
974.37	335.00	3	3	7	22
978.61	225.52	2	2	4	22
991.84	642.87	4	5	13	22
118.98	549.20	3	3	8	23
125.99	699.20	3	3	7	23
138.36	273.05	4	5	16	23
149.64	870.74	2	2	4	23
151.02	419.73	3	3	7	23
182.69	580.45	4	3	8	23
183.89	653.89	3	3	5	23
199.99	723.83	3	3	5	23
202.41	676.11	4	5	15	23
205.19	484.73	2	2	3	23
209.07	795.83	3	3	8	23
234.73	226.98	4	3	10	23
233.48	535.44	2	2	4	23
278.97	227.15	3	3	8	23
289.42	589.81	4	3	8	23
314.58	344.80	6	6	28	23
314.70	140.32	2	2	3	23
334.97	394.83	3	2	4	23
341.10	995.23	3	3	7	23
342.26	831.15	3	3	8	23
345.69	462.88	2	3	5	23
365.24	768.87	2	3	4	23
368.90	802.01	3	3	9	23
375.65	294.44	4	4	11	23
387.68	171.34	2	2	3	23
400.53	465.62	2	2	4	23
412.95	776.30	5	6	20	23
432.67	769.00	3	3	7	23
472.56	738.50	2	2	4	23
474.22	500.24	2	2	3	23
479.99	190.51	3	2	6	23
482.49	480.43	4	4	12	23
503.88	230.98	3	3	9	23
504.79	777.05	4	3	10	23
570.45	204.23	4	5	18	23
593.95	282.71	3	4	10	23
615.61	833.40	4	4	13	23
623.22	482.50	7	6	35	23
628.84	927.16	3	3	6	23
632.68	511.88	2	3	5	23
632.82	563.93	3	3	6	23
680.46	414.06	4	3	10	23
688.85	335.39	4	4	14	23
739.44	903.05	4	5	16	23
745.07	487.65	3	3	7	23
746.77	831.29	4	4	12	23
763.69	738.79	3	3	7	23
765.90	801.15	3	3	8	23
772.32	743.45	4	4	15	23
802.23	766.40	3	4	10	23
812.08	554.91	3	3	6	23
820.19	568.53	2	2	3	23
842.93	390.33	3	4	11	23
866.55	673.50	2	2	4	23
869.44	709.40	2	2	4	23
882.61	750.68	2	2	4	23
892.24	470.24	4	5	15	23
909.80	718.51	3	4	10	23
914.66	1035.57	2	2	4	23
925.15	1079.15	3	3	6	23
958.73	602.06	5	5	19	23
971.72	1140.51	4	5	12	23
972.99	332.31	3	3	7	23
992.66	642.02	2	5	8	23
119.18	555.73	3	3	8	24
139.50	278.48	4	4	14	24
143.12	426.18	3	3	6	24
149.96	873.25	3	2	4	24
181.50	578.95	4	3	8	24
183.52	659.50	2	2	4	24
195.82	726.04	2	3	5	24
201.00	797.48	3	2	6	24
202.26	677.43	4	4	14	24
206.02	489.97	3	3	7	24
228.98	540.23	3	2	4	24
235.18	230.95	3	3	8	24
258.92	445.05	3	3	5	24
280.91	230.75	3	3	8	24
291.51	589.84	4	3	10	24
316.08	343.59	5	6	25	24
328.90	367.19	3	2	4	24
335.71	996.60	2	2	4	24
343.56	831.91	4	3	8	24
348.56	468.36	2	2	4	24
369.27	802.86	3	3	7	24
378.21	294.04	4	3	10	24
386.62	172.74	2	2	3	24
406.55	468.44	2	2	4	24
413.11	776.83	5	5	21	24
426.69	770.92	3	3	7	24
461.23	586.74	3	3	6	24
473.25	740.99	3	3	7	24
477.48	503.88	2	3	5	24
484.53	483.02	4	3	10	24
484.50	194.50	2	2	2	24
505.15	230.42	3	4	9	24
506.07	779.99	3	3	7	24
569.06	203.92	5	5	21	24
596.41	284.28	4	3	10	24
617.04	836.36	3	4	11	24
621.56	481.10	6	7	37	24
634.70	928.34	2	2	3	24
635.87	566.60	3	2	5	24
648.53	1034.48	2	2	4	24
671.50	1037.56	2	2	4	24
680.63	414.72	4	4	10	24
694.98	338.45	3	4	12	24
740.12	904.83	7	7	27	24
744.93	486.38	3	3	7	24
750.91	829.21	3	5	12	24
765.97	741.34	3	3	7	24
769.86	801.95	3	3	8	24
777.46	746.74	4	5	18	24
804.86	769.12	3	3	8	24
814.94	557.00	3	3	5	24
842.53	388.19	4	4	11	24
870.34	724.32	2	2	3	24
872.76	711.55	2	2	3	24
884.73	750.71	2	2	3	24
892.09	468.32	3	5	13	24
911.53	717.51	4	4	12	24
917.22	1037.78	2	2	3	24
928.17	1081.08	3	3	8	24
948.71	262.38	2	2	3	24
963.58	602.94	4	5	16	24
971.72	329.89	3	3	7	24
976.05	219.01	3	3	5	24
976.43	1141.21	4	6	15	24
110.71	703.60	3	2	5	25
119.78	561.26	3	3	6	25
135.01	432.54	3	2	6	25
140.61	283.87	4	5	15	25
179.66	577.37	3	3	6	25
183.48	665.16	4	3	8	25
192.12	727.79	3	3	6	25
192.88	799.09	3	3	8	25
201.97	678.42	5	4	14	25
206.65	495.44	2	2	4	25
224.56	545.43	2	2	4	25
235.96	235.08	3	3	9	25
283.01	233.94	3	3	9	25
293.13	590.38	3	4	11	25
317.69	342.15	6	5	24	25
322.81	370.88	3	3	6	25
330.05	997.90	3	3	8	25
344.74	832.04	3	3	7	25
351.71	473.23	2	2	3	25
368.33	637.73	2	2	3	25
369.83	803.16	3	3	8	25
381.57	293.33	4	4	11	25
383.22	1026.00	2	3	4	25
413.23	776.90	5	5	20	25
412.50	470.47	2	2	4	25
458.32	589.63	3	2	5	25
474.15	742.81	3	3	8	25
480.92	507.10	3	3	5	25
486.75	485.49	3	4	9	25
487.60	197.75	2	3	5	25
506.64	229.96	4	3	9	25
507.33	782.20	4	3	9	25
567.80	203.36	5	5	19	25
599.08	286.02	3	3	9	25
619.86	479.32	7	7	38	25
618.74	839.09	4	3	11	25
638.83	569.03	2	3	4	25
644.45	518.59	2	2	4	25
653.41	1034.52	2	2	4	25
677.20	1039.09	2	3	4	25
680.86	415.23	3	4	10	25
700.91	341.49	5	4	15	25
725.40	385.32	2	2	3	25
738.19	903.23	4	4	11	25
743.50	908.89	4	4	13	25
744.69	484.99	3	3	7	25
754.51	827.43	4	4	12	25
768.00	744.27	3	3	7	25
773.53	802.40	2	2	4	25
782.49	749.91	4	5	16	25
807.41	772.02	4	3	8	25
818.01	558.88	3	3	5	25
842.06	386.10	3	3	9	25
868.00	218.79	3	2	4	25
870.05	670.46	3	2	4	25
882.24	1032.67	2	2	3	25
892.16	466.44	3	4	12	25
914.32	716.29	4	4	10	25
931.91	1083.03	3	3	7	25
968.40	603.40	4	4	15	25
970.35	496.67	2	2	3	25
980.47	1160.72	2	2	3	25
982.54	1140.84	2	3	6	25
991.81	548.16	2	2	3	25
102.72	705.96	3	3	7	26
119.48	567.27	2	3	5	26
126.25	439.18	3	3	6	26
141.79	289.41	4	4	14	26
150.59	877.35	2	2	4	26
153.54	225.41	2	2	4	26
178.84	575.84	3	3	8	26
183.53	670.83	2	2	3	26
184.32	800.64	3	2	5	26
188.23	729.68	2	3	5	26
201.64	679.73	4	4	15	26
203.42	142.58	2	2	2	26
206.93	500.79	3	3	6	26
220.22	549.89	2	3	4	26
236.67	239.10	4	3	9	26
249.66	448.77	2	2	3	26
285.06	237.03	3	3	9	26
295.02	590.90	3	4	11	26
319.42	340.93	6	6	27	26
324.19	999.11	3	3	6	26
327.52	402.01	2	3	6	26
345.92	832.54	3	2	6	26
354.65	478.15	2	3	5	26
366.23	780.68	2	2	3	26
370.42	803.43	2	2	4	26
384.16	292.66	3	4	11	26
413.51	776.55	5	7	25	26
418.48	472.64	2	2	4	26
455.25	592.76	3	3	8	26
475.28	745.05	3	3	7	26
483.99	510.83	3	3	5	26
488.88	487.99	3	3	9	26
491.12	201.90	3	3	8	26
508.07	229.51	3	4	8	26
508.96	785.18	3	4	10	26
558.41	395.74	2	2	3	26
566.59	202.92	5	5	19	26
602.19	287.78	3	3	6	26
618.22	477.79	7	7	38	26
620.53	841.72	4	4	14	26
641.98	571.96	3	3	5	26
646.68	930.80	2	2	3	26
650.31	521.74	2	2	3	26
658.42	1035.45	2	2	4	26
681.00	415.93	3	3	9	26
706.94	344.63	4	4	13	26
724.61	292.41	2	2	4	26
727.13	385.16	3	3	6	26
737.62	903.19	4	5	15	26
744.31	483.92	3	3	7	26
745.68	911.59	4	4	14	26
758.80	825.52	3	4	10	26
770.12	746.90	3	3	8	26
777.39	802.76	2	3	5	26
781.37	224.27	2	2	3	26
787.63	752.89	4	5	17	26
809.56	774.98	4	3	12	26
819.32	965.36	2	2	3	26
820.87	560.16	3	3	6	26
841.94	384.08	3	3	9	26
867.34	217.26	2	2	3	26
871.33	669.35	2	2	3	26
885.65	1035.52	2	2	4	26
888.73	750.27	2	2	3	26
892.27	464.06	3	5	12	26
916.52	714.52	4	4	12	26
935.48	1084.50	2	2	4	26
969.05	324.54	3	2	6	26
973.04	212.76	3	2	4	26
973.30	603.89	4	5	17	26
975.64	496.27	2	2	3	26
986.63	1142.30	4	6	17	26
94.75	708.14	2	3	4	27
117.63	445.49	2	2	4	27
119.88	573.61	3	2	5	27
143.01	294.78	5	4	13	27
150.82	879.53	3	2	5	27
152.81	230.28	2	2	3	27
176.03	802.48	3	3	7	27
177.84	574.32	3	4	9	27
183.48	676.93	2	3	6	27
184.18	732.00	3	3	6	27
201.39	681.23	4	4	14	27
208.21	505.97	3	3	7	27
235.25	501.05	2	3	5	27
237.36	243.18	4	3	9	27
244.75	451.25	2	2	3	27
287.06	240.82	3	3	6	27
287.26	153.74	2	2	3	27
297.26	591.67	4	4	10	27
310.77	380.21	2	2	3	27
318.43	1000.54	2	2	4	27
321.14	340.05	6	5	27	27
325.01	404.94	3	3	5	27
347.06	832.84	3	3	7	27
357.58	483.39	2	2	4	27
360.72	640.77	2	2	3	27
370.85	804.07	3	3	8	27
387.28	292.00	3	3	7	27
407.63	774.71	2	3	5	27
413.64	777.48	5	6	20	27
424.11	475.14	3	3	6	27
452.21	595.59	3	2	6	27
476.43	747.30	2	3	5	27
487.19	514.08	3	3	6	27
491.00	490.77	3	4	10	27
509.69	229.05	4	3	10	27
509.94	787.62	3	4	9	27
544.18	868.00	2	3	4	27
565.28	202.62	5	6	21	27
605.21	289.79	3	3	8	27
616.70	476.24	7	7	38	27
622.16	844.55	5	4	15	27
645.30	574.31	2	2	3	27
677.27	334.35	2	2	3	27
681.36	416.64	4	4	13	27
712.93	348.17	5	5	18	27
728.43	385.44	2	2	4	27
737.35	903.39	4	4	15	27
744.11	482.93	3	3	8	27
747.55	914.49	4	4	12	27
762.79	823.93	4	3	10	27
772.12	749.75	3	3	7	27
781.27	803.08	3	3	7	27
792.58	756.22	4	5	15	27
812.02	777.93	3	3	9	27
824.07	561.74	3	3	7	27
841.34	382.14	4	3	11	27
866.54	214.63	2	2	4	27
873.39	666.66	2	2	3	27
890.73	750.32	2	2	3	27
892.41	461.94	4	5	15	27
919.15	713.31	3	4	9	27
924.57	1044.38	2	2	4	27
939.17	1086.20	3	3	6	27
967.80	322.17	3	3	6	27
971.96	209.57	3	2	4	27
977.91	604.28	5	5	16	27
991.73	1142.60	3	5	11	27
86.61	710.56	2	2	4	28
108.81	451.89	3	3	6	28
119.98	579.41	3	2	6	28
144.32	300.36	4	4	14	28
151.98	235.20	3	2	4	28
151.39	881.40	2	2	4	28
167.78	804.44	3	2	5	28
176.60	572.30	2	4	7	28
180.36	733.80	2	2	3	28
183.16	682.59	2	2	3	28
201.18	682.49	4	4	14	28
208.95	511.00	3	3	5	28
211.47	560.50	2	2	4	28
230.76	505.71	2	2	3	28
238.15	247.18	3	3	8	28
256.94	844.99	3	3	5	28
289.15	244.05	3	3	8	28
299.34	592.16	4	3	11	28
304.95	384.46	3	2	6	28
312.56	1001.64	2	2	4	28
322.75	338.76	6	6	28	28
348.49	833.49	2	2	4	28
356.65	642.25	2	2	3	28
360.66	488.15	2	3	5	28
367.28	787.77	2	2	3	28
371.53	804.51	4	4	12	28
390.73	291.64	4	3	8	28
401.56	776.04	4	3	9	28
413.82	777.72	5	5	21	28
430.18	477.45	3	2	5	28
449.19	598.12	2	3	4	28
477.41	749.29	2	3	5	28
493.10	493.21	3	4	10	28
498.70	209.39	2	2	3	28
511.14	228.56	3	4	11	28
511.51	790.03	2	3	6	28
563.98	202.09	5	5	21	28
608.21	291.80	3	3	8	28
615.01	474.72	7	7	41	28
623.97	847.07	3	3	9	28
658.66	933.25	2	2	3	28
661.98	528.93	3	3	5	28
668.14	1035.79	3	3	6	28
681.70	417.34	4	4	12	28
719.29	351.23	4	4	13	28
723.86	298.10	3	3	6	28
729.60	385.10	2	3	5	28
736.66	903.21	4	5	14	28
743.85	481.73	3	3	6	28
749.51	917.20	4	4	14	28
766.38	821.63	4	4	13	28
774.26	752.63	3	2	5	28
784.97	803.54	3	2	6	28
797.68	759.32	4	5	16	28
814.57	780.38	2	3	5	28
827.12	563.37	3	2	5	28
841.12	380.29	4	4	12	28
866.06	212.98	3	3	5	28
874.47	665.49	2	2	4	28
892.44	460.16	4	5	15	28
921.32	711.97	3	3	7	28
942.63	1088.13	2	3	5	28
957.58	259.45	2	2	4	28
966.55	319.74	2	3	5	28
970.19	206.69	2	2	3	28
982.57	604.47	4	4	15	28
99.82	458.24	3	3	6	29
120.05	585.32	3	3	7	29
145.73	305.55	4	4	14	29
151.71	883.71	2	2	3	29
159.06	806.20	3	3	8	29
175.72	570.85	4	3	9	29
176.31	735.99	2	3	4	29
183.09	688.16	3	3	6	29
200.99	683.83	5	4	13	29
206.33	565.94	3	3	7	29
209.62	516.40	3	2	5	29
225.99	510.99	3	3	5	29
234.29	455.66	2	2	3	29
238.95	251.32	3	4	9	29
291.07	247.22	3	3	8	29
298.23	388.83	3	3	6	29
301.40	592.70	4	4	11	29
306.38	1002.94	2	3	6	29
319.23	409.83	3	3	6	29
324.51	337.79	6	6	26	29
349.80	833.77	3	3	6	29
353.05	643.94	3	3	5	29
357.17	613.28	2	2	3	29
372.18	804.93	3	3	8	29
393.39	291.10	4	3	10	29
395.02	777.03	3	3	7	29
414.03	777.89	5	5	21	29
436.09	479.93	3	3	6	29
445.74	600.85	2	3	5	29
478.22	751.81	3	3	6	29
493.68	521.13	2	3	5	29
495.61	495.98	4	3	11	29
502.53	212.98	4	3	8	29
512.80	227.84	4	4	11	29
513.00	792.53	3	2	6	29
541.65	873.53	2	2	4	29
562.82	201.78	5	5	19	29
611.54	293.37	4	4	11	29
613.50	473.03	6	7	37	29
625.58	850.09	4	3	11	29
667.80	531.99	2	3	4	29
672.99	1036.29	3	3	7	29
682.09	418.12	4	4	11	29
723.46	300.60	2	2	4	29
725.39	354.52	4	4	15	29
731.64	384.67	2	2	3	29
736.39	903.04	4	5	16	29
743.59	480.51	2	2	4	29
751.41	919.71	4	4	13	29
770.87	819.73	3	4	9	29
788.60	804.02	2	3	6	29
793.56	223.56	2	2	4	29
802.83	762.37	5	5	16	29
816.97	783.50	3	4	8	29
830.02	564.37	3	3	7	29
829.27	975.78	2	2	3	29
840.94	378.07	3	3	9	29
865.41	210.98	2	3	6	29
876.55	663.47	2	2	4	29
890.45	721.52	2	2	4	29
892.24	458.18	3	5	12	29
923.63	710.04	3	3	7	29
946.80	1090.30	3	3	7	29
965.36	317.47	2	2	4	29
968.60	203.54	2	2	4	29
987.01	604.51	5	4	16	29
90.50	465.02	2	3	6	30
120.18	591.11	3	3	8	30
146.96	311.28	5	5	16	30
150.26	245.34	2	2	3	30
150.55	808.45	2	2	4	30
151.88	886.08	3	3	6	30
172.40	737.87	2	2	3	30
174.58	569.18	2	3	5	30
182.97	694.11	3	3	8	30
200.74	685.25	4	4	13	30
210.24	521.89	2	3	4	30
221.05	516.65	3	3	7	30
228.43	457.56	2	2	4	30
240.02	255.46	3	4	11	30
292.11	394.02	3	3	6	30
293.22	251.04	3	3	6	30
300.18	1004.15	3	3	6	30
303.56	593.39	4	4	13	30
316.74	412.42	2	2	3	30
326.49	336.96	6	5	26	30
351.37	834.28	2	3	5	30
366.85	498.26	3	3	6	30
368.28	794.84	2	3	5	30
373.00	805.39	3	3	7	30
380.65	180.41	2	2	4	30
388.29	777.88	3	3	7	30
396.53	290.51	4	4	14	30
414.19	778.09	5	5	22	30
442.04	482.51	3	2	6	30
479.10	753.78	3	3	7	30
497.06	524.38	3	3	7	30
498.03	498.82	3	4	10	30
506.27	216.64	3	2	5	30
514.18	227.56	4	4	11	30
514.61	795.08	3	3	7	30
541.03	876.39	3	3	7	30
561.64	201.46	5	5	18	30
611.89	471.57	7	6	37	30
615.10	295.28	3	4	9	30
627.16	852.91	5	3	12	30
655.38	582.19	2	2	3	30
670.46	935.54	2	2	4	30
677.82	1036.85	3	3	6	30
682.56	418.85	4	4	13	30
731.49	357.64	4	4	15	30
733.46	384.38	2	2	4	30
735.88	903.05	4	5	12	30
743.51	479.84	2	3	6	30
753.48	922.48	4	4	12	30
774.37	818.31	4	4	13	30
778.20	758.54	3	2	5	30
792.26	804.52	3	2	5	30
798.03	227.77	3	2	4	30
807.73	765.57	5	4	16	30
819.03	786.17	3	4	10	30
833.15	566.05	3	3	6	30
840.84	376.37	3	4	11	30
864.95	209.43	3	2	6	30
877.28	662.37	2	2	3	30
892.38	456.59	4	4	11	30
893.64	723.48	2	2	4	30
926.04	707.94	3	3	9	30
950.32	1091.53	2	2	4	30
964.29	315.39	2	2	4	30
989.68	1013.68	2	2	3	30
991.58	604.61	4	4	15	30
992.14	548.17	2	2	3	30
