117.34	276.73	8	8	46	0
117.42	240.64	6	7	37	0
118.82	312.67	7	8	45	0
118.86	348.15	7	7	43	0
120.53	383.79	8	7	42	0
121.61	419.14	8	7	40	0
123.99	467.36	8	7	42	0
124.59	641.84	7	8	42	0
126.39	572.18	6	6	27	0
128.22	686.54	8	6	39	0
127.94	509.20	5	5	18	0
129.48	859.92	6	7	37	0
129.66	894.23	7	7	38	0
130.48	928.32	8	8	44	0
131.11	789.42	7	6	31	0
130.81	962.18	7	7	36	0
131.49	996.46	6	6	32	0
132.18	1029.49	6	6	24	0
133.07	725.39	5	6	25	0
153.14	240.36	7	8	39	0
153.70	276.41	7	8	43	0
154.73	312.45	7	6	36	0
155.56	347.93	8	7	43	0
156.36	383.72	8	7	41	0
157.44	419.02	8	7	40	0
159.75	467.14	7	7	39	0
160.11	641.42	8	8	43	0
162.21	572.03	6	7	28	0
163.62	686.43	8	6	37	0
163.38	508.92	6	5	23	0
164.47	859.49	8	6	36	0
165.38	893.81	8	7	37	0
166.13	788.97	7	5	30	0
165.68	927.63	7	7	35	0
166.13	961.83	7	7	37	0
167.40	724.84	6	5	24	0
167.61	995.52	7	7	36	0
167.64	1029.35	6	6	26	0
190.42	240.18	8	7	40	0
190.04	276.38	8	8	43	0
190.47	312.09	8	7	44	0
191.86	347.45	7	8	41	0
192.24	418.83	8	7	45	0
192.56	383.39	7	7	37	0
196.05	641.10	7	7	40	0
195.96	466.79	5	6	22	0
197.31	571.53	6	6	28	0
199.14	685.93	8	7	38	0
199.75	859.41	7	6	35	0
200.06	893.60	7	8	39	0
200.52	927.47	6	6	32	0
201.03	961.16	7	7	40	0
200.96	789.06	5	5	23	0
202.01	995.52	7	6	34	0
202.29	724.31	6	6	25	0
202.69	1028.83	6	5	26	0
226.65	240.10	8	7	44	0
225.79	275.96	8	7	44	0
227.65	311.74	8	7	44	0
227.54	347.89	6	7	36	0
228.52	382.98	8	7	39	0
229.58	418.53	8	6	38	0
231.43	641.02	8	7	43	0
231.60	466.23	6	6	24	0
232.57	571.11	6	6	26	0
234.56	685.84	6	5	28	0
235.15	859.14	7	7	35	0
235.68	788.74	6	6	28	0
235.72	893.11	7	7	40	0
236.15	926.98	7	7	38	0
236.99	724.00	7	5	26	0
236.67	961.35	7	6	34	0
237.07	994.73	7	6	31	0
237.61	1028.45	6	6	24	0
262.76	240.04	8	7	44	0
263.34	275.66	8	6	40	0
262.96	347.37	8	8	46	0
263.85	311.49	7	8	40	0
264.86	382.91	8	7	43	0
265.43	418.35	8	6	41	0
266.69	466.38	7	6	32	0
267.35	640.72	8	7	38	0
267.89	570.95	5	6	25	0
268.78	507.50	5	6	21	0
269.74	685.40	7	6	31	0
270.34	892.66	8	7	43	0
270.80	787.74	6	6	27	0
270.52	858.95	7	7	38	0
271.36	926.87	8	7	39	0
272.09	723.97	7	6	27	0
271.65	960.97	7	7	31	0
272.09	994.29	7	6	33	0
299.38	275.41	8	7	44	0
299.38	347.21	8	7	44	0
299.68	311.43	7	7	41	0
300.95	382.68	8	7	42	0
301.29	418.11	8	7	40	0
302.10	466.80	7	6	32	0
302.98	640.54	7	7	40	0
303.31	570.85	6	6	27	0
304.89	685.10	7	7	29	0
305.83	892.49	8	6	38	0
305.84	787.44	6	6	28	0
305.99	858.19	7	7	37	0
306.48	723.30	6	7	28	0
306.67	926.28	7	7	36	0
306.59	960.38	6	6	33	0
307.00	993.94	7	7	37	0
308.48	1028.02	8	5	29	0
335.44	239.58	8	7	40	0
335.80	275.15	8	7	43	0
334.66	311.24	8	7	45	0
335.88	346.93	7	7	42	0
336.65	418.07	8	7	46	0
336.83	382.14	7	7	40	0
337.52	465.56	6	6	31	0
338.41	639.58	7	7	37	0
338.52	507.52	6	6	27	0
338.34	570.34	6	6	28	0
339.68	787.36	8	5	26	0
340.09	684.46	7	6	30	0
340.95	723.15	6	5	24	0
340.92	857.62	7	6	34	0
341.35	892.19	8	7	43	0
341.20	926.10	7	7	37	0
341.86	960.14	7	6	33	0
342.42	993.64	7	6	31	0
342.34	1027.42	6	5	22	0
370.85	310.94	9	7	48	0
371.16	239.52	8	7	43	0
371.16	275.25	8	7	43	0
371.75	346.97	7	7	39	0
372.61	417.77	8	7	41	0
372.44	382.17	6	7	36	0
373.55	639.68	8	7	46	0
373.38	465.84	6	7	32	0
373.65	507.14	6	5	24	0
374.46	570.35	6	6	29	0
375.13	684.38	5	6	24	0
375.70	723.30	6	5	23	0
375.93	787.21	7	5	26	0
376.52	857.60	7	6	34	0
376.07	891.94	7	7	40	0
376.74	925.80	7	7	37	0
376.98	959.81	7	7	36	0
377.41	993.49	8	6	35	0
378.02	1026.77	5	5	18	0
407.48	239.16	8	7	39	0
407.45	274.90	8	7	43	0
407.77	311.10	8	7	44	0
408.06	346.48	7	8	38	0
408.57	382.02	8	7	41	0
408.55	417.52	8	6	40	0
408.79	465.55	7	6	35	0
408.69	507.07	6	5	23	0
409.29	639.30	8	7	46	0
409.45	569.81	6	7	30	0
410.20	684.25	6	6	25	0
410.06	722.47	5	6	24	0
411.40	857.30	7	7	38	0
411.19	786.62	6	6	26	0
411.60	891.34	7	7	36	0
411.94	925.39	7	6	35	0
412.03	959.21	7	7	35	0
412.22	993.14	7	7	36	0
412.32	1026.88	6	5	24	0
442.88	274.67	8	7	43	0
443.09	310.36	8	8	46	0
443.59	238.70	7	8	41	0
444.01	346.29	7	7	41	0
444.35	381.87	7	7	38	0
444.41	417.37	8	7	42	0
444.12	465.17	7	7	34	0
443.43	506.89	6	5	25	0
444.83	569.72	6	6	30	0
445.38	639.04	6	7	35	0
445.26	683.75	6	6	26	0
445.20	722.39	6	6	27	0
445.67	786.86	6	5	26	0
446.64	857.00	7	7	40	0
446.84	891.15	7	7	39	0
446.63	925.30	7	7	36	0
446.95	958.98	7	7	37	0
446.95	992.67	7	7	40	0
447.51	1025.99	6	5	28	0
479.19	238.76	7	7	39	0
479.53	274.58	8	8	44	0
479.16	464.88	7	7	34	0
478.48	506.74	6	5	22	0
480.16	310.33	8	7	41	0
479.86	346.04	7	7	42	0
480.16	381.34	7	7	38	0
479.90	416.77	7	7	39	0
479.81	569.53	6	6	28	0
480.68	639.06	8	7	42	0
479.35	722.19	6	6	25	0
480.58	683.41	6	6	25	0
480.48	785.72	6	6	29	0
482.50	856.56	7	6	33	0
482.15	890.56	7	6	37	0
482.12	924.40	7	6	38	0
481.99	958.30	7	7	41	0
482.20	992.53	7	6	36	0
482.05	1026.19	7	7	42	0
513.55	506.13	6	5	28	0
515.83	238.58	8	7	39	0
515.98	381.58	9	6	43	0
514.80	464.58	7	6	30	0
514.95	569.29	6	6	25	0
514.47	721.97	6	5	26	0
515.89	274.37	7	7	40	0
516.53	310.26	8	7	45	0
516.24	345.81	8	7	41	0
515.24	416.71	6	6	30	0
514.76	638.51	5	6	26	0
515.54	683.22	6	6	28	0
515.62	785.81	6	6	28	0
516.95	890.52	7	7	40	0
517.17	924.58	7	7	41	0
517.33	958.21	7	7	39	0
517.11	992.04	7	7	37	0
517.22	1025.80	7	7	39	0
517.70	857.23	6	5	24	0
548.72	506.02	6	5	28	0
548.67	721.58	6	6	30	0
550.24	464.51	7	6	35	0
549.96	568.90	7	7	33	0
550.30	785.37	7	6	31	0
551.74	238.40	8	7	42	0
551.79	310.26	9	7	45	0
551.88	345.73	8	8	49	0
551.87	381.36	9	7	43	0
551.50	416.77	8	7	44	0
551.45	638.06	8	7	45	0
550.34	683.05	6	7	34	0
551.96	274.08	7	7	45	0
552.09	856.11	7	7	39	0
552.05	890.29	7	7	41	0
552.15	923.96	7	7	42	0
552.14	958.16	7	7	42	0
552.45	991.78	8	7	44	0
551.91	1025.35	7	7	37	0
583.50	505.72	6	6	28	0
583.31	721.30	6	6	29	0
585.50	464.03	7	7	38	0
585.45	568.68	7	6	35	0
585.34	682.96	7	7	38	0
585.27	785.13	7	7	38	0
586.76	1025.19	8	7	43	0
587.81	238.30	8	7	44	0
587.61	345.57	8	8	46	0
587.75	381.06	8	7	44	0
587.47	416.28	8	7	44	0
587.34	638.05	8	7	45	0
586.95	855.95	7	7	44	0
587.14	890.07	8	7	42	0
586.88	923.70	7	7	41	0
587.17	957.30	7	7	37	0
587.09	991.44	7	8	42	0
588.10	274.12	7	7	39	0
587.79	309.92	7	7	41	0
618.00	720.95	7	7	36	0
618.50	505.44	6	6	32	0
621.02	464.16	7	7	39	0
620.57	568.16	6	7	35	0
620.51	682.43	6	6	32	0
620.29	784.89	6	7	33	0
622.33	889.51	7	6	34	0
622.19	923.23	7	7	38	0
622.11	957.46	7	6	37	0
622.35	991.09	8	7	42	0
622.11	1024.79	7	7	40	0
623.70	238.08	8	7	43	0
623.55	309.76	8	7	45	0
623.24	344.91	8	7	45	0
623.58	380.47	8	7	44	0
623.17	415.81	7	7	42	0
622.90	637.69	7	8	41	0
622.60	855.44	7	6	37	0
624.08	273.77	7	8	43	0
653.25	505.37	7	6	31	0
652.44	720.84	6	7	33	0
655.44	682.39	7	6	35	0
655.03	784.58	7	6	38	0
656.30	463.75	7	7	36	0
655.65	567.80	6	7	32	0
657.23	923.22	7	7	38	0
657.37	956.95	7	7	40	0
657.05	990.87	7	7	38	0
656.98	1024.43	7	7	39	0
658.22	637.64	7	7	37	0
657.75	855.13	7	7	37	0
657.55	889.00	7	7	39	0
659.19	380.68	7	7	36	0
659.23	415.91	7	7	40	0
660.05	237.72	7	7	41	0
659.83	273.83	7	7	39	0
659.79	309.23	7	7	38	0
659.55	344.78	7	7	38	0
687.09	720.43	7	6	35	0
688.43	505.29	6	6	32	0
690.49	682.00	7	7	39	0
690.01	784.31	7	7	37	0
690.81	567.75	7	7	35	0
691.52	463.71	6	7	36	0
692.60	888.84	8	7	40	0
692.19	922.84	7	7	39	0
692.08	956.78	7	7	40	0
692.03	990.37	7	7	40	0
691.76	1024.04	7	7	41	0
692.76	854.94	7	7	40	0
693.79	637.43	7	8	39	0
695.35	344.77	7	7	37	0
695.29	380.20	7	7	41	0
695.05	415.71	7	7	41	0
696.15	237.65	7	7	39	0
696.01	273.23	7	7	39	0
695.79	309.13	7	7	40	0
721.67	720.26	8	7	39	0
723.12	504.84	7	7	36	0
724.45	784.09	7	7	32	0
725.27	681.76	7	7	38	0
726.13	567.89	7	7	37	0
726.81	463.45	7	8	40	0
727.57	888.55	8	7	39	0
727.27	922.62	7	6	36	0
727.02	956.31	7	7	40	0
727.00	990.01	7	7	39	0
726.68	1023.72	7	7	37	0
727.92	854.71	7	7	41	0
729.21	637.00	7	7	40	0
731.33	344.44	7	8	38	0
731.10	380.05	7	7	39	0
730.93	415.57	7	8	41	0
732.23	237.36	7	7	38	0
731.86	273.07	7	7	42	0
731.78	308.96	7	7	41	0
756.13	719.90	7	7	35	0
757.81	504.50	7	6	33	0
760.41	681.75	7	7	38	0
759.58	783.94	7	7	36	0
761.19	567.01	7	7	32	0
761.51	1023.47	8	7	39	0
762.23	463.15	7	7	38	0
762.39	922.22	8	7	42	0
762.09	955.95	7	7	38	0
761.82	989.98	7	7	41	0
762.94	854.22	7	7	40	0
762.75	888.26	7	7	37	0
764.54	637.07	8	7	41	0
766.64	415.19	8	7	39	0
767.56	308.87	8	7	40	0
767.12	344.63	7	7	39	0
766.93	379.88	7	7	38	0
768.17	237.19	7	7	40	0
767.94	272.89	7	7	43	0
790.85	719.66	7	6	36	0
792.86	504.33	7	6	36	0
794.43	783.37	7	7	34	0
795.24	681.43	7	6	36	0
796.93	955.71	8	7	41	0
796.58	989.58	8	6	37	0
796.30	1023.21	8	7	42	0
797.40	462.97	8	7	42	0
796.42	566.69	6	7	34	0
797.62	888.12	8	8	44	0
797.27	922.07	8	7	45	0
798.17	854.30	7	7	39	0
799.99	636.72	7	7	41	0
802.30	414.94	7	7	41	0
803.44	308.49	7	8	40	0
803.16	344.13	7	7	39	0
802.85	379.75	7	7	39	0
804.19	236.91	7	7	40	0
803.99	272.79	7	7	41	0
825.19	719.53	7	6	36	0
827.90	504.05	7	7	38	0
829.25	783.25	7	7	38	0
830.32	681.14	6	7	35	0
831.53	989.21	8	7	41	0
831.13	1022.86	7	7	39	0
831.61	566.95	7	7	35	0
832.61	887.84	8	7	40	0
832.22	921.69	8	7	40	0
831.92	955.42	7	8	41	0
832.81	462.80	7	7	39	0
833.09	853.91	7	7	38	0
835.32	636.39	7	7	37	0
838.11	414.77	7	7	42	0
839.38	308.28	8	8	42	0
838.95	343.86	7	7	42	0
838.50	379.09	6	7	37	0
839.96	272.56	7	8	41	0
859.78	719.32	7	6	37	0
862.53	503.95	6	7	33	0
863.86	782.97	7	7	41	0
865.46	680.82	6	7	36	0
866.46	989.00	8	7	41	0
865.93	1022.70	7	7	41	0
866.67	566.58	7	6	33	0
867.59	887.80	8	7	40	0
867.15	921.56	7	7	38	0
866.87	955.33	7	8	42	0
868.02	462.59	7	6	38	0
867.99	853.58	7	7	39	0
870.85	636.12	7	7	39	0
874.19	379.18	7	8	43	0
873.85	414.64	7	7	39	0
875.31	308.14	7	7	40	0
874.89	343.73	7	7	40	0
876.23	236.60	7	7	39	0
875.92	272.68	7	7	41	0
894.28	718.98	7	7	41	0
897.16	503.89	7	7	39	0
898.58	782.77	7	7	36	0
900.10	680.42	7	7	39	0
901.63	954.97	8	7	43	0
901.21	988.62	7	7	37	0
900.89	1022.31	7	7	37	0
901.39	565.98	6	7	32	0
902.23	921.01	7	7	41	0
903.11	853.25	7	7	41	0
902.72	887.22	7	7	38	0
903.58	462.35	6	6	31	0
906.30	635.97	7	7	41	0
909.47	414.30	8	7	39	0
910.13	378.94	7	7	38	0
911.29	307.97	7	7	41	0
910.83	343.51	7	6	36	0
910.14	486.14	5	5	15	0
912.36	236.30	7	7	38	0
911.96	272.20	7	7	40	0
