89.70	1050.21	7	5	26	0
91.11	980.81	7	8	40	0
90.56	1016.00	7	7	37	0
91.82	911.84	7	7	38	0
91.75	946.48	7	8	41	0
92.89	877.65	7	7	36	0
94.86	662.82	7	7	39	0
97.46	730.10	8	7	39	0
96.80	831.08	7	7	34	0
98.27	386.25	8	7	44	0
98.60	452.08	8	7	40	0
98.89	320.95	7	7	44	0
98.88	353.73	7	8	44	0
98.81	419.41	7	6	37	0
99.96	288.40	7	7	38	0
99.97	520.19	8	7	41	0
99.43	619.40	6	6	31	0
100.95	790.75	5	6	26	0
103.25	582.07	6	5	23	0
125.09	1050.19	7	6	34	0
126.27	1015.68	7	7	37	0
127.42	911.76	8	7	42	0
126.65	946.20	7	8	40	0
125.89	980.51	5	8	32	0
127.54	877.33	7	6	35	0
129.43	662.72	8	7	45	0
131.97	730.08	7	7	41	0
131.51	831.08	6	7	32	0
133.30	320.90	7	7	38	0
133.03	353.81	7	7	40	0
133.06	386.10	7	7	41	0
132.82	419.12	7	7	41	0
132.96	451.84	7	6	34	0
133.43	288.22	6	7	35	0
133.96	520.38	7	7	39	0
133.85	619.20	7	6	32	0
135.22	791.02	7	5	29	0
136.98	582.37	5	5	21	0
161.08	980.45	8	6	40	0
160.86	1015.40	7	6	36	0
160.70	1050.07	7	7	35	0
161.85	912.04	7	7	38	0
161.63	946.03	7	7	37	0
162.37	877.73	6	7	35	0
164.17	662.47	7	7	37	0
166.04	452.00	8	7	41	0
165.77	831.25	6	5	25	0
167.17	320.91	7	7	40	0
166.74	353.47	7	8	42	0
167.27	386.19	8	7	41	0
166.74	418.83	7	7	37	0
166.56	729.99	6	7	33	0
167.53	619.12	6	6	29	0
168.63	288.57	6	6	33	0
168.59	519.47	5	6	21	0
169.52	790.86	6	5	24	0
170.74	582.24	5	6	25	0
196.03	1015.35	7	7	38	0
195.52	1050.00	6	5	26	0
197.30	877.31	7	6	35	0
197.11	911.57	7	6	36	0
196.60	945.95	7	7	41	0
196.55	980.76	6	6	33	0
198.40	662.60	8	7	42	0
200.76	320.93	7	7	43	0
201.06	418.87	7	7	41	0
201.52	452.27	8	6	36	0
200.24	830.59	6	6	28	0
202.33	288.62	8	6	36	0
201.30	353.49	6	6	34	0
201.11	386.12	6	7	35	0
201.81	618.96	6	5	25	0
201.31	729.86	6	5	26	0
202.81	519.79	5	5	21	0
203.50	791.01	6	5	26	0
231.41	911.49	8	6	41	0
232.13	877.52	7	7	37	0
231.75	945.91	7	7	40	0
231.43	980.34	6	7	34	0
231.64	1015.06	7	7	37	0
234.43	386.15	8	7	44	0
233.52	662.61	7	8	39	0
235.22	353.48	7	8	39	0
235.52	451.99	8	5	35	0
235.00	830.43	7	6	29	0
236.44	288.68	8	7	42	0
236.55	320.98	8	6	38	0
235.80	419.17	7	7	39	0
235.86	619.31	7	6	29	0
235.45	729.95	6	5	28	0
236.34	520.17	6	7	29	0
237.06	790.69	7	6	26	0
237.96	581.90	5	5	22	0
266.40	980.26	7	7	36	0
266.35	1014.89	8	7	40	0
267.03	877.09	7	7	38	0
266.72	911.77	7	8	43	0
266.65	945.74	7	7	37	0
268.01	662.78	7	7	40	0
268.92	386.30	7	7	38	0
269.56	451.85	8	6	39	0
269.13	830.80	7	6	32	0
269.72	288.46	7	6	34	0
269.94	320.81	7	6	38	0
269.39	353.39	6	6	33	0
269.90	419.09	7	7	38	0
269.98	619.29	7	6	26	0
269.77	729.86	6	6	30	0
270.31	520.43	6	6	29	0
271.19	790.46	6	6	28	0
271.84	581.70	5	6	22	0
301.76	876.36	7	6	31	0
301.65	911.49	7	6	36	0
301.41	945.69	6	7	35	0
301.41	980.08	6	7	37	0
301.85	1014.94	7	6	33	0
301.38	1049.28	6	6	23	0
302.71	353.44	7	7	40	0
303.53	386.28	8	7	43	0
303.24	452.01	8	7	37	0
302.34	662.11	6	7	36	0
304.30	288.65	8	6	39	0
304.24	320.84	7	7	36	0
303.92	418.74	7	7	40	0
304.01	729.80	7	6	30	0
303.22	830.53	6	6	26	0
304.56	519.39	6	6	29	0
304.28	619.09	6	5	24	0
305.35	581.96	5	5	20	0
305.08	790.40	5	6	26	0
336.42	662.26	8	7	45	0
336.36	911.67	8	6	38	0
336.26	980.48	7	6	36	0
336.11	1050.16	7	5	21	0
337.69	288.63	8	6	39	0
337.35	321.21	8	7	40	0
336.71	353.34	7	7	41	0
337.49	386.40	8	7	38	0
337.52	452.18	8	6	35	0
336.93	877.07	7	7	33	0
336.93	945.56	7	6	37	0
336.38	1014.74	6	7	33	0
337.40	419.02	6	7	35	0
338.02	830.45	7	6	30	0
338.43	520.23	6	5	26	0
338.04	619.24	5	7	29	0
338.30	729.89	6	5	26	0
339.18	581.92	6	5	21	0
339.05	790.21	5	5	23	0
371.32	320.72	7	7	38	0
371.10	353.53	7	7	38	0
371.51	452.18	8	7	38	0
370.84	662.14	7	7	42	0
371.77	288.61	7	7	36	0
371.62	386.17	6	7	36	0
371.64	419.05	7	7	37	0
372.09	729.79	7	5	26	0
371.55	876.97	6	7	38	0
371.61	911.07	7	7	38	0
371.55	945.54	6	6	33	0
371.53	980.21	6	7	36	0
371.61	1014.83	6	6	32	0
371.49	1049.34	6	6	26	0
372.40	520.02	6	7	31	0
372.64	581.78	5	5	17	0
372.09	619.07	6	7	30	0
373.10	790.25	6	6	27	0
372.39	830.80	6	6	27	0
404.63	320.55	8	6	41	0
404.85	353.18	7	7	41	0
405.59	386.21	8	7	40	0
405.35	288.12	6	7	36	0
405.64	418.84	7	6	34	0
405.86	451.79	7	6	38	0
405.95	661.89	7	7	36	0
406.31	945.57	7	6	35	0
406.34	1014.74	8	7	42	0
406.32	519.99	6	7	32	0
406.49	581.73	6	6	25	0
406.22	618.76	5	6	26	0
406.78	729.63	6	6	27	0
406.98	790.35	7	6	30	0
406.45	830.88	6	5	25	0
406.35	876.90	6	7	36	0
406.49	911.43	6	7	35	0
406.52	979.94	6	7	38	0
406.60	1049.11	7	7	38	0
438.88	288.51	7	6	38	0
439.17	320.80	7	7	38	0
439.27	353.32	7	7	38	0
439.32	386.05	8	7	41	0
439.57	418.82	6	7	36	0
439.37	451.59	6	8	35	0
439.99	519.70	6	6	27	0
440.34	662.19	8	7	41	0
440.11	581.66	5	6	24	0
440.34	619.04	6	5	26	0
440.70	729.36	6	6	30	0
440.65	830.04	6	5	25	0
441.49	945.25	8	7	43	0
441.35	979.54	8	8	41	0
441.52	1049.30	8	7	42	0
441.29	790.06	6	5	26	0
442.04	877.11	7	5	27	0
441.42	910.94	6	7	38	0
441.72	1014.37	7	8	38	0
472.94	288.42	7	7	38	0
473.14	320.85	7	6	35	0
473.39	419.06	8	7	40	0
472.89	451.31	7	5	28	0
473.42	353.15	6	7	36	0
473.56	386.11	7	7	38	0
473.18	661.86	6	6	21	0
473.97	519.41	5	6	25	0
474.09	581.45	5	6	25	0
474.54	619.23	6	6	28	0
474.89	729.31	7	6	32	0
474.59	789.92	6	5	26	0
475.54	830.33	6	6	27	0
476.27	910.82	7	7	40	0
476.50	945.41	8	8	40	0
476.82	876.53	6	6	27	0
476.50	979.73	6	7	37	0
476.96	1014.54	7	6	37	0
477.03	1049.20	7	7	40	0
506.49	288.40	6	7	35	0
507.06	320.44	7	8	43	0
507.09	353.45	7	7	40	0
507.39	386.11	8	7	40	0
507.63	418.99	8	7	40	0
507.60	451.92	8	7	42	0
507.26	581.45	7	6	29	0
507.71	519.66	6	6	31	0
508.36	618.79	6	7	32	0
508.96	661.73	7	7	42	0
509.12	729.30	7	6	36	0
508.63	789.98	6	7	31	0
509.87	829.71	6	6	30	0
510.86	876.47	7	6	36	0
511.20	910.86	7	7	38	0
511.40	945.07	8	8	47	0
511.74	979.64	7	8	42	0
511.81	1014.24	7	7	41	0
511.85	1048.99	7	7	41	0
540.73	288.40	8	7	42	0
540.93	321.02	7	7	38	0
541.13	353.22	7	7	39	0
541.19	386.19	8	7	42	0
540.68	581.41	6	6	29	0
541.97	419.03	7	7	41	0
541.81	451.45	7	7	38	0
541.49	519.45	6	6	32	0
542.42	618.66	6	7	34	0
543.87	661.97	8	7	43	0
542.66	789.90	6	5	27	0
543.52	729.20	6	7	31	0
544.34	829.77	7	7	36	0
545.40	876.53	8	8	43	0
545.85	910.70	7	7	40	0
545.88	945.07	7	7	44	0
546.19	979.19	7	7	39	0
546.72	1014.06	7	7	40	0
546.95	1049.14	7	7	43	0
574.15	288.48	8	6	39	0
575.01	353.40	7	7	39	0
575.16	385.67	8	7	44	0
575.36	519.54	7	6	34	0
574.72	581.36	6	6	31	0
575.65	418.40	7	7	38	0
575.73	451.01	7	7	41	0
576.12	618.14	6	7	31	0
576.64	789.69	6	6	30	0
578.17	661.61	7	7	39	0
577.47	728.77	6	7	34	0
578.72	829.92	6	7	33	0
580.50	876.24	7	7	36	0
580.93	910.66	7	7	39	0
581.07	944.97	7	7	37	0
581.55	979.63	6	7	33	0
581.92	1014.07	7	7	39	0
582.14	1048.77	7	8	43	0
608.41	288.51	7	9	42	0
608.05	581.45	7	6	32	0
608.63	320.79	6	7	35	0
609.12	352.98	7	7	36	0
609.35	385.67	7	7	35	0
609.12	519.34	7	7	32	0
609.63	418.74	6	7	35	0
610.34	451.48	7	6	34	0
610.47	618.15	7	7	35	0
610.43	789.57	6	6	31	0
612.70	661.72	8	7	38	0
611.78	729.05	7	7	34	0
612.97	829.65	7	8	37	0
615.29	875.95	7	7	38	0
615.71	910.29	7	7	39	0
616.14	944.91	7	7	38	0
616.52	979.11	6	7	38	0
616.85	1014.01	7	7	40	0
617.33	1048.83	7	7	39	0
642.25	288.04	7	7	37	0
641.76	581.15	6	7	32	0
642.63	320.57	6	7	35	0
643.07	353.00	7	7	37	0
643.22	519.45	7	6	33	0
643.38	385.79	6	8	38	0
644.01	418.48	7	6	38	0
644.35	451.15	7	7	36	0
644.18	618.17	6	7	32	0
644.51	789.43	6	7	33	0
645.97	728.88	7	7	36	0
647.03	661.78	7	7	39	0
647.22	829.67	7	7	36	0
650.13	876.22	7	7	38	0
650.68	910.18	7	7	37	0
650.95	944.49	7	8	39	0
651.53	979.07	6	7	38	0
651.93	1013.69	7	8	41	0
652.38	1048.45	7	8	43	0
676.06	288.09	7	7	36	0
676.40	320.25	7	7	36	0
675.35	581.10	6	6	29	0
677.05	352.97	7	7	37	0
676.89	519.32	7	7	38	0
677.48	385.55	6	6	33	0
678.11	418.45	7	6	36	0
678.19	618.14	7	7	34	0
678.46	451.22	6	7	35	0
678.48	789.45	6	6	31	0
679.99	728.66	7	7	38	0
681.52	661.45	8	8	40	0
681.52	829.50	6	6	32	0
684.95	876.05	7	7	38	0
685.36	910.10	7	7	40	0
685.97	944.55	7	8	43	0
686.42	979.06	8	7	40	0
687.10	1013.53	7	7	38	0
687.39	1048.34	7	7	38	0
708.95	580.93	7	7	31	0
709.93	287.95	7	7	37	0
710.46	320.36	6	6	33	0
710.91	352.94	7	7	36	0
711.18	385.88	7	7	35	0
710.80	519.15	7	7	36	0
711.94	418.22	7	7	40	0
712.43	789.47	7	6	33	0
712.43	451.00	6	7	36	0
712.28	617.72	6	6	28	0
714.18	728.61	7	6	34	0
715.93	661.50	7	8	40	0
715.90	829.61	7	6	34	0
719.77	875.82	8	7	40	0
720.33	910.02	8	7	42	0
720.74	944.36	7	8	40	0
721.32	978.97	7	7	41	0
722.09	1013.67	7	7	40	0
722.48	1048.21	8	7	40	0
742.64	580.85	6	7	32	0
743.53	287.69	6	7	34	0
744.41	320.23	6	7	35	0
744.78	352.62	7	6	35	0
745.28	385.47	7	7	37	0
744.70	519.11	7	7	35	0
746.05	418.10	7	7	38	0
746.46	450.94	8	7	39	0
746.07	788.99	7	7	35	0
746.42	617.81	6	7	32	0
748.34	728.51	7	6	34	0
750.30	661.15	7	7	37	0
750.49	829.16	6	7	33	0
754.88	875.78	7	6	32	0
754.97	909.96	7	7	42	0
755.64	944.39	8	8	41	0
756.23	978.78	7	8	43	0
757.00	1013.54	7	7	39	0
757.75	1048.14	8	7	44	0
776.07	580.68	7	6	33	0
777.53	287.69	7	7	36	0
778.22	320.12	7	7	39	0
778.39	518.89	7	7	36	0
778.88	352.58	7	7	38	0
779.38	385.31	7	7	36	0
779.89	417.82	7	7	38	0
780.22	617.72	7	7	37	0
780.13	789.03	7	7	37	0
780.67	450.94	7	7	40	0
782.54	728.21	7	7	38	0
784.76	661.10	7	7	37	0
784.47	829.20	6	7	35	0
789.17	875.69	7	7	37	0
789.90	909.85	7	7	39	0
790.66	944.12	7	7	38	0
791.15	978.69	7	8	41	0
791.83	1013.18	7	7	38	0
792.73	1047.95	7	7	41	0
809.51	580.54	6	6	32	0
811.24	287.45	7	6	35	0
811.94	320.02	7	7	38	0
812.20	518.98	7	7	35	0
812.74	352.56	7	6	35	0
813.38	385.09	7	7	38	0
813.99	417.98	7	7	37	0
814.21	617.75	7	6	33	0
813.89	789.11	7	7	35	0
814.84	450.93	7	7	39	0
816.56	728.30	6	7	34	0
819.34	661.05	7	7	38	0
818.82	828.98	7	7	36	0
823.89	875.49	7	6	37	0
824.63	909.88	6	7	36	0
825.50	944.02	6	7	38	0
826.18	978.61	7	8	40	0
826.93	1013.19	7	7	40	0
827.86	1047.82	7	7	39	0
843.00	580.56	7	6	36	0
845.24	287.43	7	6	35	0
845.94	319.95	7	7	40	0
846.61	352.37	8	7	40	0
846.10	518.41	7	6	35	0
847.38	385.01	7	7	36	0
848.05	417.81	7	7	40	0
848.02	617.29	7	6	33	0
847.81	788.71	7	6	34	0
848.74	450.77	7	7	36	0
850.89	728.14	7	7	35	0
853.12	828.89	7	7	35	0
853.61	660.87	6	7	35	0
858.91	875.28	7	7	39	0
859.52	909.62	8	7	36	0
860.56	943.91	7	7	39	0
861.17	978.33	7	7	39	0
862.08	1012.98	7	7	39	0
863.06	1047.58	7	6	37	0
