160.69	741.05	6	5	22	0
161.19	528.62	4	4	10	0
162.24	689.59	6	6	30	0
162.70	791.52	6	6	24	0
163.11	475.55	6	6	30	0
162.97	577.03	5	5	21	0
163.65	882.75	7	6	32	0
163.71	917.28	7	6	30	0
163.34	951.44	6	6	30	0
163.39	985.88	6	7	28	0
162.98	1019.45	5	4	14	0
164.57	631.44	7	6	32	0
164.12	848.45	5	6	26	0
165.81	347.21	7	6	34	0
166.94	245.10	6	7	30	0
166.08	279.42	6	7	35	0
166.53	313.47	6	6	32	0
166.39	381.58	6	6	30	0
166.75	415.42	7	6	30	0
194.24	741.11	6	5	24	0
194.28	529.50	4	4	10	0
196.21	689.62	6	6	32	0
196.31	791.57	6	6	23	0
197.06	475.81	6	6	28	0
197.18	577.56	5	5	20	0
198.07	916.88	7	7	30	0
197.84	951.25	7	6	31	0
197.60	1020.14	6	6	28	0
198.83	631.61	7	6	31	0
198.39	848.28	6	6	30	0
198.34	882.66	6	6	30	0
198.31	985.50	6	6	27	0
200.66	245.69	6	7	28	0
200.38	279.75	6	6	32	0
200.58	313.82	6	6	30	0
200.71	347.70	7	6	31	0
200.65	381.76	6	6	30	0
200.71	415.89	7	6	28	0
228.28	741.29	6	6	20	0
228.00	530.09	4	5	12	0
230.44	689.95	6	5	26	0
230.18	792.05	5	5	21	0
230.80	475.62	5	4	13	0
231.05	577.64	5	6	23	0
232.02	951.18	7	6	32	0
231.92	1020.07	6	6	25	0
232.63	848.51	6	6	31	0
232.37	882.76	6	6	31	0
232.33	916.93	6	5	28	0
232.27	985.54	6	6	26	0
233.92	416.33	7	6	32	0
233.23	631.74	6	7	31	0
235.52	246.34	7	6	28	0
234.62	280.41	7	6	32	0
234.36	314.32	6	7	33	0
235.20	348.14	7	6	29	0
234.77	382.25	6	6	30	0
261.32	741.63	5	6	20	0
262.07	530.04	5	5	14	0
264.62	577.81	6	5	19	0
264.53	690.07	6	6	24	0
264.13	792.12	5	6	16	0
264.96	476.09	5	5	18	0
266.81	848.49	6	6	30	0
266.79	882.73	6	6	29	0
266.68	916.95	6	6	28	0
266.66	951.37	6	6	29	0
266.56	985.77	6	6	26	0
266.24	1019.77	5	5	17	0
267.26	632.29	6	7	32	0
268.35	280.63	7	6	34	0
268.99	314.68	7	6	34	0
268.71	348.69	6	6	30	0
268.70	382.65	6	6	30	0
269.09	416.78	7	5	28	0
269.79	246.86	7	6	31	0
294.31	741.42	5	4	18	0
295.37	530.54	5	4	17	0
298.42	578.21	6	6	22	0
298.43	690.47	6	6	23	0
297.99	791.65	5	6	20	0
299.02	476.97	5	5	21	0
300.63	882.59	7	6	33	0
301.03	916.81	6	6	28	0
300.79	951.27	6	6	26	0
300.54	985.37	6	6	31	0
301.65	632.45	6	6	32	0
301.16	848.59	6	6	28	0
303.51	247.54	8	6	31	0
303.59	281.29	8	6	31	0
303.43	315.17	7	6	31	0
302.06	349.16	6	6	32	0
303.14	383.00	7	7	34	0
303.28	416.90	7	5	28	0
329.17	530.60	4	5	10	0
328.49	741.58	4	4	13	0
331.58	791.86	6	6	23	0
332.20	477.70	6	5	20	0
332.39	578.39	5	5	17	0
332.05	690.32	5	6	24	0
334.87	882.76	7	6	32	0
334.77	951.43	6	6	29	0
334.67	985.44	6	6	29	0
335.77	632.68	6	6	29	0
335.24	848.55	6	6	25	0
335.18	916.96	6	5	26	0
337.46	281.68	7	6	32	0
337.09	315.53	7	6	34	0
336.45	349.64	6	7	33	0
337.05	383.51	7	6	31	0
336.95	417.59	7	6	31	0
337.95	247.80	7	6	32	0
361.23	741.93	6	5	23	0
361.79	531.16	5	5	15	0
365.65	690.48	6	6	25	0
365.18	792.29	5	5	18	0
366.18	477.13	5	5	19	0
366.09	578.79	5	5	19	0
369.28	882.99	7	7	32	0
368.63	916.89	6	6	28	0
368.83	951.37	6	6	27	0
369.04	985.45	6	6	26	0
369.99	316.21	7	6	33	0
369.74	632.62	6	6	29	0
368.90	848.48	5	6	28	0
371.38	248.47	7	6	31	0
371.41	282.13	7	7	32	0
370.56	350.00	6	7	32	0
370.82	383.73	7	6	30	0
370.57	417.97	6	5	28	0
394.58	742.07	6	5	19	0
395.11	531.39	5	4	17	0
398.75	791.95	6	5	21	0
399.51	579.10	6	5	22	0
399.10	690.90	5	5	19	0
399.82	478.26	5	6	24	0
403.18	882.92	7	6	30	0
403.38	916.90	7	6	30	0
404.02	316.44	7	6	34	0
403.22	633.08	6	6	30	0
403.40	848.69	6	6	28	0
403.10	951.41	5	6	27	0
402.87	985.45	5	6	28	0
405.00	248.90	7	6	33	0
404.62	282.69	6	6	30	0
404.54	350.47	6	6	30	0
404.54	384.26	6	6	27	0
404.55	418.37	6	6	29	0
427.90	742.14	6	5	19	0
428.39	531.55	5	5	15	0
432.72	691.39	6	5	18	0
433.35	478.14	6	6	25	0
432.82	579.06	5	5	19	0
432.90	792.28	5	5	18	0
437.12	633.22	7	6	33	0
436.74	951.28	6	6	27	0
436.87	985.58	6	6	27	0
436.91	1019.60	6	6	24	0
438.33	317.03	7	7	31	0
438.12	418.90	7	5	29	0
437.18	848.78	6	6	28	0
437.09	882.83	6	6	28	0
437.35	917.18	6	6	26	0
438.85	249.26	6	6	30	0
438.45	283.20	6	7	30	0
438.39	350.75	6	6	29	0
438.58	384.79	6	6	30	0
461.46	531.56	6	5	19	0
461.24	742.27	5	5	18	0
466.66	478.62	6	6	25	0
466.23	691.17	5	6	23	0
466.12	792.34	5	6	24	0
466.83	579.40	5	6	19	0
471.06	882.98	7	6	27	0
470.92	917.46	6	8	30	0
470.48	985.43	6	6	32	0
470.91	1019.28	6	6	25	0
471.65	283.51	7	6	35	0
471.68	317.25	7	6	32	0
471.99	385.21	7	5	27	0
471.95	419.13	7	6	27	0
471.40	633.52	6	6	30	0
471.06	848.80	6	6	27	0
471.06	951.33	6	6	27	0
472.46	249.76	6	6	32	0
472.14	351.33	6	6	27	0
494.21	531.92	5	5	20	0
494.09	742.67	5	6	21	0
499.50	792.42	5	6	21	0
499.96	478.88	5	5	22	0
500.02	579.69	5	6	22	0
499.65	691.20	5	5	19	0
504.96	882.88	6	7	28	0
505.04	916.84	7	6	29	0
504.65	951.22	6	6	29	0
504.86	985.42	6	6	30	0
504.40	1019.46	6	6	31	0
505.76	250.55	7	6	30	0
505.75	284.32	6	6	29	0
506.08	317.89	7	6	29	0
505.69	351.66	7	6	31	0
505.68	385.42	6	6	31	0
505.42	419.25	6	6	30	0
505.15	633.65	6	6	29	0
505.56	848.94	6	5	21	0
527.26	742.49	5	4	18	0
528.10	531.79	5	5	17	0
533.53	478.98	6	5	23	0
533.35	580.16	6	5	23	0
533.12	691.36	5	6	23	0
533.18	792.32	5	6	22	0
539.73	250.91	8	6	31	0
539.28	386.08	7	6	30	0
538.66	882.94	6	6	30	0
538.54	917.15	6	7	32	0
538.62	951.19	6	6	29	0
539.02	985.28	7	6	31	0
538.55	1019.39	6	6	31	0
539.61	284.55	6	6	32	0
539.79	318.49	7	6	33	0
539.60	352.29	6	7	30	0
560.42	532.79	6	5	21	0
560.63	742.66	6	5	20	0
566.86	479.63	6	6	27	0
566.60	691.70	6	6	26	0
566.48	792.85	6	5	21	0
566.74	580.17	5	6	23	0
573.09	251.41	7	7	32	0
573.01	319.06	7	6	32	0
573.20	352.70	7	7	32	0
572.92	386.46	7	6	32	0
572.70	420.14	6	5	26	0
572.36	633.95	6	7	32	0
572.68	848.94	6	5	25	0
572.46	883.28	6	6	30	0
572.45	917.01	6	6	28	0
572.48	951.22	6	7	31	0
572.70	985.37	7	6	30	0
572.37	1019.35	6	6	30	0
573.33	284.88	6	7	32	0
593.63	532.73	6	5	19	0
593.51	742.87	6	5	24	0
599.80	691.84	6	5	26	0
599.75	792.59	6	6	27	0
600.09	479.74	5	6	25	0
600.06	580.49	5	6	26	0
606.24	634.37	7	6	31	0
606.15	849.22	7	6	31	0
606.19	883.20	7	6	31	0
606.11	950.98	7	6	29	0
605.94	1019.34	7	6	33	0
606.84	251.79	7	6	32	0
606.73	285.77	6	6	29	0
606.70	319.35	6	6	29	0
606.61	353.06	7	6	29	0
606.68	386.83	7	6	29	0
606.39	420.37	6	6	30	0
605.98	917.17	6	7	30	0
606.30	985.24	6	6	31	0
626.75	533.05	6	5	22	0
626.26	743.13	5	5	21	0
632.91	580.49	6	6	27	0
633.34	480.20	6	6	28	0
633.31	691.95	6	5	24	0
633.14	792.83	5	6	23	0
640.14	252.50	7	6	29	0
640.12	319.81	7	6	30	0
639.88	353.18	7	6	31	0
639.78	420.24	6	6	27	0
639.82	634.36	6	6	29	0
639.87	849.16	6	6	28	0
639.90	883.13	6	6	26	0
639.93	917.16	6	6	28	0
639.90	951.24	6	6	28	0
639.89	985.18	6	6	29	0
639.94	1019.37	6	6	28	0
640.53	285.80	6	8	32	0
640.18	386.87	6	6	29	0
659.39	533.45	6	6	24	0
659.24	743.21	6	6	24	0
666.26	792.90	7	6	27	0
666.28	480.46	6	6	27	0
666.22	580.85	5	7	23	0
666.43	692.21	6	6	27	0
673.70	252.83	6	6	29	0
673.76	286.59	6	6	28	0
673.62	320.17	6	6	29	0
673.73	353.55	6	6	29	0
673.42	387.60	6	6	27	0
673.64	420.98	6	5	27	0
673.57	634.76	6	6	28	0
673.60	849.24	7	6	30	0
673.55	883.09	6	6	28	0
673.59	917.30	6	6	30	0
673.57	951.18	6	7	31	0
673.52	985.14	6	6	29	0
673.62	1019.30	6	6	30	0
692.01	743.37	6	6	26	0
692.30	533.75	5	6	23	0
699.54	480.86	6	6	27	0
699.38	580.83	6	7	27	0
699.56	692.49	6	6	26	0
699.54	793.01	6	5	24	0
707.22	387.84	7	7	30	0
707.07	421.45	7	6	28	0
706.95	635.11	6	7	29	0
707.19	849.39	7	6	30	0
707.29	985.09	7	7	30	0
707.25	1019.22	7	6	32	0
707.25	253.30	6	6	30	0
707.22	286.73	6	7	29	0
707.25	320.49	6	6	28	0
706.99	354.24	5	6	28	0
707.26	883.17	6	6	29	0
707.13	917.00	5	7	27	0
707.35	951.24	6	6	28	0
725.12	743.30	7	6	27	0
725.14	534.07	5	5	24	0
732.81	481.07	6	5	25	0
732.36	581.63	6	7	29	0
732.70	692.54	6	6	29	0
732.83	792.81	6	6	25	0
740.68	253.75	6	6	29	0
740.56	287.33	6	6	30	0
740.66	321.09	6	6	29	0
740.51	354.43	6	6	31	0
740.58	388.17	6	6	28	0
740.54	421.82	6	6	28	0
740.49	635.37	6	6	31	0
740.75	849.33	6	6	28	0
740.69	883.31	6	6	30	0
740.72	917.12	6	6	28	0
740.75	951.14	6	6	30	0
740.75	985.13	6	6	30	0
740.68	1019.04	6	5	27	0
757.83	534.22	6	6	26	0
758.00	743.57	5	6	25	0
765.79	481.37	6	6	29	0
765.69	581.16	6	5	23	0
765.63	692.60	6	6	29	0
766.00	793.21	6	6	23	0
773.75	254.34	6	6	30	0
773.85	287.58	6	6	29	0
773.83	321.46	6	6	28	0
773.79	355.01	6	6	27	0
773.77	388.60	6	6	29	0
773.94	422.10	6	6	27	0
773.99	635.53	7	6	28	0
774.11	849.43	7	6	28	0
774.29	883.33	6	6	29	0
774.29	917.17	6	6	29	0
774.35	951.28	6	6	30	0
774.53	985.11	6	6	27	0
774.30	1018.90	6	6	27	0
790.67	534.29	6	6	27	0
790.94	743.59	5	6	25	0
798.67	481.57	6	6	29	0
799.20	793.25	6	5	21	0
798.90	581.62	5	6	23	0
799.00	692.77	5	6	23	0
807.18	254.52	6	6	28	0
807.28	288.16	6	6	30	0
807.28	321.67	6	7	30	0
807.31	355.33	6	6	29	0
807.32	388.92	6	6	29	0
807.28	422.54	6	6	29	0
807.42	635.69	6	6	29	0
807.91	849.57	6	6	26	0
807.66	883.25	6	6	29	0
807.67	917.23	6	6	29	0
807.68	951.28	6	6	30	0
807.70	984.77	6	6	29	0
807.79	1018.88	6	7	32	0
823.25	534.77	6	5	24	0
823.33	743.82	6	6	28	0
831.59	482.12	6	6	28	0
831.68	581.95	6	5	25	0
831.88	793.32	6	6	27	0
831.94	692.91	5	5	22	0
840.57	255.07	6	6	27	0
840.56	288.51	6	6	32	0
840.56	322.16	6	6	29	0
840.47	355.64	6	6	30	0
840.39	389.22	6	6	29	0
840.55	422.86	6	6	27	0
840.59	635.86	6	7	29	0
841.00	883.34	6	6	29	0
841.29	950.91	7	7	32	0
841.17	849.49	6	6	27	0
841.10	917.29	5	6	28	0
841.25	984.97	6	6	28	0
841.38	1018.93	6	7	32	0
855.66	534.79	6	7	27	0
855.92	744.01	6	5	24	0
864.51	482.37	6	6	30	0
864.91	582.43	6	6	27	0
864.95	693.22	6	6	25	0
865.16	793.48	6	6	27	0
873.65	255.44	6	6	31	0
873.61	289.07	6	6	27	0
873.71	322.43	6	6	30	0
873.68	356.11	6	6	28	0
873.64	389.63	6	6	30	0
873.72	423.25	6	6	28	0
873.88	636.07	6	6	28	0
874.41	849.60	6	6	30	0
874.49	883.52	6	6	30	0
874.54	917.18	6	6	28	0
874.63	951.09	6	7	30	0
874.71	984.97	6	7	30	0
874.66	1018.76	6	6	29	0
888.23	535.35	6	6	28	0
888.48	743.79	6	6	27	0
897.73	482.42	6	6	29	0
897.40	581.93	6	5	23	0
897.71	693.44	6	6	28	0
897.89	793.56	6	6	28	0
906.93	255.87	6	6	27	0
906.90	289.51	6	6	28	0
906.89	322.96	6	5	27	0
906.96	356.47	6	6	27	0
906.90	389.76	6	6	27	0
907.03	423.49	5	6	26	0
907.36	636.17	6	7	29	0
907.73	849.64	6	6	30	0
907.72	883.46	6	6	30	0
907.83	917.31	6	6	29	0
907.91	951.12	6	6	28	0
908.08	984.87	5	6	26	0
908.37	1018.73	6	6	28	0
