2.456100000000000136e+02 2.012400000000000091e+02 0.000000000000000000e+00 6.300000000000000000e+01 0.000000000000000000e+00
2.796200000000000045e+02 2.012100000000000080e+02 3.000000000000000000e+00 6.300000000000000000e+01 0.000000000000000000e+00
3.136399999999999864e+02 2.013600000000000136e+02 6.000000000000000000e+00 6.300000000000000000e+01 0.000000000000000000e+00
3.478000000000000114e+02 2.017800000000000011e+02 9.000000000000000000e+00 6.300000000000000000e+01 0.000000000000000000e+00
3.818600000000000136e+02 2.016800000000000068e+02 1.200000000000000000e+01 6.300000000000000000e+01 0.000000000000000000e+00
4.159700000000000273e+02 2.018100000000000023e+02 1.500000000000000000e+01 6.300000000000000000e+01 0.000000000000000000e+00
7.411499999999999773e+02 2.282100000000000080e+02 4.350000000000000000e+01 6.000000000000000000e+01 -1.200000000000000000e+01
6.899500000000000455e+02 2.303000000000000114e+02 3.900000000000000000e+01 6.000000000000000000e+01 -6.000000000000000000e+00
7.921299999999999955e+02 2.301200000000000045e+02 4.800000000000000000e+01 6.000000000000000000e+01 -6.000000000000000000e+00
4.756600000000000250e+02 2.311599999999999966e+02 2.000000000000000000e+01 6.000000000000000000e+01 -6.000000000000000000e+00
5.779099999999999682e+02 2.310600000000000023e+02 2.900000000000000000e+01 6.000000000000000000e+01 -6.000000000000000000e+00
8.827899999999999636e+02 2.322500000000000000e+02 5.600000000000000000e+01 6.000000000000000000e+01 0.000000000000000000e+00
9.512100000000000364e+02 2.319199999999999875e+02 6.200000000000000000e+01 6.000000000000000000e+01 0.000000000000000000e+00
8.485199999999999818e+02 2.327199999999999989e+02 5.300000000000000000e+01 6.000000000000000000e+01 0.000000000000000000e+00
9.168600000000000136e+02 2.324099999999999966e+02 5.900000000000000000e+01 6.000000000000000000e+01 0.000000000000000000e+00
9.854199999999999591e+02 2.322599999999999909e+02 6.500000000000000000e+01 6.000000000000000000e+01 0.000000000000000000e+00
1.020110000000000014e+03 2.322500000000000000e+02 6.800000000000000000e+01 6.000000000000000000e+01 0.000000000000000000e+00
3.142799999999999727e+02 2.341599999999999966e+02 6.000000000000000000e+00 6.000000000000000000e+01 0.000000000000000000e+00
4.164100000000000250e+02 2.338499999999999943e+02 1.500000000000000000e+01 6.000000000000000000e+01 0.000000000000000000e+00
6.317899999999999636e+02 2.333100000000000023e+02 3.400000000000000000e+01 6.000000000000000000e+01 0.000000000000000000e+00
2.804499999999999886e+02 2.345699999999999932e+02 3.000000000000000000e+00 6.000000000000000000e+01 0.000000000000000000e+00
3.479700000000000273e+02 2.354099999999999966e+02 9.000000000000000000e+00 6.000000000000000000e+01 0.000000000000000000e+00
3.820099999999999909e+02 2.350200000000000102e+02 1.200000000000000000e+01 6.000000000000000000e+01 0.000000000000000000e+00
2.463799999999999955e+02 2.358100000000000023e+02 0.000000000000000000e+00 6.000000000000000000e+01 0.000000000000000000e+00
7.415199999999999818e+02 2.614300000000000068e+02 4.350000000000000000e+01 5.700000000000000000e+01 -1.200000000000000000e+01
5.296299999999999955e+02 2.616499999999999773e+02 2.450000000000000000e+01 5.700000000000000000e+01 -1.200000000000000000e+01
6.899900000000000091e+02 2.645299999999999727e+02 3.900000000000000000e+01 5.700000000000000000e+01 -6.000000000000000000e+00
4.762400000000000091e+02 2.651000000000000227e+02 2.000000000000000000e+01 5.700000000000000000e+01 -6.000000000000000000e+00
5.774700000000000273e+02 2.644800000000000182e+02 2.900000000000000000e+01 5.700000000000000000e+01 -6.000000000000000000e+00
7.919600000000000364e+02 2.643000000000000114e+02 4.800000000000000000e+01 5.700000000000000000e+01 -6.000000000000000000e+00
6.322999999999999545e+02 2.670000000000000000e+02 3.400000000000000000e+01 5.700000000000000000e+01 0.000000000000000000e+00
8.485599999999999454e+02 2.670000000000000000e+02 5.300000000000000000e+01 5.700000000000000000e+01 0.000000000000000000e+00
8.826799999999999500e+02 2.670000000000000000e+02 5.600000000000000000e+01 5.700000000000000000e+01 0.000000000000000000e+00
9.169500000000000455e+02 2.669399999999999977e+02 5.900000000000000000e+01 5.700000000000000000e+01 0.000000000000000000e+00
9.512799999999999727e+02 2.666600000000000250e+02 6.200000000000000000e+01 5.700000000000000000e+01 0.000000000000000000e+00
9.854600000000000364e+02 2.667300000000000182e+02 6.500000000000000000e+01 5.700000000000000000e+01 0.000000000000000000e+00
1.019929999999999950e+03 2.661600000000000250e+02 6.800000000000000000e+01 5.700000000000000000e+01 0.000000000000000000e+00
2.806600000000000250e+02 2.681899999999999977e+02 3.000000000000000000e+00 5.700000000000000000e+01 0.000000000000000000e+00
2.470000000000000000e+02 2.699200000000000159e+02 0.000000000000000000e+00 5.700000000000000000e+01 0.000000000000000000e+00
3.146999999999999886e+02 2.690500000000000114e+02 6.000000000000000000e+00 5.700000000000000000e+01 0.000000000000000000e+00
3.486700000000000159e+02 2.686700000000000159e+02 9.000000000000000000e+00 5.700000000000000000e+01 0.000000000000000000e+00
3.825500000000000114e+02 2.690500000000000114e+02 1.200000000000000000e+01 5.700000000000000000e+01 0.000000000000000000e+00
4.167900000000000205e+02 2.693600000000000136e+02 1.500000000000000000e+01 5.700000000000000000e+01 0.000000000000000000e+00
7.416299999999999955e+02 2.948100000000000023e+02 4.350000000000000000e+01 5.400000000000000000e+01 -1.200000000000000000e+01
5.305099999999999909e+02 2.955099999999999909e+02 2.450000000000000000e+01 5.400000000000000000e+01 -1.200000000000000000e+01
5.781100000000000136e+02 2.982900000000000205e+02 2.900000000000000000e+01 5.400000000000000000e+01 -6.000000000000000000e+00
6.904400000000000546e+02 2.984399999999999977e+02 3.900000000000000000e+01 5.400000000000000000e+01 -6.000000000000000000e+00
7.916000000000000227e+02 2.979499999999999886e+02 4.800000000000000000e+01 5.400000000000000000e+01 -6.000000000000000000e+00
4.769700000000000273e+02 2.990199999999999818e+02 2.000000000000000000e+01 5.400000000000000000e+01 -6.000000000000000000e+00
8.826000000000000227e+02 3.004399999999999977e+02 5.600000000000000000e+01 5.400000000000000000e+01 0.000000000000000000e+00
9.168200000000000500e+02 3.012200000000000273e+02 5.900000000000000000e+01 5.400000000000000000e+01 0.000000000000000000e+00
9.512200000000000273e+02 3.011200000000000045e+02 6.200000000000000000e+01 5.400000000000000000e+01 0.000000000000000000e+00
9.854400000000000546e+02 3.005299999999999727e+02 6.500000000000000000e+01 5.400000000000000000e+01 0.000000000000000000e+00
3.491100000000000136e+02 3.019399999999999977e+02 9.000000000000000000e+00 5.400000000000000000e+01 0.000000000000000000e+00
6.323999999999999773e+02 3.017500000000000000e+02 3.400000000000000000e+01 5.400000000000000000e+01 0.000000000000000000e+00
8.486399999999999864e+02 3.013399999999999750e+02 5.300000000000000000e+01 5.400000000000000000e+01 0.000000000000000000e+00
2.475000000000000000e+02 3.037099999999999795e+02 0.000000000000000000e+00 5.400000000000000000e+01 0.000000000000000000e+00
3.830500000000000114e+02 3.032300000000000182e+02 1.200000000000000000e+01 5.400000000000000000e+01 0.000000000000000000e+00
4.169100000000000250e+02 3.035199999999999818e+02 1.500000000000000000e+01 5.400000000000000000e+01 0.000000000000000000e+00
2.813399999999999750e+02 3.038700000000000045e+02 3.000000000000000000e+00 5.400000000000000000e+01 0.000000000000000000e+00
3.151999999999999886e+02 3.036100000000000136e+02 6.000000000000000000e+00 5.400000000000000000e+01 0.000000000000000000e+00
5.302400000000000091e+02 3.286899999999999977e+02 2.450000000000000000e+01 5.100000000000000000e+01 -1.200000000000000000e+01
7.414900000000000091e+02 3.285199999999999818e+02 4.350000000000000000e+01 5.100000000000000000e+01 -1.200000000000000000e+01
4.777799999999999727e+02 3.322599999999999909e+02 2.000000000000000000e+01 5.100000000000000000e+01 -6.000000000000000000e+00
5.785299999999999727e+02 3.322200000000000273e+02 2.900000000000000000e+01 5.100000000000000000e+01 -6.000000000000000000e+00
6.901699999999999591e+02 3.320600000000000023e+02 3.900000000000000000e+01 5.100000000000000000e+01 -6.000000000000000000e+00
7.918400000000000318e+02 3.316899999999999977e+02 4.800000000000000000e+01 5.100000000000000000e+01 -6.000000000000000000e+00
8.828099999999999454e+02 3.348999999999999773e+02 5.600000000000000000e+01 5.100000000000000000e+01 0.000000000000000000e+00
9.515199999999999818e+02 3.349200000000000159e+02 6.200000000000000000e+01 5.100000000000000000e+01 0.000000000000000000e+00
9.852899999999999636e+02 3.348399999999999750e+02 6.500000000000000000e+01 5.100000000000000000e+01 0.000000000000000000e+00
6.327000000000000455e+02 3.357900000000000205e+02 3.400000000000000000e+01 5.100000000000000000e+01 0.000000000000000000e+00
8.486000000000000227e+02 3.354300000000000068e+02 5.300000000000000000e+01 5.100000000000000000e+01 0.000000000000000000e+00
9.168099999999999454e+02 3.352799999999999727e+02 5.900000000000000000e+01 5.100000000000000000e+01 0.000000000000000000e+00
2.816000000000000227e+02 3.376899999999999977e+02 3.000000000000000000e+00 5.100000000000000000e+01 0.000000000000000000e+00
3.155299999999999727e+02 3.371700000000000159e+02 6.000000000000000000e+00 5.100000000000000000e+01 0.000000000000000000e+00
3.497500000000000000e+02 3.363799999999999955e+02 9.000000000000000000e+00 5.100000000000000000e+01 0.000000000000000000e+00
3.834700000000000273e+02 3.371899999999999977e+02 1.200000000000000000e+01 5.100000000000000000e+01 0.000000000000000000e+00
4.175000000000000000e+02 3.370600000000000023e+02 1.500000000000000000e+01 5.100000000000000000e+01 0.000000000000000000e+00
2.477800000000000011e+02 3.382200000000000273e+02 0.000000000000000000e+00 5.100000000000000000e+01 0.000000000000000000e+00
7.418899999999999864e+02 3.613299999999999841e+02 4.350000000000000000e+01 4.800000000000000000e+01 -1.200000000000000000e+01
5.312200000000000273e+02 3.617799999999999727e+02 2.450000000000000000e+01 4.800000000000000000e+01 -1.200000000000000000e+01
6.903899999999999864e+02 3.657599999999999909e+02 3.900000000000000000e+01 4.800000000000000000e+01 -6.000000000000000000e+00
7.923600000000000136e+02 3.651800000000000068e+02 4.800000000000000000e+01 4.800000000000000000e+01 -6.000000000000000000e+00
4.770799999999999841e+02 3.660799999999999841e+02 2.000000000000000000e+01 4.800000000000000000e+01 -6.000000000000000000e+00
5.788099999999999454e+02 3.658799999999999955e+02 2.900000000000000000e+01 4.800000000000000000e+01 -6.000000000000000000e+00
8.830900000000000318e+02 3.692500000000000000e+02 5.600000000000000000e+01 4.800000000000000000e+01 0.000000000000000000e+00
9.167200000000000273e+02 3.687500000000000000e+02 5.900000000000000000e+01 4.800000000000000000e+01 0.000000000000000000e+00
9.515900000000000318e+02 3.688600000000000136e+02 6.200000000000000000e+01 4.800000000000000000e+01 0.000000000000000000e+00
3.160600000000000023e+02 3.698700000000000045e+02 6.000000000000000000e+00 4.800000000000000000e+01 0.000000000000000000e+00
4.179700000000000273e+02 3.705600000000000023e+02 1.500000000000000000e+01 4.800000000000000000e+01 0.000000000000000000e+00
6.326000000000000227e+02 3.698799999999999955e+02 3.400000000000000000e+01 4.800000000000000000e+01 0.000000000000000000e+00
8.484099999999999682e+02 3.691299999999999955e+02 5.300000000000000000e+01 4.800000000000000000e+01 0.000000000000000000e+00
9.853999999999999773e+02 3.694499999999999886e+02 6.500000000000000000e+01 4.800000000000000000e+01 0.000000000000000000e+00
2.484499999999999886e+02 3.716100000000000136e+02 0.000000000000000000e+00 4.800000000000000000e+01 0.000000000000000000e+00
2.821600000000000250e+02 3.716000000000000227e+02 3.000000000000000000e+00 4.800000000000000000e+01 0.000000000000000000e+00
3.499599999999999795e+02 3.707599999999999909e+02 9.000000000000000000e+00 4.800000000000000000e+01 0.000000000000000000e+00
3.837099999999999795e+02 3.709599999999999795e+02 1.200000000000000000e+01 4.800000000000000000e+01 0.000000000000000000e+00
7.421799999999999500e+02 3.947500000000000000e+02 4.350000000000000000e+01 4.500000000000000000e+01 -1.200000000000000000e+01
5.313899999999999864e+02 3.951100000000000136e+02 2.450000000000000000e+01 4.500000000000000000e+01 -1.200000000000000000e+01
5.792899999999999636e+02 3.992900000000000205e+02 2.900000000000000000e+01 4.500000000000000000e+01 -6.000000000000000000e+00
6.909900000000000091e+02 3.990199999999999818e+02 3.900000000000000000e+01 4.500000000000000000e+01 -6.000000000000000000e+00
7.919900000000000091e+02 3.990099999999999909e+02 4.800000000000000000e+01 4.500000000000000000e+01 -6.000000000000000000e+00
4.781999999999999886e+02 3.999800000000000182e+02 2.000000000000000000e+01 4.500000000000000000e+01 -6.000000000000000000e+00
6.330000000000000000e+02 4.030899999999999750e+02 3.400000000000000000e+01 4.500000000000000000e+01 0.000000000000000000e+00
8.829400000000000546e+02 4.032500000000000000e+02 5.600000000000000000e+01 4.500000000000000000e+01 0.000000000000000000e+00
3.163500000000000227e+02 4.038700000000000045e+02 6.000000000000000000e+00 4.500000000000000000e+01 0.000000000000000000e+00
4.183000000000000114e+02 4.046700000000000159e+02 1.500000000000000000e+01 4.500000000000000000e+01 0.000000000000000000e+00
8.487799999999999727e+02 4.034399999999999977e+02 5.300000000000000000e+01 4.500000000000000000e+01 0.000000000000000000e+00
9.169800000000000182e+02 4.034800000000000182e+02 5.900000000000000000e+01 4.500000000000000000e+01 0.000000000000000000e+00
9.514099999999999682e+02 4.031000000000000227e+02 6.200000000000000000e+01 4.500000000000000000e+01 0.000000000000000000e+00
9.854500000000000455e+02 4.029900000000000091e+02 6.500000000000000000e+01 4.500000000000000000e+01 0.000000000000000000e+00
2.490099999999999909e+02 4.050899999999999750e+02 0.000000000000000000e+00 4.500000000000000000e+01 0.000000000000000000e+00
2.827200000000000273e+02 4.046399999999999864e+02 3.000000000000000000e+00 4.500000000000000000e+01 0.000000000000000000e+00
3.505400000000000205e+02 4.044700000000000273e+02 9.000000000000000000e+00 4.500000000000000000e+01 0.000000000000000000e+00
3.842599999999999909e+02 4.046499999999999773e+02 1.200000000000000000e+01 4.500000000000000000e+01 0.000000000000000000e+00
7.420099999999999909e+02 4.280400000000000205e+02 4.350000000000000000e+01 4.200000000000000000e+01 -1.200000000000000000e+01
5.317300000000000182e+02 4.284499999999999886e+02 2.450000000000000000e+01 4.200000000000000000e+01 -1.200000000000000000e+01
4.782099999999999795e+02 4.334700000000000273e+02 2.000000000000000000e+01 4.200000000000000000e+01 -6.000000000000000000e+00
5.790499999999999545e+02 4.329100000000000250e+02 2.900000000000000000e+01 4.200000000000000000e+01 -6.000000000000000000e+00
6.913799999999999955e+02 4.328399999999999750e+02 3.900000000000000000e+01 4.200000000000000000e+01 -6.000000000000000000e+00
7.920800000000000409e+02 4.329100000000000250e+02 4.800000000000000000e+01 4.200000000000000000e+01 -6.000000000000000000e+00
6.332400000000000091e+02 4.369800000000000182e+02 3.400000000000000000e+01 4.200000000000000000e+01 0.000000000000000000e+00
9.513799999999999955e+02 4.368999999999999773e+02 6.200000000000000000e+01 4.200000000000000000e+01 0.000000000000000000e+00
9.855800000000000409e+02 4.367900000000000205e+02 6.500000000000000000e+01 4.200000000000000000e+01 0.000000000000000000e+00
3.171200000000000045e+02 4.383799999999999955e+02 6.000000000000000000e+00 4.200000000000000000e+01 0.000000000000000000e+00
4.188299999999999841e+02 4.381600000000000250e+02 1.500000000000000000e+01 4.200000000000000000e+01 0.000000000000000000e+00
8.487500000000000000e+02 4.373199999999999932e+02 5.300000000000000000e+01 4.200000000000000000e+01 0.000000000000000000e+00
8.827100000000000364e+02 4.371700000000000159e+02 5.600000000000000000e+01 4.200000000000000000e+01 0.000000000000000000e+00
9.172500000000000000e+02 4.374900000000000091e+02 5.900000000000000000e+01 4.200000000000000000e+01 0.000000000000000000e+00
1.019360000000000014e+03 4.368000000000000114e+02 6.800000000000000000e+01 4.200000000000000000e+01 0.000000000000000000e+00
2.491999999999999886e+02 4.390099999999999909e+02 0.000000000000000000e+00 4.200000000000000000e+01 0.000000000000000000e+00
2.830799999999999841e+02 4.384700000000000273e+02 3.000000000000000000e+00 4.200000000000000000e+01 0.000000000000000000e+00
3.507099999999999795e+02 4.384499999999999886e+02 9.000000000000000000e+00 4.200000000000000000e+01 0.000000000000000000e+00
3.846800000000000068e+02 4.387500000000000000e+02 1.200000000000000000e+01 4.200000000000000000e+01 0.000000000000000000e+00
7.423700000000000045e+02 4.612300000000000182e+02 4.350000000000000000e+01 3.900000000000000000e+01 -1.200000000000000000e+01
5.315700000000000500e+02 4.613899999999999864e+02 2.450000000000000000e+01 3.900000000000000000e+01 -1.200000000000000000e+01
4.785199999999999818e+02 4.665099999999999909e+02 2.000000000000000000e+01 3.900000000000000000e+01 -6.000000000000000000e+00
6.912799999999999727e+02 4.662699999999999818e+02 3.900000000000000000e+01 3.900000000000000000e+01 -6.000000000000000000e+00
7.923999999999999773e+02 4.660000000000000000e+02 4.800000000000000000e+01 3.900000000000000000e+01 -6.000000000000000000e+00
5.795199999999999818e+02 4.667500000000000000e+02 2.900000000000000000e+01 3.900000000000000000e+01 -6.000000000000000000e+00
9.854199999999999591e+02 4.704900000000000091e+02 6.500000000000000000e+01 3.900000000000000000e+01 0.000000000000000000e+00
8.829800000000000182e+02 4.711499999999999773e+02 5.600000000000000000e+01 3.900000000000000000e+01 0.000000000000000000e+00
9.172699999999999818e+02 4.708899999999999864e+02 5.900000000000000000e+01 3.900000000000000000e+01 0.000000000000000000e+00
1.019200000000000045e+03 4.707699999999999818e+02 6.800000000000000000e+01 3.900000000000000000e+01 0.000000000000000000e+00
2.835000000000000000e+02 4.717500000000000000e+02 3.000000000000000000e+00 3.900000000000000000e+01 0.000000000000000000e+00
3.171600000000000250e+02 4.716100000000000136e+02 6.000000000000000000e+00 3.900000000000000000e+01 0.000000000000000000e+00
3.853700000000000045e+02 4.721999999999999886e+02 1.200000000000000000e+01 3.900000000000000000e+01 0.000000000000000000e+00
4.190699999999999932e+02 4.720799999999999841e+02 1.500000000000000000e+01 3.900000000000000000e+01 0.000000000000000000e+00
6.332999999999999545e+02 4.716299999999999955e+02 3.400000000000000000e+01 3.900000000000000000e+01 0.000000000000000000e+00
8.489199999999999591e+02 4.712200000000000273e+02 5.300000000000000000e+01 3.900000000000000000e+01 0.000000000000000000e+00
9.512400000000000091e+02 4.711800000000000068e+02 6.200000000000000000e+01 3.900000000000000000e+01 0.000000000000000000e+00
2.496999999999999886e+02 4.725299999999999727e+02 0.000000000000000000e+00 3.900000000000000000e+01 0.000000000000000000e+00
3.512900000000000205e+02 4.722400000000000091e+02 9.000000000000000000e+00 3.900000000000000000e+01 0.000000000000000000e+00
5.320199999999999818e+02 4.941200000000000045e+02 2.450000000000000000e+01 3.600000000000000000e+01 -1.200000000000000000e+01
7.428799999999999955e+02 4.941299999999999955e+02 4.350000000000000000e+01 3.600000000000000000e+01 -1.200000000000000000e+01
5.798200000000000500e+02 4.998399999999999750e+02 2.900000000000000000e+01 3.600000000000000000e+01 -6.000000000000000000e+00
4.788799999999999955e+02 4.999599999999999795e+02 2.000000000000000000e+01 3.600000000000000000e+01 -6.000000000000000000e+00
6.910299999999999727e+02 4.997200000000000273e+02 3.900000000000000000e+01 3.600000000000000000e+01 -6.000000000000000000e+00
7.923700000000000045e+02 4.995600000000000023e+02 4.800000000000000000e+01 3.600000000000000000e+01 -6.000000000000000000e+00
1.019570000000000050e+03 5.042099999999999795e+02 6.800000000000000000e+01 3.600000000000000000e+01 0.000000000000000000e+00
6.337100000000000364e+02 5.052099999999999795e+02 3.400000000000000000e+01 3.600000000000000000e+01 0.000000000000000000e+00
8.827500000000000000e+02 5.050400000000000205e+02 5.600000000000000000e+01 3.600000000000000000e+01 0.000000000000000000e+00
9.168500000000000227e+02 5.051600000000000250e+02 5.900000000000000000e+01 3.600000000000000000e+01 0.000000000000000000e+00
9.510599999999999454e+02 5.047300000000000182e+02 6.200000000000000000e+01 3.600000000000000000e+01 0.000000000000000000e+00
9.852599999999999909e+02 5.050699999999999932e+02 6.500000000000000000e+01 3.600000000000000000e+01 0.000000000000000000e+00
2.504499999999999886e+02 5.057300000000000182e+02 0.000000000000000000e+00 3.600000000000000000e+01 0.000000000000000000e+00
2.842200000000000273e+02 5.058399999999999750e+02 3.000000000000000000e+00 3.600000000000000000e+01 0.000000000000000000e+00
3.180000000000000000e+02 5.062099999999999795e+02 6.000000000000000000e+00 3.600000000000000000e+01 0.000000000000000000e+00
3.516600000000000250e+02 5.057900000000000205e+02 9.000000000000000000e+00 3.600000000000000000e+01 0.000000000000000000e+00
3.853199999999999932e+02 5.056700000000000159e+02 1.200000000000000000e+01 3.600000000000000000e+01 0.000000000000000000e+00
4.191000000000000227e+02 5.053899999999999864e+02 1.500000000000000000e+01 3.600000000000000000e+01 0.000000000000000000e+00
8.491000000000000227e+02 5.057699999999999818e+02 5.300000000000000000e+01 3.600000000000000000e+01 0.000000000000000000e+00
7.424900000000000091e+02 5.272599999999999909e+02 4.350000000000000000e+01 3.300000000000000000e+01 -1.200000000000000000e+01
5.319900000000000091e+02 5.280499999999999545e+02 2.450000000000000000e+01 3.300000000000000000e+01 -1.200000000000000000e+01
4.789800000000000182e+02 5.335000000000000000e+02 2.000000000000000000e+01 3.300000000000000000e+01 -6.000000000000000000e+00
5.801299999999999955e+02 5.330800000000000409e+02 2.900000000000000000e+01 3.300000000000000000e+01 -6.000000000000000000e+00
6.913500000000000227e+02 5.332999999999999545e+02 3.900000000000000000e+01 3.300000000000000000e+01 -6.000000000000000000e+00
7.925199999999999818e+02 5.332500000000000000e+02 4.800000000000000000e+01 3.300000000000000000e+01 -6.000000000000000000e+00
3.861100000000000136e+02 5.393200000000000500e+02 1.200000000000000000e+01 3.300000000000000000e+01 0.000000000000000000e+00
8.829700000000000273e+02 5.388099999999999454e+02 5.600000000000000000e+01 3.300000000000000000e+01 0.000000000000000000e+00
9.170700000000000500e+02 5.387699999999999818e+02 5.900000000000000000e+01 3.300000000000000000e+01 0.000000000000000000e+00
9.512999999999999545e+02 5.387000000000000455e+02 6.200000000000000000e+01 3.300000000000000000e+01 0.000000000000000000e+00
9.853600000000000136e+02 5.390800000000000409e+02 6.500000000000000000e+01 3.300000000000000000e+01 0.000000000000000000e+00
1.019450000000000045e+03 5.385800000000000409e+02 6.800000000000000000e+01 3.300000000000000000e+01 0.000000000000000000e+00
2.509300000000000068e+02 5.398799999999999955e+02 0.000000000000000000e+00 3.300000000000000000e+01 0.000000000000000000e+00
2.846100000000000136e+02 5.397599999999999909e+02 3.000000000000000000e+00 3.300000000000000000e+01 0.000000000000000000e+00
3.184399999999999977e+02 5.398999999999999773e+02 6.000000000000000000e+00 3.300000000000000000e+01 0.000000000000000000e+00
3.522300000000000182e+02 5.397999999999999545e+02 9.000000000000000000e+00 3.300000000000000000e+01 0.000000000000000000e+00
4.196899999999999977e+02 5.385900000000000318e+02 1.500000000000000000e+01 3.300000000000000000e+01 0.000000000000000000e+00
8.490099999999999909e+02 5.396100000000000136e+02 5.300000000000000000e+01 3.300000000000000000e+01 0.000000000000000000e+00
5.327400000000000091e+02 5.603999999999999773e+02 2.450000000000000000e+01 3.000000000000000000e+01 -1.200000000000000000e+01
7.427200000000000273e+02 5.605399999999999636e+02 4.350000000000000000e+01 3.000000000000000000e+01 -1.200000000000000000e+01
4.795099999999999909e+02 5.668700000000000045e+02 2.000000000000000000e+01 3.000000000000000000e+01 -6.000000000000000000e+00
5.799199999999999591e+02 5.667000000000000455e+02 2.900000000000000000e+01 3.000000000000000000e+01 -6.000000000000000000e+00
6.916900000000000546e+02 5.667000000000000455e+02 3.900000000000000000e+01 3.000000000000000000e+01 -6.000000000000000000e+00
7.927200000000000273e+02 5.663300000000000409e+02 4.800000000000000000e+01 3.000000000000000000e+01 -6.000000000000000000e+00
6.340099999999999909e+02 5.722200000000000273e+02 3.400000000000000000e+01 3.000000000000000000e+01 0.000000000000000000e+00
2.514000000000000057e+02 5.730099999999999909e+02 0.000000000000000000e+00 3.000000000000000000e+01 0.000000000000000000e+00
2.848999999999999773e+02 5.733200000000000500e+02 3.000000000000000000e+00 3.000000000000000000e+01 0.000000000000000000e+00
3.191100000000000136e+02 5.731900000000000546e+02 6.000000000000000000e+00 3.000000000000000000e+01 0.000000000000000000e+00
3.526999999999999886e+02 5.732100000000000364e+02 9.000000000000000000e+00 3.000000000000000000e+01 0.000000000000000000e+00
3.865099999999999909e+02 5.729700000000000273e+02 1.200000000000000000e+01 3.000000000000000000e+01 0.000000000000000000e+00
4.202300000000000182e+02 5.728300000000000409e+02 1.500000000000000000e+01 3.000000000000000000e+01 0.000000000000000000e+00
8.489900000000000091e+02 5.727300000000000182e+02 5.300000000000000000e+01 3.000000000000000000e+01 0.000000000000000000e+00
8.831900000000000546e+02 5.725900000000000318e+02 5.600000000000000000e+01 3.000000000000000000e+01 0.000000000000000000e+00
9.169299999999999500e+02 5.724700000000000273e+02 5.900000000000000000e+01 3.000000000000000000e+01 0.000000000000000000e+00
9.512100000000000364e+02 5.726399999999999864e+02 6.200000000000000000e+01 3.000000000000000000e+01 0.000000000000000000e+00
9.853099999999999454e+02 5.727100000000000364e+02 6.500000000000000000e+01 3.000000000000000000e+01 0.000000000000000000e+00
1.019389999999999986e+03 5.723999999999999773e+02 6.800000000000000000e+01 3.000000000000000000e+01 0.000000000000000000e+00
7.426200000000000045e+02 5.935000000000000000e+02 4.350000000000000000e+01 2.700000000000000000e+01 -1.200000000000000000e+01
5.327899999999999636e+02 5.938799999999999955e+02 2.450000000000000000e+01 2.700000000000000000e+01 -1.200000000000000000e+01
6.917200000000000273e+02 5.998700000000000045e+02 3.900000000000000000e+01 2.700000000000000000e+01 -6.000000000000000000e+00
7.925499999999999545e+02 5.997999999999999545e+02 4.800000000000000000e+01 2.700000000000000000e+01 -6.000000000000000000e+00
4.796100000000000136e+02 6.001599999999999682e+02 2.000000000000000000e+01 2.700000000000000000e+01 -6.000000000000000000e+00
5.804099999999999682e+02 6.001799999999999500e+02 2.900000000000000000e+01 2.700000000000000000e+01 -6.000000000000000000e+00
6.342300000000000182e+02 6.063200000000000500e+02 3.400000000000000000e+01 2.700000000000000000e+01 0.000000000000000000e+00
8.491799999999999500e+02 6.060399999999999636e+02 5.300000000000000000e+01 2.700000000000000000e+01 0.000000000000000000e+00
9.171299999999999955e+02 6.058600000000000136e+02 5.900000000000000000e+01 2.700000000000000000e+01 0.000000000000000000e+00
9.508600000000000136e+02 6.060900000000000318e+02 6.200000000000000000e+01 2.700000000000000000e+01 0.000000000000000000e+00
9.851699999999999591e+02 6.062300000000000182e+02 6.500000000000000000e+01 2.700000000000000000e+01 0.000000000000000000e+00
1.019419999999999959e+03 6.059400000000000546e+02 6.800000000000000000e+01 2.700000000000000000e+01 0.000000000000000000e+00
2.518899999999999864e+02 6.068799999999999955e+02 0.000000000000000000e+00 2.700000000000000000e+01 0.000000000000000000e+00
2.857099999999999795e+02 6.068700000000000045e+02 3.000000000000000000e+00 2.700000000000000000e+01 0.000000000000000000e+00
3.193199999999999932e+02 6.068700000000000045e+02 6.000000000000000000e+00 2.700000000000000000e+01 0.000000000000000000e+00
3.531399999999999864e+02 6.067699999999999818e+02 9.000000000000000000e+00 2.700000000000000000e+01 0.000000000000000000e+00
3.867900000000000205e+02 6.067300000000000182e+02 1.200000000000000000e+01 2.700000000000000000e+01 0.000000000000000000e+00
4.202599999999999909e+02 6.064800000000000182e+02 1.500000000000000000e+01 2.700000000000000000e+01 0.000000000000000000e+00
8.831799999999999500e+02 6.062799999999999727e+02 5.600000000000000000e+01 2.700000000000000000e+01 0.000000000000000000e+00
5.330099999999999909e+02 6.267500000000000000e+02 2.450000000000000000e+01 2.400000000000000000e+01 -1.200000000000000000e+01
7.430199999999999818e+02 6.263099999999999454e+02 4.350000000000000000e+01 2.400000000000000000e+01 -1.200000000000000000e+01
4.802799999999999727e+02 6.333700000000000045e+02 2.000000000000000000e+01 2.400000000000000000e+01 -6.000000000000000000e+00
5.804099999999999682e+02 6.330499999999999545e+02 2.900000000000000000e+01 2.400000000000000000e+01 -6.000000000000000000e+00
6.919500000000000455e+02 6.333099999999999454e+02 3.900000000000000000e+01 2.400000000000000000e+01 -6.000000000000000000e+00
7.928600000000000136e+02 6.331000000000000227e+02 4.800000000000000000e+01 2.400000000000000000e+01 -6.000000000000000000e+00
2.525600000000000023e+02 6.401499999999999773e+02 0.000000000000000000e+00 2.400000000000000000e+01 0.000000000000000000e+00
3.197599999999999909e+02 6.400800000000000409e+02 6.000000000000000000e+00 2.400000000000000000e+01 0.000000000000000000e+00
3.531399999999999864e+02 6.399500000000000455e+02 9.000000000000000000e+00 2.400000000000000000e+01 0.000000000000000000e+00
3.869599999999999795e+02 6.401299999999999955e+02 1.200000000000000000e+01 2.400000000000000000e+01 0.000000000000000000e+00
4.202300000000000182e+02 6.397699999999999818e+02 1.500000000000000000e+01 2.400000000000000000e+01 0.000000000000000000e+00
6.344800000000000182e+02 6.398899999999999864e+02 3.400000000000000000e+01 2.400000000000000000e+01 0.000000000000000000e+00
8.492300000000000182e+02 6.400000000000000000e+02 5.300000000000000000e+01 2.400000000000000000e+01 0.000000000000000000e+00
8.831299999999999955e+02 6.398799999999999955e+02 5.600000000000000000e+01 2.400000000000000000e+01 0.000000000000000000e+00
9.170900000000000318e+02 6.399199999999999591e+02 5.900000000000000000e+01 2.400000000000000000e+01 0.000000000000000000e+00
9.511399999999999864e+02 6.400299999999999727e+02 6.200000000000000000e+01 2.400000000000000000e+01 0.000000000000000000e+00
9.851699999999999591e+02 6.401000000000000227e+02 6.500000000000000000e+01 2.400000000000000000e+01 0.000000000000000000e+00
1.019309999999999945e+03 6.400299999999999727e+02 6.800000000000000000e+01 2.400000000000000000e+01 0.000000000000000000e+00
2.860899999999999750e+02 6.407200000000000273e+02 3.000000000000000000e+00 2.400000000000000000e+01 0.000000000000000000e+00
5.335700000000000500e+02 6.594099999999999682e+02 2.450000000000000000e+01 2.100000000000000000e+01 -1.200000000000000000e+01
7.432200000000000273e+02 6.593099999999999454e+02 4.350000000000000000e+01 2.100000000000000000e+01 -1.200000000000000000e+01
4.805099999999999909e+02 6.663999999999999773e+02 2.000000000000000000e+01 2.100000000000000000e+01 -6.000000000000000000e+00
5.806299999999999955e+02 6.662200000000000273e+02 2.900000000000000000e+01 2.100000000000000000e+01 -6.000000000000000000e+00
6.921799999999999500e+02 6.664900000000000091e+02 3.900000000000000000e+01 2.100000000000000000e+01 -6.000000000000000000e+00
7.928999999999999773e+02 6.662899999999999636e+02 4.800000000000000000e+01 2.100000000000000000e+01 -6.000000000000000000e+00
2.527199999999999989e+02 6.738899999999999864e+02 0.000000000000000000e+00 2.100000000000000000e+01 0.000000000000000000e+00
2.866100000000000136e+02 6.736599999999999682e+02 3.000000000000000000e+00 2.100000000000000000e+01 0.000000000000000000e+00
3.200699999999999932e+02 6.737599999999999909e+02 6.000000000000000000e+00 2.100000000000000000e+01 0.000000000000000000e+00
3.535199999999999818e+02 6.736299999999999955e+02 9.000000000000000000e+00 2.100000000000000000e+01 0.000000000000000000e+00
3.875600000000000023e+02 6.734299999999999500e+02 1.200000000000000000e+01 2.100000000000000000e+01 0.000000000000000000e+00
4.211700000000000159e+02 6.736900000000000546e+02 1.500000000000000000e+01 2.100000000000000000e+01 0.000000000000000000e+00
6.345800000000000409e+02 6.735599999999999454e+02 3.400000000000000000e+01 2.100000000000000000e+01 0.000000000000000000e+00
8.491799999999999500e+02 6.737599999999999909e+02 5.300000000000000000e+01 2.100000000000000000e+01 0.000000000000000000e+00
8.828700000000000045e+02 6.736200000000000045e+02 5.600000000000000000e+01 2.100000000000000000e+01 0.000000000000000000e+00
9.171799999999999500e+02 6.736699999999999591e+02 5.900000000000000000e+01 2.100000000000000000e+01 0.000000000000000000e+00
9.511799999999999500e+02 6.736799999999999500e+02 6.200000000000000000e+01 2.100000000000000000e+01 0.000000000000000000e+00
9.852400000000000091e+02 6.737200000000000273e+02 6.500000000000000000e+01 2.100000000000000000e+01 0.000000000000000000e+00
1.019309999999999945e+03 6.736599999999999682e+02 6.800000000000000000e+01 2.100000000000000000e+01 0.000000000000000000e+00
5.334800000000000182e+02 6.922400000000000091e+02 2.450000000000000000e+01 1.800000000000000000e+01 -1.200000000000000000e+01
7.432599999999999909e+02 6.921599999999999682e+02 4.350000000000000000e+01 1.800000000000000000e+01 -1.200000000000000000e+01
4.807500000000000000e+02 6.996200000000000045e+02 2.000000000000000000e+01 1.800000000000000000e+01 -6.000000000000000000e+00
5.807699999999999818e+02 6.994700000000000273e+02 2.900000000000000000e+01 1.800000000000000000e+01 -6.000000000000000000e+00
6.924700000000000273e+02 6.995599999999999454e+02 3.900000000000000000e+01 1.800000000000000000e+01 -6.000000000000000000e+00
7.929800000000000182e+02 6.996100000000000136e+02 4.800000000000000000e+01 1.800000000000000000e+01 -6.000000000000000000e+00
3.204800000000000182e+02 7.073600000000000136e+02 6.000000000000000000e+00 1.800000000000000000e+01 0.000000000000000000e+00
3.541800000000000068e+02 7.069299999999999500e+02 9.000000000000000000e+00 1.800000000000000000e+01 0.000000000000000000e+00
3.879399999999999977e+02 7.072100000000000364e+02 1.200000000000000000e+01 1.800000000000000000e+01 0.000000000000000000e+00
6.350700000000000500e+02 7.070900000000000318e+02 3.400000000000000000e+01 1.800000000000000000e+01 0.000000000000000000e+00
8.493700000000000045e+02 7.071900000000000546e+02 5.300000000000000000e+01 1.800000000000000000e+01 0.000000000000000000e+00
8.830800000000000409e+02 7.072300000000000182e+02 5.600000000000000000e+01 1.800000000000000000e+01 0.000000000000000000e+00
9.511100000000000136e+02 7.072500000000000000e+02 6.200000000000000000e+01 1.800000000000000000e+01 0.000000000000000000e+00
1.019159999999999968e+03 7.072500000000000000e+02 6.800000000000000000e+01 1.800000000000000000e+01 0.000000000000000000e+00
2.533300000000000125e+02 7.073400000000000318e+02 0.000000000000000000e+00 1.800000000000000000e+01 0.000000000000000000e+00
2.866499999999999773e+02 7.073400000000000318e+02 3.000000000000000000e+00 1.800000000000000000e+01 0.000000000000000000e+00
4.213700000000000045e+02 7.072999999999999545e+02 1.500000000000000000e+01 1.800000000000000000e+01 0.000000000000000000e+00
9.169900000000000091e+02 7.071699999999999591e+02 5.900000000000000000e+01 1.800000000000000000e+01 0.000000000000000000e+00
9.850099999999999909e+02 7.073500000000000227e+02 6.500000000000000000e+01 1.800000000000000000e+01 0.000000000000000000e+00
7.434500000000000455e+02 7.251200000000000045e+02 4.350000000000000000e+01 1.500000000000000000e+01 -1.200000000000000000e+01
5.340700000000000500e+02 7.251399999999999864e+02 2.450000000000000000e+01 1.500000000000000000e+01 -1.200000000000000000e+01
4.810699999999999932e+02 7.326599999999999682e+02 2.000000000000000000e+01 1.500000000000000000e+01 -6.000000000000000000e+00
5.814800000000000182e+02 7.325199999999999818e+02 2.900000000000000000e+01 1.500000000000000000e+01 -6.000000000000000000e+00
6.924900000000000091e+02 7.328999999999999773e+02 3.900000000000000000e+01 1.500000000000000000e+01 -6.000000000000000000e+00
7.928799999999999955e+02 7.328999999999999773e+02 4.800000000000000000e+01 1.500000000000000000e+01 -6.000000000000000000e+00
2.538100000000000023e+02 7.408200000000000500e+02 0.000000000000000000e+00 1.500000000000000000e+01 0.000000000000000000e+00
2.873500000000000227e+02 7.406100000000000136e+02 3.000000000000000000e+00 1.500000000000000000e+01 0.000000000000000000e+00
3.210400000000000205e+02 7.406399999999999864e+02 6.000000000000000000e+00 1.500000000000000000e+01 0.000000000000000000e+00
3.544700000000000273e+02 7.405299999999999727e+02 9.000000000000000000e+00 1.500000000000000000e+01 0.000000000000000000e+00
3.881399999999999864e+02 7.406399999999999864e+02 1.200000000000000000e+01 1.500000000000000000e+01 0.000000000000000000e+00
4.217599999999999909e+02 7.405399999999999636e+02 1.500000000000000000e+01 1.500000000000000000e+01 0.000000000000000000e+00
6.353300000000000409e+02 7.405399999999999636e+02 3.400000000000000000e+01 1.500000000000000000e+01 0.000000000000000000e+00
8.493500000000000227e+02 7.407799999999999727e+02 5.300000000000000000e+01 1.500000000000000000e+01 0.000000000000000000e+00
8.833200000000000500e+02 7.408099999999999454e+02 5.600000000000000000e+01 1.500000000000000000e+01 0.000000000000000000e+00
9.169800000000000182e+02 7.408700000000000045e+02 5.900000000000000000e+01 1.500000000000000000e+01 0.000000000000000000e+00
9.510700000000000500e+02 7.409199999999999591e+02 6.200000000000000000e+01 1.500000000000000000e+01 0.000000000000000000e+00
9.849700000000000273e+02 7.408899999999999864e+02 6.500000000000000000e+01 1.500000000000000000e+01 0.000000000000000000e+00
1.019049999999999955e+03 7.407799999999999727e+02 6.800000000000000000e+01 1.500000000000000000e+01 0.000000000000000000e+00
5.341100000000000136e+02 7.577799999999999727e+02 2.450000000000000000e+01 1.200000000000000000e+01 -1.200000000000000000e+01
7.434800000000000182e+02 7.579099999999999682e+02 4.350000000000000000e+01 1.200000000000000000e+01 -1.200000000000000000e+01
4.813600000000000136e+02 7.657300000000000182e+02 2.000000000000000000e+01 1.200000000000000000e+01 -6.000000000000000000e+00
5.811000000000000227e+02 7.656699999999999591e+02 2.900000000000000000e+01 1.200000000000000000e+01 -6.000000000000000000e+00
6.926000000000000227e+02 7.656299999999999955e+02 3.900000000000000000e+01 1.200000000000000000e+01 -6.000000000000000000e+00
7.932799999999999727e+02 7.661900000000000546e+02 4.800000000000000000e+01 1.200000000000000000e+01 -6.000000000000000000e+00
2.541699999999999875e+02 7.738999999999999773e+02 0.000000000000000000e+00 1.200000000000000000e+01 0.000000000000000000e+00
2.876499999999999773e+02 7.740599999999999454e+02 3.000000000000000000e+00 1.200000000000000000e+01 0.000000000000000000e+00
3.213999999999999773e+02 7.738700000000000045e+02 6.000000000000000000e+00 1.200000000000000000e+01 0.000000000000000000e+00
3.551600000000000250e+02 7.738999999999999773e+02 9.000000000000000000e+00 1.200000000000000000e+01 0.000000000000000000e+00
3.886999999999999886e+02 7.738400000000000318e+02 1.200000000000000000e+01 1.200000000000000000e+01 0.000000000000000000e+00
4.222099999999999795e+02 7.738799999999999955e+02 1.500000000000000000e+01 1.200000000000000000e+01 0.000000000000000000e+00
6.355499999999999545e+02 7.738799999999999955e+02 3.400000000000000000e+01 1.200000000000000000e+01 0.000000000000000000e+00
8.493999999999999773e+02 7.742400000000000091e+02 5.300000000000000000e+01 1.200000000000000000e+01 0.000000000000000000e+00
8.831399999999999864e+02 7.742400000000000091e+02 5.600000000000000000e+01 1.200000000000000000e+01 0.000000000000000000e+00
9.511000000000000227e+02 7.742400000000000091e+02 6.200000000000000000e+01 1.200000000000000000e+01 0.000000000000000000e+00
9.170900000000000318e+02 7.743300000000000409e+02 5.900000000000000000e+01 1.200000000000000000e+01 0.000000000000000000e+00
9.851900000000000546e+02 7.745199999999999818e+02 6.500000000000000000e+01 1.200000000000000000e+01 0.000000000000000000e+00
1.018990000000000009e+03 7.743700000000000045e+02 6.800000000000000000e+01 1.200000000000000000e+01 0.000000000000000000e+00
5.345099999999999909e+02 7.906000000000000227e+02 2.450000000000000000e+01 9.000000000000000000e+00 -1.200000000000000000e+01
7.435199999999999818e+02 7.908799999999999955e+02 4.350000000000000000e+01 9.000000000000000000e+00 -1.200000000000000000e+01
4.816499999999999773e+02 7.987699999999999818e+02 2.000000000000000000e+01 9.000000000000000000e+00 -6.000000000000000000e+00
5.815199999999999818e+02 7.988099999999999454e+02 2.900000000000000000e+01 9.000000000000000000e+00 -6.000000000000000000e+00
6.927100000000000364e+02 7.990199999999999818e+02 3.900000000000000000e+01 9.000000000000000000e+00 -6.000000000000000000e+00
7.932500000000000000e+02 7.994400000000000546e+02 4.800000000000000000e+01 9.000000000000000000e+00 -6.000000000000000000e+00
2.880299999999999727e+02 8.072300000000000182e+02 3.000000000000000000e+00 9.000000000000000000e+00 0.000000000000000000e+00
3.216600000000000250e+02 8.072899999999999636e+02 6.000000000000000000e+00 9.000000000000000000e+00 0.000000000000000000e+00
2.544799999999999898e+02 8.072699999999999818e+02 0.000000000000000000e+00 9.000000000000000000e+00 0.000000000000000000e+00
3.552900000000000205e+02 8.073999999999999773e+02 9.000000000000000000e+00 9.000000000000000000e+00 0.000000000000000000e+00
3.889200000000000159e+02 8.073200000000000500e+02 1.200000000000000000e+01 9.000000000000000000e+00 0.000000000000000000e+00
4.225199999999999818e+02 8.073700000000000045e+02 1.500000000000000000e+01 9.000000000000000000e+00 0.000000000000000000e+00
6.356499999999999773e+02 8.073400000000000318e+02 3.400000000000000000e+01 9.000000000000000000e+00 0.000000000000000000e+00
8.833400000000000318e+02 8.076900000000000546e+02 5.600000000000000000e+01 9.000000000000000000e+00 0.000000000000000000e+00
9.172899999999999636e+02 8.077599999999999909e+02 5.900000000000000000e+01 9.000000000000000000e+00 0.000000000000000000e+00
9.512400000000000091e+02 8.078099999999999454e+02 6.200000000000000000e+01 9.000000000000000000e+00 0.000000000000000000e+00
9.849199999999999591e+02 8.078799999999999955e+02 6.500000000000000000e+01 9.000000000000000000e+00 0.000000000000000000e+00
1.018980000000000018e+03 8.079700000000000273e+02 6.800000000000000000e+01 9.000000000000000000e+00 0.000000000000000000e+00
8.495599999999999454e+02 8.081299999999999955e+02 5.300000000000000000e+01 9.000000000000000000e+00 0.000000000000000000e+00
5.347000000000000455e+02 8.231699999999999591e+02 2.450000000000000000e+01 6.000000000000000000e+00 -1.200000000000000000e+01
7.437599999999999909e+02 8.233999999999999773e+02 4.350000000000000000e+01 6.000000000000000000e+00 -1.200000000000000000e+01
4.820600000000000023e+02 8.317000000000000455e+02 2.000000000000000000e+01 6.000000000000000000e+00 -6.000000000000000000e+00
5.819900000000000091e+02 8.317300000000000182e+02 2.900000000000000000e+01 6.000000000000000000e+00 -6.000000000000000000e+00
6.928999999999999773e+02 8.319199999999999591e+02 3.900000000000000000e+01 6.000000000000000000e+00 -6.000000000000000000e+00
7.933300000000000409e+02 8.320299999999999727e+02 4.800000000000000000e+01 6.000000000000000000e+00 -6.000000000000000000e+00
2.550099999999999909e+02 8.405499999999999545e+02 0.000000000000000000e+00 6.000000000000000000e+00 0.000000000000000000e+00
2.885099999999999909e+02 8.405599999999999454e+02 3.000000000000000000e+00 6.000000000000000000e+00 0.000000000000000000e+00
3.220699999999999932e+02 8.405700000000000500e+02 6.000000000000000000e+00 6.000000000000000000e+00 0.000000000000000000e+00
3.555600000000000023e+02 8.405499999999999545e+02 9.000000000000000000e+00 6.000000000000000000e+00 0.000000000000000000e+00
3.891899999999999977e+02 8.404199999999999591e+02 1.200000000000000000e+01 6.000000000000000000e+00 0.000000000000000000e+00
4.228600000000000136e+02 8.405199999999999818e+02 1.500000000000000000e+01 6.000000000000000000e+00 0.000000000000000000e+00
6.357100000000000364e+02 8.406499999999999773e+02 3.400000000000000000e+01 6.000000000000000000e+00 0.000000000000000000e+00
8.833899999999999864e+02 8.411900000000000546e+02 5.600000000000000000e+01 6.000000000000000000e+00 0.000000000000000000e+00
9.510299999999999727e+02 8.412100000000000364e+02 6.200000000000000000e+01 6.000000000000000000e+00 0.000000000000000000e+00
9.850099999999999909e+02 8.412599999999999909e+02 6.500000000000000000e+01 6.000000000000000000e+00 0.000000000000000000e+00
8.495000000000000000e+02 8.412999999999999545e+02 5.300000000000000000e+01 6.000000000000000000e+00 0.000000000000000000e+00
9.172100000000000364e+02 8.412699999999999818e+02 5.900000000000000000e+01 6.000000000000000000e+00 0.000000000000000000e+00
1.018820000000000050e+03 8.413999999999999773e+02 6.800000000000000000e+01 6.000000000000000000e+00 0.000000000000000000e+00
5.347100000000000364e+02 8.557000000000000455e+02 2.450000000000000000e+01 3.000000000000000000e+00 -1.200000000000000000e+01
7.439900000000000091e+02 8.560900000000000318e+02 4.350000000000000000e+01 3.000000000000000000e+00 -1.200000000000000000e+01
4.823999999999999773e+02 8.645599999999999454e+02 2.000000000000000000e+01 3.000000000000000000e+00 -6.000000000000000000e+00
5.824199999999999591e+02 8.648300000000000409e+02 2.900000000000000000e+01 3.000000000000000000e+00 -6.000000000000000000e+00
6.931100000000000136e+02 8.648500000000000227e+02 3.900000000000000000e+01 3.000000000000000000e+00 -6.000000000000000000e+00
7.934900000000000091e+02 8.652200000000000273e+02 4.800000000000000000e+01 3.000000000000000000e+00 -6.000000000000000000e+00
2.555000000000000000e+02 8.737300000000000182e+02 0.000000000000000000e+00 3.000000000000000000e+00 0.000000000000000000e+00
2.890699999999999932e+02 8.737200000000000273e+02 3.000000000000000000e+00 3.000000000000000000e+00 0.000000000000000000e+00
3.224800000000000182e+02 8.736699999999999591e+02 6.000000000000000000e+00 3.000000000000000000e+00 0.000000000000000000e+00
3.560000000000000000e+02 8.738300000000000409e+02 9.000000000000000000e+00 3.000000000000000000e+00 0.000000000000000000e+00
3.895400000000000205e+02 8.735499999999999545e+02 1.200000000000000000e+01 3.000000000000000000e+00 0.000000000000000000e+00
4.232300000000000182e+02 8.737400000000000091e+02 1.500000000000000000e+01 3.000000000000000000e+00 0.000000000000000000e+00
6.359900000000000091e+02 8.740000000000000000e+02 3.400000000000000000e+01 3.000000000000000000e+00 0.000000000000000000e+00
8.495199999999999818e+02 8.745000000000000000e+02 5.300000000000000000e+01 3.000000000000000000e+00 0.000000000000000000e+00
8.835399999999999636e+02 8.745000000000000000e+02 5.600000000000000000e+01 3.000000000000000000e+00 0.000000000000000000e+00
9.172200000000000273e+02 8.746299999999999955e+02 5.900000000000000000e+01 3.000000000000000000e+00 0.000000000000000000e+00
9.509099999999999682e+02 8.746399999999999864e+02 6.200000000000000000e+01 3.000000000000000000e+00 0.000000000000000000e+00
9.849800000000000182e+02 8.747999999999999545e+02 6.500000000000000000e+01 3.000000000000000000e+00 0.000000000000000000e+00
1.018759999999999991e+03 8.747400000000000091e+02 6.800000000000000000e+01 3.000000000000000000e+00 0.000000000000000000e+00
5.353700000000000045e+02 8.882999999999999545e+02 2.450000000000000000e+01 0.000000000000000000e+00 -1.200000000000000000e+01
7.437699999999999818e+02 8.886000000000000227e+02 4.350000000000000000e+01 0.000000000000000000e+00 -1.200000000000000000e+01
4.823600000000000136e+02 8.976900000000000546e+02 2.000000000000000000e+01 0.000000000000000000e+00 -6.000000000000000000e+00
5.820000000000000000e+02 8.974800000000000182e+02 2.900000000000000000e+01 0.000000000000000000e+00 -6.000000000000000000e+00
6.932999999999999545e+02 8.977799999999999727e+02 3.900000000000000000e+01 0.000000000000000000e+00 -6.000000000000000000e+00
7.935399999999999636e+02 8.979600000000000364e+02 4.800000000000000000e+01 0.000000000000000000e+00 -6.000000000000000000e+00
2.558100000000000023e+02 9.070000000000000000e+02 0.000000000000000000e+00 0.000000000000000000e+00 0.000000000000000000e+00
2.895500000000000114e+02 9.070599999999999454e+02 3.000000000000000000e+00 0.000000000000000000e+00 0.000000000000000000e+00
3.229300000000000068e+02 9.070599999999999454e+02 6.000000000000000000e+00 0.000000000000000000e+00 0.000000000000000000e+00
3.564100000000000250e+02 9.070700000000000500e+02 9.000000000000000000e+00 0.000000000000000000e+00 0.000000000000000000e+00
3.897799999999999727e+02 9.068700000000000045e+02 1.200000000000000000e+01 0.000000000000000000e+00 0.000000000000000000e+00
4.235000000000000000e+02 9.069099999999999682e+02 1.500000000000000000e+01 0.000000000000000000e+00 0.000000000000000000e+00
6.361399999999999864e+02 9.074199999999999591e+02 3.400000000000000000e+01 0.000000000000000000e+00 0.000000000000000000e+00
8.496499999999999773e+02 9.077899999999999636e+02 5.300000000000000000e+01 0.000000000000000000e+00 0.000000000000000000e+00
8.834299999999999500e+02 9.076599999999999682e+02 5.600000000000000000e+01 0.000000000000000000e+00 0.000000000000000000e+00
9.170900000000000318e+02 9.079299999999999500e+02 5.900000000000000000e+01 0.000000000000000000e+00 0.000000000000000000e+00
9.511100000000000136e+02 9.081000000000000227e+02 6.200000000000000000e+01 0.000000000000000000e+00 0.000000000000000000e+00
9.847599999999999909e+02 9.082799999999999727e+02 6.500000000000000000e+01 0.000000000000000000e+00 0.000000000000000000e+00
1.018820000000000050e+03 9.084099999999999682e+02 6.800000000000000000e+01 0.000000000000000000e+00 0.000000000000000000e+00
