2.767300000000000182e+02 1.173400000000000034e+02 3.000000000000000000e+00 6.600000000000000000e+01 0.000000000000000000e+00
2.406399999999999864e+02 1.174200000000000017e+02 0.000000000000000000e+00 6.600000000000000000e+01 0.000000000000000000e+00
3.126700000000000159e+02 1.188199999999999932e+02 6.000000000000000000e+00 6.600000000000000000e+01 0.000000000000000000e+00
3.481499999999999773e+02 1.188599999999999994e+02 9.000000000000000000e+00 6.600000000000000000e+01 0.000000000000000000e+00
3.837900000000000205e+02 1.205300000000000011e+02 1.200000000000000000e+01 6.600000000000000000e+01 0.000000000000000000e+00
4.191399999999999864e+02 1.216099999999999994e+02 1.500000000000000000e+01 6.600000000000000000e+01 0.000000000000000000e+00
4.673600000000000136e+02 1.239899999999999949e+02 2.000000000000000000e+01 6.600000000000000000e+01 -6.000000000000000000e+00
6.418400000000000318e+02 1.245900000000000034e+02 3.400000000000000000e+01 6.600000000000000000e+01 0.000000000000000000e+00
5.721799999999999500e+02 1.263900000000000006e+02 2.900000000000000000e+01 6.600000000000000000e+01 -6.000000000000000000e+00
6.865399999999999636e+02 1.282199999999999989e+02 3.900000000000000000e+01 6.600000000000000000e+01 -6.000000000000000000e+00
5.091999999999999886e+02 1.279399999999999977e+02 2.450000000000000000e+01 6.600000000000000000e+01 -1.200000000000000000e+01
8.599199999999999591e+02 1.294799999999999898e+02 5.300000000000000000e+01 6.600000000000000000e+01 0.000000000000000000e+00
8.942300000000000182e+02 1.296599999999999966e+02 5.600000000000000000e+01 6.600000000000000000e+01 0.000000000000000000e+00
9.283200000000000500e+02 1.304799999999999898e+02 5.900000000000000000e+01 6.600000000000000000e+01 0.000000000000000000e+00
7.894199999999999591e+02 1.311100000000000136e+02 4.800000000000000000e+01 6.600000000000000000e+01 -6.000000000000000000e+00
9.621799999999999500e+02 1.308100000000000023e+02 6.200000000000000000e+01 6.600000000000000000e+01 0.000000000000000000e+00
9.964600000000000364e+02 1.314900000000000091e+02 6.500000000000000000e+01 6.600000000000000000e+01 0.000000000000000000e+00
1.029490000000000009e+03 1.321800000000000068e+02 6.800000000000000000e+01 6.600000000000000000e+01 0.000000000000000000e+00
7.253899999999999864e+02 1.330699999999999932e+02 4.350000000000000000e+01 6.600000000000000000e+01 -1.200000000000000000e+01
2.403600000000000136e+02 1.531399999999999864e+02 0.000000000000000000e+00 6.300000000000000000e+01 0.000000000000000000e+00
2.764100000000000250e+02 1.536999999999999886e+02 3.000000000000000000e+00 6.300000000000000000e+01 0.000000000000000000e+00
3.124499999999999886e+02 1.547299999999999898e+02 6.000000000000000000e+00 6.300000000000000000e+01 0.000000000000000000e+00
3.479300000000000068e+02 1.555600000000000023e+02 9.000000000000000000e+00 6.300000000000000000e+01 0.000000000000000000e+00
3.837200000000000273e+02 1.563600000000000136e+02 1.200000000000000000e+01 6.300000000000000000e+01 0.000000000000000000e+00
4.190199999999999818e+02 1.574399999999999977e+02 1.500000000000000000e+01 6.300000000000000000e+01 0.000000000000000000e+00
4.671399999999999864e+02 1.597500000000000000e+02 2.000000000000000000e+01 6.300000000000000000e+01 -6.000000000000000000e+00
6.414199999999999591e+02 1.601100000000000136e+02 3.400000000000000000e+01 6.300000000000000000e+01 0.000000000000000000e+00
5.720299999999999727e+02 1.622100000000000080e+02 2.900000000000000000e+01 6.300000000000000000e+01 -6.000000000000000000e+00
6.864299999999999500e+02 1.636200000000000045e+02 3.900000000000000000e+01 6.300000000000000000e+01 -6.000000000000000000e+00
5.089200000000000159e+02 1.633799999999999955e+02 2.450000000000000000e+01 6.300000000000000000e+01 -1.200000000000000000e+01
8.594900000000000091e+02 1.644699999999999989e+02 5.300000000000000000e+01 6.300000000000000000e+01 0.000000000000000000e+00
8.938099999999999454e+02 1.653799999999999955e+02 5.600000000000000000e+01 6.300000000000000000e+01 0.000000000000000000e+00
7.889700000000000273e+02 1.661299999999999955e+02 4.800000000000000000e+01 6.300000000000000000e+01 -6.000000000000000000e+00
9.276299999999999955e+02 1.656800000000000068e+02 5.900000000000000000e+01 6.300000000000000000e+01 0.000000000000000000e+00
9.618300000000000409e+02 1.661299999999999955e+02 6.200000000000000000e+01 6.300000000000000000e+01 0.000000000000000000e+00
7.248400000000000318e+02 1.674000000000000057e+02 4.350000000000000000e+01 6.300000000000000000e+01 -1.200000000000000000e+01
9.955199999999999818e+02 1.676100000000000136e+02 6.500000000000000000e+01 6.300000000000000000e+01 0.000000000000000000e+00
1.029349999999999909e+03 1.676399999999999864e+02 6.800000000000000000e+01 6.300000000000000000e+01 0.000000000000000000e+00
2.401800000000000068e+02 1.904199999999999875e+02 0.000000000000000000e+00 6.000000000000000000e+01 0.000000000000000000e+00
2.763799999999999955e+02 1.900399999999999920e+02 3.000000000000000000e+00 6.000000000000000000e+01 0.000000000000000000e+00
3.120899999999999750e+02 1.904699999999999989e+02 6.000000000000000000e+00 6.000000000000000000e+01 0.000000000000000000e+00
3.474499999999999886e+02 1.918600000000000136e+02 9.000000000000000000e+00 6.000000000000000000e+01 0.000000000000000000e+00
4.188299999999999841e+02 1.922400000000000091e+02 1.500000000000000000e+01 6.000000000000000000e+01 0.000000000000000000e+00
3.833899999999999864e+02 1.925600000000000023e+02 1.200000000000000000e+01 6.000000000000000000e+01 0.000000000000000000e+00
6.411000000000000227e+02 1.960500000000000114e+02 3.400000000000000000e+01 6.000000000000000000e+01 0.000000000000000000e+00
4.667900000000000205e+02 1.959600000000000080e+02 2.000000000000000000e+01 6.000000000000000000e+01 -6.000000000000000000e+00
5.715299999999999727e+02 1.973100000000000023e+02 2.900000000000000000e+01 6.000000000000000000e+01 -6.000000000000000000e+00
6.859299999999999500e+02 1.991399999999999864e+02 3.900000000000000000e+01 6.000000000000000000e+01 -6.000000000000000000e+00
8.594099999999999682e+02 1.997500000000000000e+02 5.300000000000000000e+01 6.000000000000000000e+01 0.000000000000000000e+00
8.936000000000000227e+02 2.000600000000000023e+02 5.600000000000000000e+01 6.000000000000000000e+01 0.000000000000000000e+00
9.274700000000000273e+02 2.005200000000000102e+02 5.900000000000000000e+01 6.000000000000000000e+01 0.000000000000000000e+00
9.611599999999999682e+02 2.010300000000000011e+02 6.200000000000000000e+01 6.000000000000000000e+01 0.000000000000000000e+00
7.890599999999999454e+02 2.009600000000000080e+02 4.800000000000000000e+01 6.000000000000000000e+01 -6.000000000000000000e+00
9.955199999999999818e+02 2.020099999999999909e+02 6.500000000000000000e+01 6.000000000000000000e+01 0.000000000000000000e+00
7.243099999999999454e+02 2.022899999999999920e+02 4.350000000000000000e+01 6.000000000000000000e+01 -1.200000000000000000e+01
1.028829999999999927e+03 2.026899999999999977e+02 6.800000000000000000e+01 6.000000000000000000e+01 0.000000000000000000e+00
2.400999999999999943e+02 2.266500000000000057e+02 0.000000000000000000e+00 5.700000000000000000e+01 0.000000000000000000e+00
2.759599999999999795e+02 2.257899999999999920e+02 3.000000000000000000e+00 5.700000000000000000e+01 0.000000000000000000e+00
3.117400000000000091e+02 2.276500000000000057e+02 6.000000000000000000e+00 5.700000000000000000e+01 0.000000000000000000e+00
3.478899999999999864e+02 2.275399999999999920e+02 9.000000000000000000e+00 5.700000000000000000e+01 0.000000000000000000e+00
3.829800000000000182e+02 2.285200000000000102e+02 1.200000000000000000e+01 5.700000000000000000e+01 0.000000000000000000e+00
4.185299999999999727e+02 2.295800000000000125e+02 1.500000000000000000e+01 5.700000000000000000e+01 0.000000000000000000e+00
6.410199999999999818e+02 2.314300000000000068e+02 3.400000000000000000e+01 5.700000000000000000e+01 0.000000000000000000e+00
4.662300000000000182e+02 2.315999999999999943e+02 2.000000000000000000e+01 5.700000000000000000e+01 -6.000000000000000000e+00
5.711100000000000136e+02 2.325699999999999932e+02 2.900000000000000000e+01 5.700000000000000000e+01 -6.000000000000000000e+00
6.858400000000000318e+02 2.345600000000000023e+02 3.900000000000000000e+01 5.700000000000000000e+01 -6.000000000000000000e+00
8.591399999999999864e+02 2.351500000000000057e+02 5.300000000000000000e+01 5.700000000000000000e+01 0.000000000000000000e+00
7.887400000000000091e+02 2.356800000000000068e+02 4.800000000000000000e+01 5.700000000000000000e+01 -6.000000000000000000e+00
8.931100000000000136e+02 2.357199999999999989e+02 5.600000000000000000e+01 5.700000000000000000e+01 0.000000000000000000e+00
9.269800000000000182e+02 2.361500000000000057e+02 5.900000000000000000e+01 5.700000000000000000e+01 0.000000000000000000e+00
7.240000000000000000e+02 2.369900000000000091e+02 4.350000000000000000e+01 5.700000000000000000e+01 -1.200000000000000000e+01
9.613500000000000227e+02 2.366699999999999875e+02 6.200000000000000000e+01 5.700000000000000000e+01 0.000000000000000000e+00
9.947300000000000182e+02 2.370699999999999932e+02 6.500000000000000000e+01 5.700000000000000000e+01 0.000000000000000000e+00
1.028450000000000045e+03 2.376100000000000136e+02 6.800000000000000000e+01 5.700000000000000000e+01 0.000000000000000000e+00
2.400399999999999920e+02 2.627599999999999909e+02 0.000000000000000000e+00 5.400000000000000000e+01 0.000000000000000000e+00
2.756600000000000250e+02 2.633399999999999750e+02 3.000000000000000000e+00 5.400000000000000000e+01 0.000000000000000000e+00
3.473700000000000045e+02 2.629599999999999795e+02 9.000000000000000000e+00 5.400000000000000000e+01 0.000000000000000000e+00
3.114900000000000091e+02 2.638500000000000227e+02 6.000000000000000000e+00 5.400000000000000000e+01 0.000000000000000000e+00
3.829100000000000250e+02 2.648600000000000136e+02 1.200000000000000000e+01 5.400000000000000000e+01 0.000000000000000000e+00
4.183500000000000227e+02 2.654300000000000068e+02 1.500000000000000000e+01 5.400000000000000000e+01 0.000000000000000000e+00
4.663799999999999955e+02 2.666899999999999977e+02 2.000000000000000000e+01 5.400000000000000000e+01 -6.000000000000000000e+00
6.407200000000000273e+02 2.673500000000000227e+02 3.400000000000000000e+01 5.400000000000000000e+01 0.000000000000000000e+00
5.709500000000000455e+02 2.678899999999999864e+02 2.900000000000000000e+01 5.400000000000000000e+01 -6.000000000000000000e+00
5.075000000000000000e+02 2.687799999999999727e+02 2.450000000000000000e+01 5.400000000000000000e+01 -1.200000000000000000e+01
6.853999999999999773e+02 2.697400000000000091e+02 3.900000000000000000e+01 5.400000000000000000e+01 -6.000000000000000000e+00
8.926599999999999682e+02 2.703399999999999750e+02 5.600000000000000000e+01 5.400000000000000000e+01 0.000000000000000000e+00
7.877400000000000091e+02 2.708000000000000114e+02 4.800000000000000000e+01 5.400000000000000000e+01 -6.000000000000000000e+00
8.589500000000000455e+02 2.705199999999999818e+02 5.300000000000000000e+01 5.400000000000000000e+01 0.000000000000000000e+00
9.268700000000000045e+02 2.713600000000000136e+02 5.900000000000000000e+01 5.400000000000000000e+01 0.000000000000000000e+00
7.239700000000000273e+02 2.720899999999999750e+02 4.350000000000000000e+01 5.400000000000000000e+01 -1.200000000000000000e+01
9.609700000000000273e+02 2.716499999999999773e+02 6.200000000000000000e+01 5.400000000000000000e+01 0.000000000000000000e+00
9.942899999999999636e+02 2.720899999999999750e+02 6.500000000000000000e+01 5.400000000000000000e+01 0.000000000000000000e+00
2.754100000000000250e+02 2.993799999999999955e+02 3.000000000000000000e+00 5.100000000000000000e+01 0.000000000000000000e+00
3.472099999999999795e+02 2.993799999999999955e+02 9.000000000000000000e+00 5.100000000000000000e+01 0.000000000000000000e+00
3.114300000000000068e+02 2.996800000000000068e+02 6.000000000000000000e+00 5.100000000000000000e+01 0.000000000000000000e+00
3.826800000000000068e+02 3.009499999999999886e+02 1.200000000000000000e+01 5.100000000000000000e+01 0.000000000000000000e+00
4.181100000000000136e+02 3.012900000000000205e+02 1.500000000000000000e+01 5.100000000000000000e+01 0.000000000000000000e+00
4.668000000000000114e+02 3.021000000000000227e+02 2.000000000000000000e+01 5.100000000000000000e+01 -6.000000000000000000e+00
6.405399999999999636e+02 3.029800000000000182e+02 3.400000000000000000e+01 5.100000000000000000e+01 0.000000000000000000e+00
5.708500000000000227e+02 3.033100000000000023e+02 2.900000000000000000e+01 5.100000000000000000e+01 -6.000000000000000000e+00
6.851000000000000227e+02 3.048899999999999864e+02 3.900000000000000000e+01 5.100000000000000000e+01 -6.000000000000000000e+00
8.924900000000000091e+02 3.058299999999999841e+02 5.600000000000000000e+01 5.100000000000000000e+01 0.000000000000000000e+00
7.874400000000000546e+02 3.058399999999999750e+02 4.800000000000000000e+01 5.100000000000000000e+01 -6.000000000000000000e+00
8.581900000000000546e+02 3.059900000000000091e+02 5.300000000000000000e+01 5.100000000000000000e+01 0.000000000000000000e+00
7.232999999999999545e+02 3.064800000000000182e+02 4.350000000000000000e+01 5.100000000000000000e+01 -1.200000000000000000e+01
9.262799999999999727e+02 3.066700000000000159e+02 5.900000000000000000e+01 5.100000000000000000e+01 0.000000000000000000e+00
9.603799999999999955e+02 3.065899999999999750e+02 6.200000000000000000e+01 5.100000000000000000e+01 0.000000000000000000e+00
9.939400000000000546e+02 3.070000000000000000e+02 6.500000000000000000e+01 5.100000000000000000e+01 0.000000000000000000e+00
1.028019999999999982e+03 3.084800000000000182e+02 6.800000000000000000e+01 5.100000000000000000e+01 0.000000000000000000e+00
2.395800000000000125e+02 3.354399999999999977e+02 0.000000000000000000e+00 4.800000000000000000e+01 0.000000000000000000e+00
2.751499999999999773e+02 3.358000000000000114e+02 3.000000000000000000e+00 4.800000000000000000e+01 0.000000000000000000e+00
3.112400000000000091e+02 3.346600000000000250e+02 6.000000000000000000e+00 4.800000000000000000e+01 0.000000000000000000e+00
3.469300000000000068e+02 3.358799999999999955e+02 9.000000000000000000e+00 4.800000000000000000e+01 0.000000000000000000e+00
4.180699999999999932e+02 3.366499999999999773e+02 1.500000000000000000e+01 4.800000000000000000e+01 0.000000000000000000e+00
3.821399999999999864e+02 3.368299999999999841e+02 1.200000000000000000e+01 4.800000000000000000e+01 0.000000000000000000e+00
4.655600000000000023e+02 3.375199999999999818e+02 2.000000000000000000e+01 4.800000000000000000e+01 -6.000000000000000000e+00
6.395800000000000409e+02 3.384100000000000250e+02 3.400000000000000000e+01 4.800000000000000000e+01 0.000000000000000000e+00
5.075199999999999818e+02 3.385199999999999818e+02 2.450000000000000000e+01 4.800000000000000000e+01 -1.200000000000000000e+01
5.703400000000000318e+02 3.383399999999999750e+02 2.900000000000000000e+01 4.800000000000000000e+01 -6.000000000000000000e+00
7.873600000000000136e+02 3.396800000000000068e+02 4.800000000000000000e+01 4.800000000000000000e+01 -6.000000000000000000e+00
6.844600000000000364e+02 3.400899999999999750e+02 3.900000000000000000e+01 4.800000000000000000e+01 -6.000000000000000000e+00
7.231499999999999773e+02 3.409499999999999886e+02 4.350000000000000000e+01 4.800000000000000000e+01 -1.200000000000000000e+01
8.576200000000000045e+02 3.409200000000000159e+02 5.300000000000000000e+01 4.800000000000000000e+01 0.000000000000000000e+00
8.921900000000000546e+02 3.413500000000000227e+02 5.600000000000000000e+01 4.800000000000000000e+01 0.000000000000000000e+00
9.261000000000000227e+02 3.411999999999999886e+02 5.900000000000000000e+01 4.800000000000000000e+01 0.000000000000000000e+00
9.601399999999999864e+02 3.418600000000000136e+02 6.200000000000000000e+01 4.800000000000000000e+01 0.000000000000000000e+00
9.936399999999999864e+02 3.424200000000000159e+02 6.500000000000000000e+01 4.800000000000000000e+01 0.000000000000000000e+00
1.027420000000000073e+03 3.423399999999999750e+02 6.800000000000000000e+01 4.800000000000000000e+01 0.000000000000000000e+00
3.109399999999999977e+02 3.708500000000000227e+02 6.000000000000000000e+00 4.500000000000000000e+01 0.000000000000000000e+00
2.395200000000000102e+02 3.711600000000000250e+02 0.000000000000000000e+00 4.500000000000000000e+01 0.000000000000000000e+00
2.752500000000000000e+02 3.711600000000000250e+02 3.000000000000000000e+00 4.500000000000000000e+01 0.000000000000000000e+00
3.469700000000000273e+02 3.717500000000000000e+02 9.000000000000000000e+00 4.500000000000000000e+01 0.000000000000000000e+00
4.177699999999999818e+02 3.726100000000000136e+02 1.500000000000000000e+01 4.500000000000000000e+01 0.000000000000000000e+00
3.821700000000000159e+02 3.724399999999999977e+02 1.200000000000000000e+01 4.500000000000000000e+01 0.000000000000000000e+00
6.396799999999999500e+02 3.735500000000000114e+02 3.400000000000000000e+01 4.500000000000000000e+01 0.000000000000000000e+00
4.658399999999999750e+02 3.733799999999999955e+02 2.000000000000000000e+01 4.500000000000000000e+01 -6.000000000000000000e+00
5.071399999999999864e+02 3.736499999999999773e+02 2.450000000000000000e+01 4.500000000000000000e+01 -1.200000000000000000e+01
5.703500000000000227e+02 3.744599999999999795e+02 2.900000000000000000e+01 4.500000000000000000e+01 -6.000000000000000000e+00
6.843799999999999955e+02 3.751299999999999955e+02 3.900000000000000000e+01 4.500000000000000000e+01 -6.000000000000000000e+00
7.232999999999999545e+02 3.756999999999999886e+02 4.350000000000000000e+01 4.500000000000000000e+01 -1.200000000000000000e+01
7.872100000000000364e+02 3.759300000000000068e+02 4.800000000000000000e+01 4.500000000000000000e+01 -6.000000000000000000e+00
8.576000000000000227e+02 3.765199999999999818e+02 5.300000000000000000e+01 4.500000000000000000e+01 0.000000000000000000e+00
8.919400000000000546e+02 3.760699999999999932e+02 5.600000000000000000e+01 4.500000000000000000e+01 0.000000000000000000e+00
9.257999999999999545e+02 3.767400000000000091e+02 5.900000000000000000e+01 4.500000000000000000e+01 0.000000000000000000e+00
9.598099999999999454e+02 3.769800000000000182e+02 6.200000000000000000e+01 4.500000000000000000e+01 0.000000000000000000e+00
9.934900000000000091e+02 3.774100000000000250e+02 6.500000000000000000e+01 4.500000000000000000e+01 0.000000000000000000e+00
1.026769999999999982e+03 3.780199999999999818e+02 6.800000000000000000e+01 4.500000000000000000e+01 0.000000000000000000e+00
2.391599999999999966e+02 4.074800000000000182e+02 0.000000000000000000e+00 4.200000000000000000e+01 0.000000000000000000e+00
2.748999999999999773e+02 4.074499999999999886e+02 3.000000000000000000e+00 4.200000000000000000e+01 0.000000000000000000e+00
3.111000000000000227e+02 4.077699999999999818e+02 6.000000000000000000e+00 4.200000000000000000e+01 0.000000000000000000e+00
3.464800000000000182e+02 4.080600000000000023e+02 9.000000000000000000e+00 4.200000000000000000e+01 0.000000000000000000e+00
3.820199999999999818e+02 4.085699999999999932e+02 1.200000000000000000e+01 4.200000000000000000e+01 0.000000000000000000e+00
4.175199999999999818e+02 4.085500000000000114e+02 1.500000000000000000e+01 4.200000000000000000e+01 0.000000000000000000e+00
4.655500000000000114e+02 4.087900000000000205e+02 2.000000000000000000e+01 4.200000000000000000e+01 -6.000000000000000000e+00
5.070699999999999932e+02 4.086899999999999977e+02 2.450000000000000000e+01 4.200000000000000000e+01 -1.200000000000000000e+01
6.392999999999999545e+02 4.092900000000000205e+02 3.400000000000000000e+01 4.200000000000000000e+01 0.000000000000000000e+00
5.698099999999999454e+02 4.094499999999999886e+02 2.900000000000000000e+01 4.200000000000000000e+01 -6.000000000000000000e+00
6.842500000000000000e+02 4.101999999999999886e+02 3.900000000000000000e+01 4.200000000000000000e+01 -6.000000000000000000e+00
7.224700000000000273e+02 4.100600000000000023e+02 4.350000000000000000e+01 4.200000000000000000e+01 -1.200000000000000000e+01
8.572999999999999545e+02 4.113999999999999773e+02 5.300000000000000000e+01 4.200000000000000000e+01 0.000000000000000000e+00
7.866200000000000045e+02 4.111899999999999977e+02 4.800000000000000000e+01 4.200000000000000000e+01 -6.000000000000000000e+00
8.913400000000000318e+02 4.116000000000000227e+02 5.600000000000000000e+01 4.200000000000000000e+01 0.000000000000000000e+00
9.253899999999999864e+02 4.119399999999999977e+02 5.900000000000000000e+01 4.200000000000000000e+01 0.000000000000000000e+00
9.592100000000000364e+02 4.120299999999999727e+02 6.200000000000000000e+01 4.200000000000000000e+01 0.000000000000000000e+00
9.931399999999999864e+02 4.122200000000000273e+02 6.500000000000000000e+01 4.200000000000000000e+01 0.000000000000000000e+00
1.026880000000000109e+03 4.123199999999999932e+02 6.800000000000000000e+01 4.200000000000000000e+01 0.000000000000000000e+00
2.746700000000000159e+02 4.428799999999999955e+02 3.000000000000000000e+00 3.900000000000000000e+01 0.000000000000000000e+00
3.103600000000000136e+02 4.430899999999999750e+02 6.000000000000000000e+00 3.900000000000000000e+01 0.000000000000000000e+00
2.386999999999999886e+02 4.435899999999999750e+02 0.000000000000000000e+00 3.900000000000000000e+01 0.000000000000000000e+00
3.462900000000000205e+02 4.440099999999999909e+02 9.000000000000000000e+00 3.900000000000000000e+01 0.000000000000000000e+00
3.818700000000000045e+02 4.443500000000000227e+02 1.200000000000000000e+01 3.900000000000000000e+01 0.000000000000000000e+00
4.173700000000000045e+02 4.444100000000000250e+02 1.500000000000000000e+01 3.900000000000000000e+01 0.000000000000000000e+00
4.651700000000000159e+02 4.441200000000000045e+02 2.000000000000000000e+01 3.900000000000000000e+01 -6.000000000000000000e+00
5.068899999999999864e+02 4.434300000000000068e+02 2.450000000000000000e+01 3.900000000000000000e+01 -1.200000000000000000e+01
5.697200000000000273e+02 4.448299999999999841e+02 2.900000000000000000e+01 3.900000000000000000e+01 -6.000000000000000000e+00
6.390399999999999636e+02 4.453799999999999955e+02 3.400000000000000000e+01 3.900000000000000000e+01 0.000000000000000000e+00
6.837500000000000000e+02 4.452599999999999909e+02 3.900000000000000000e+01 3.900000000000000000e+01 -6.000000000000000000e+00
7.223899999999999864e+02 4.451999999999999886e+02 4.350000000000000000e+01 3.900000000000000000e+01 -1.200000000000000000e+01
7.868600000000000136e+02 4.456700000000000159e+02 4.800000000000000000e+01 3.900000000000000000e+01 -6.000000000000000000e+00
8.570000000000000000e+02 4.466399999999999864e+02 5.300000000000000000e+01 3.900000000000000000e+01 0.000000000000000000e+00
8.911499999999999773e+02 4.468399999999999750e+02 5.600000000000000000e+01 3.900000000000000000e+01 0.000000000000000000e+00
9.252999999999999545e+02 4.466299999999999955e+02 5.900000000000000000e+01 3.900000000000000000e+01 0.000000000000000000e+00
9.589800000000000182e+02 4.469499999999999886e+02 6.200000000000000000e+01 3.900000000000000000e+01 0.000000000000000000e+00
9.926699999999999591e+02 4.469499999999999886e+02 6.500000000000000000e+01 3.900000000000000000e+01 0.000000000000000000e+00
1.025990000000000009e+03 4.475099999999999909e+02 6.800000000000000000e+01 3.900000000000000000e+01 0.000000000000000000e+00
2.387599999999999909e+02 4.791899999999999977e+02 0.000000000000000000e+00 3.600000000000000000e+01 0.000000000000000000e+00
2.745799999999999841e+02 4.795299999999999727e+02 3.000000000000000000e+00 3.600000000000000000e+01 0.000000000000000000e+00
4.648799999999999955e+02 4.791600000000000250e+02 2.000000000000000000e+01 3.600000000000000000e+01 -6.000000000000000000e+00
5.067400000000000091e+02 4.784800000000000182e+02 2.450000000000000000e+01 3.600000000000000000e+01 -1.200000000000000000e+01
3.103299999999999841e+02 4.801600000000000250e+02 6.000000000000000000e+00 3.600000000000000000e+01 0.000000000000000000e+00
3.460400000000000205e+02 4.798600000000000136e+02 9.000000000000000000e+00 3.600000000000000000e+01 0.000000000000000000e+00
3.813399999999999750e+02 4.801600000000000250e+02 1.200000000000000000e+01 3.600000000000000000e+01 0.000000000000000000e+00
4.167699999999999818e+02 4.798999999999999773e+02 1.500000000000000000e+01 3.600000000000000000e+01 0.000000000000000000e+00
5.695299999999999727e+02 4.798100000000000023e+02 2.900000000000000000e+01 3.600000000000000000e+01 -6.000000000000000000e+00
6.390599999999999454e+02 4.806800000000000068e+02 3.400000000000000000e+01 3.600000000000000000e+01 0.000000000000000000e+00
7.221900000000000546e+02 4.793500000000000227e+02 4.350000000000000000e+01 3.600000000000000000e+01 -1.200000000000000000e+01
6.834099999999999682e+02 4.805799999999999841e+02 3.900000000000000000e+01 3.600000000000000000e+01 -6.000000000000000000e+00
7.857200000000000273e+02 4.804800000000000182e+02 4.800000000000000000e+01 3.600000000000000000e+01 -6.000000000000000000e+00
8.565599999999999454e+02 4.825000000000000000e+02 5.300000000000000000e+01 3.600000000000000000e+01 0.000000000000000000e+00
8.905599999999999454e+02 4.821499999999999773e+02 5.600000000000000000e+01 3.600000000000000000e+01 0.000000000000000000e+00
9.243999999999999773e+02 4.821200000000000045e+02 5.900000000000000000e+01 3.600000000000000000e+01 0.000000000000000000e+00
9.582999999999999545e+02 4.819900000000000091e+02 6.200000000000000000e+01 3.600000000000000000e+01 0.000000000000000000e+00
9.925299999999999727e+02 4.821999999999999886e+02 6.500000000000000000e+01 3.600000000000000000e+01 0.000000000000000000e+00
1.026190000000000055e+03 4.820500000000000114e+02 6.800000000000000000e+01 3.600000000000000000e+01 0.000000000000000000e+00
5.061299999999999955e+02 5.135499999999999545e+02 2.450000000000000000e+01 3.300000000000000000e+01 -1.200000000000000000e+01
2.385800000000000125e+02 5.158300000000000409e+02 0.000000000000000000e+00 3.300000000000000000e+01 0.000000000000000000e+00
3.815799999999999841e+02 5.159800000000000182e+02 1.200000000000000000e+01 3.300000000000000000e+01 0.000000000000000000e+00
4.645799999999999841e+02 5.147999999999999545e+02 2.000000000000000000e+01 3.300000000000000000e+01 -6.000000000000000000e+00
5.692899999999999636e+02 5.149500000000000455e+02 2.900000000000000000e+01 3.300000000000000000e+01 -6.000000000000000000e+00
7.219700000000000273e+02 5.144700000000000273e+02 4.350000000000000000e+01 3.300000000000000000e+01 -1.200000000000000000e+01
2.743700000000000045e+02 5.158899999999999864e+02 3.000000000000000000e+00 3.300000000000000000e+01 0.000000000000000000e+00
3.102599999999999909e+02 5.165299999999999727e+02 6.000000000000000000e+00 3.300000000000000000e+01 0.000000000000000000e+00
3.458100000000000023e+02 5.162400000000000091e+02 9.000000000000000000e+00 3.300000000000000000e+01 0.000000000000000000e+00
4.167099999999999795e+02 5.152400000000000091e+02 1.500000000000000000e+01 3.300000000000000000e+01 0.000000000000000000e+00
6.385099999999999909e+02 5.147599999999999909e+02 3.400000000000000000e+01 3.300000000000000000e+01 0.000000000000000000e+00
6.832200000000000273e+02 5.155399999999999636e+02 3.900000000000000000e+01 3.300000000000000000e+01 -6.000000000000000000e+00
7.858099999999999454e+02 5.156200000000000045e+02 4.800000000000000000e+01 3.300000000000000000e+01 -6.000000000000000000e+00
8.905199999999999818e+02 5.169500000000000455e+02 5.600000000000000000e+01 3.300000000000000000e+01 0.000000000000000000e+00
9.245800000000000409e+02 5.171699999999999591e+02 5.900000000000000000e+01 3.300000000000000000e+01 0.000000000000000000e+00
9.582100000000000364e+02 5.173300000000000409e+02 6.200000000000000000e+01 3.300000000000000000e+01 0.000000000000000000e+00
9.920399999999999636e+02 5.171100000000000136e+02 6.500000000000000000e+01 3.300000000000000000e+01 0.000000000000000000e+00
1.025799999999999955e+03 5.172200000000000273e+02 6.800000000000000000e+01 3.300000000000000000e+01 0.000000000000000000e+00
8.572300000000000182e+02 5.177000000000000455e+02 5.300000000000000000e+01 3.300000000000000000e+01 0.000000000000000000e+00
5.060199999999999818e+02 5.487200000000000273e+02 2.450000000000000000e+01 3.000000000000000000e+01 -1.200000000000000000e+01
7.215800000000000409e+02 5.486699999999999591e+02 4.350000000000000000e+01 3.000000000000000000e+01 -1.200000000000000000e+01
4.645099999999999909e+02 5.502400000000000091e+02 2.000000000000000000e+01 3.000000000000000000e+01 -6.000000000000000000e+00
5.688999999999999773e+02 5.499600000000000364e+02 2.900000000000000000e+01 3.000000000000000000e+01 -6.000000000000000000e+00
7.853700000000000045e+02 5.502999999999999545e+02 4.800000000000000000e+01 3.000000000000000000e+01 -6.000000000000000000e+00
2.384000000000000057e+02 5.517400000000000091e+02 0.000000000000000000e+00 3.000000000000000000e+01 0.000000000000000000e+00
3.102599999999999909e+02 5.517899999999999636e+02 6.000000000000000000e+00 3.000000000000000000e+01 0.000000000000000000e+00
3.457300000000000182e+02 5.518799999999999955e+02 9.000000000000000000e+00 3.000000000000000000e+01 0.000000000000000000e+00
3.813600000000000136e+02 5.518700000000000045e+02 1.200000000000000000e+01 3.000000000000000000e+01 0.000000000000000000e+00
4.167699999999999818e+02 5.515000000000000000e+02 1.500000000000000000e+01 3.000000000000000000e+01 0.000000000000000000e+00
6.380599999999999454e+02 5.514500000000000455e+02 3.400000000000000000e+01 3.000000000000000000e+01 0.000000000000000000e+00
6.830499999999999545e+02 5.503400000000000318e+02 3.900000000000000000e+01 3.000000000000000000e+01 -6.000000000000000000e+00
2.740799999999999841e+02 5.519600000000000364e+02 3.000000000000000000e+00 3.000000000000000000e+01 0.000000000000000000e+00
8.561100000000000136e+02 5.520900000000000318e+02 5.300000000000000000e+01 3.000000000000000000e+01 0.000000000000000000e+00
8.902899999999999636e+02 5.520499999999999545e+02 5.600000000000000000e+01 3.000000000000000000e+01 0.000000000000000000e+00
9.239600000000000364e+02 5.521499999999999773e+02 5.900000000000000000e+01 3.000000000000000000e+01 0.000000000000000000e+00
9.581599999999999682e+02 5.521399999999999864e+02 6.200000000000000000e+01 3.000000000000000000e+01 0.000000000000000000e+00
9.917799999999999727e+02 5.524500000000000455e+02 6.500000000000000000e+01 3.000000000000000000e+01 0.000000000000000000e+00
1.025349999999999909e+03 5.519099999999999682e+02 6.800000000000000000e+01 3.000000000000000000e+01 0.000000000000000000e+00
5.057200000000000273e+02 5.835000000000000000e+02 2.450000000000000000e+01 2.700000000000000000e+01 -1.200000000000000000e+01
7.212999999999999545e+02 5.833099999999999454e+02 4.350000000000000000e+01 2.700000000000000000e+01 -1.200000000000000000e+01
4.640299999999999727e+02 5.855000000000000000e+02 2.000000000000000000e+01 2.700000000000000000e+01 -6.000000000000000000e+00
5.686799999999999500e+02 5.854500000000000455e+02 2.900000000000000000e+01 2.700000000000000000e+01 -6.000000000000000000e+00
6.829600000000000364e+02 5.853400000000000318e+02 3.900000000000000000e+01 2.700000000000000000e+01 -6.000000000000000000e+00
7.851299999999999955e+02 5.852699999999999818e+02 4.800000000000000000e+01 2.700000000000000000e+01 -6.000000000000000000e+00
1.025190000000000055e+03 5.867599999999999909e+02 6.800000000000000000e+01 2.700000000000000000e+01 0.000000000000000000e+00
2.383000000000000114e+02 5.878099999999999454e+02 0.000000000000000000e+00 2.700000000000000000e+01 0.000000000000000000e+00
3.455699999999999932e+02 5.876100000000000136e+02 9.000000000000000000e+00 2.700000000000000000e+01 0.000000000000000000e+00
3.810600000000000023e+02 5.877500000000000000e+02 1.200000000000000000e+01 2.700000000000000000e+01 0.000000000000000000e+00
4.162799999999999727e+02 5.874700000000000273e+02 1.500000000000000000e+01 2.700000000000000000e+01 0.000000000000000000e+00
6.380499999999999545e+02 5.873400000000000318e+02 3.400000000000000000e+01 2.700000000000000000e+01 0.000000000000000000e+00
8.559500000000000455e+02 5.869500000000000455e+02 5.300000000000000000e+01 2.700000000000000000e+01 0.000000000000000000e+00
8.900700000000000500e+02 5.871399999999999864e+02 5.600000000000000000e+01 2.700000000000000000e+01 0.000000000000000000e+00
9.237000000000000455e+02 5.868799999999999955e+02 5.900000000000000000e+01 2.700000000000000000e+01 0.000000000000000000e+00
9.572999999999999545e+02 5.871699999999999591e+02 6.200000000000000000e+01 2.700000000000000000e+01 0.000000000000000000e+00
9.914400000000000546e+02 5.870900000000000318e+02 6.500000000000000000e+01 2.700000000000000000e+01 0.000000000000000000e+00
2.741200000000000045e+02 5.881000000000000227e+02 3.000000000000000000e+00 2.700000000000000000e+01 0.000000000000000000e+00
3.099200000000000159e+02 5.877899999999999636e+02 6.000000000000000000e+00 2.700000000000000000e+01 0.000000000000000000e+00
7.209500000000000455e+02 6.180000000000000000e+02 4.350000000000000000e+01 2.400000000000000000e+01 -1.200000000000000000e+01
5.054399999999999977e+02 6.185000000000000000e+02 2.450000000000000000e+01 2.400000000000000000e+01 -1.200000000000000000e+01
4.641600000000000250e+02 6.210199999999999818e+02 2.000000000000000000e+01 2.400000000000000000e+01 -6.000000000000000000e+00
5.681599999999999682e+02 6.205700000000000500e+02 2.900000000000000000e+01 2.400000000000000000e+01 -6.000000000000000000e+00
6.824299999999999500e+02 6.205099999999999909e+02 3.900000000000000000e+01 2.400000000000000000e+01 -6.000000000000000000e+00
7.848899999999999864e+02 6.202899999999999636e+02 4.800000000000000000e+01 2.400000000000000000e+01 -6.000000000000000000e+00
8.895099999999999909e+02 6.223300000000000409e+02 5.600000000000000000e+01 2.400000000000000000e+01 0.000000000000000000e+00
9.232300000000000182e+02 6.221900000000000546e+02 5.900000000000000000e+01 2.400000000000000000e+01 0.000000000000000000e+00
9.574600000000000364e+02 6.221100000000000136e+02 6.200000000000000000e+01 2.400000000000000000e+01 0.000000000000000000e+00
9.910900000000000318e+02 6.223500000000000227e+02 6.500000000000000000e+01 2.400000000000000000e+01 0.000000000000000000e+00
1.024789999999999964e+03 6.221100000000000136e+02 6.800000000000000000e+01 2.400000000000000000e+01 0.000000000000000000e+00
2.380800000000000125e+02 6.237000000000000455e+02 0.000000000000000000e+00 2.400000000000000000e+01 0.000000000000000000e+00
3.097599999999999909e+02 6.235499999999999545e+02 6.000000000000000000e+00 2.400000000000000000e+01 0.000000000000000000e+00
3.449100000000000250e+02 6.232400000000000091e+02 9.000000000000000000e+00 2.400000000000000000e+01 0.000000000000000000e+00
3.804700000000000273e+02 6.235800000000000409e+02 1.200000000000000000e+01 2.400000000000000000e+01 0.000000000000000000e+00
4.158100000000000023e+02 6.231699999999999591e+02 1.500000000000000000e+01 2.400000000000000000e+01 0.000000000000000000e+00
6.376900000000000546e+02 6.228999999999999773e+02 3.400000000000000000e+01 2.400000000000000000e+01 0.000000000000000000e+00
8.554400000000000546e+02 6.226000000000000227e+02 5.300000000000000000e+01 2.400000000000000000e+01 0.000000000000000000e+00
2.737699999999999818e+02 6.240800000000000409e+02 3.000000000000000000e+00 2.400000000000000000e+01 0.000000000000000000e+00
5.053700000000000045e+02 6.532500000000000000e+02 2.450000000000000000e+01 2.100000000000000000e+01 -1.200000000000000000e+01
7.208400000000000318e+02 6.524400000000000546e+02 4.350000000000000000e+01 2.100000000000000000e+01 -1.200000000000000000e+01
6.823899999999999864e+02 6.554400000000000546e+02 3.900000000000000000e+01 2.100000000000000000e+01 -6.000000000000000000e+00
7.845800000000000409e+02 6.550299999999999727e+02 4.800000000000000000e+01 2.100000000000000000e+01 -6.000000000000000000e+00
4.637500000000000000e+02 6.562999999999999545e+02 2.000000000000000000e+01 2.100000000000000000e+01 -6.000000000000000000e+00
5.677999999999999545e+02 6.556499999999999773e+02 2.900000000000000000e+01 2.100000000000000000e+01 -6.000000000000000000e+00
9.232200000000000273e+02 6.572300000000000182e+02 5.900000000000000000e+01 2.100000000000000000e+01 0.000000000000000000e+00
9.569500000000000455e+02 6.573700000000000045e+02 6.200000000000000000e+01 2.100000000000000000e+01 0.000000000000000000e+00
9.908700000000000045e+02 6.570499999999999545e+02 6.500000000000000000e+01 2.100000000000000000e+01 0.000000000000000000e+00
1.024430000000000064e+03 6.569800000000000182e+02 6.800000000000000000e+01 2.100000000000000000e+01 0.000000000000000000e+00
6.376399999999999864e+02 6.582200000000000273e+02 3.400000000000000000e+01 2.100000000000000000e+01 0.000000000000000000e+00
8.551299999999999955e+02 6.577500000000000000e+02 5.300000000000000000e+01 2.100000000000000000e+01 0.000000000000000000e+00
8.890000000000000000e+02 6.575499999999999545e+02 5.600000000000000000e+01 2.100000000000000000e+01 0.000000000000000000e+00
3.806800000000000068e+02 6.591900000000000546e+02 1.200000000000000000e+01 2.100000000000000000e+01 0.000000000000000000e+00
4.159100000000000250e+02 6.592300000000000182e+02 1.500000000000000000e+01 2.100000000000000000e+01 0.000000000000000000e+00
2.377199999999999989e+02 6.600499999999999545e+02 0.000000000000000000e+00 2.100000000000000000e+01 0.000000000000000000e+00
2.738299999999999841e+02 6.598300000000000409e+02 3.000000000000000000e+00 2.100000000000000000e+01 0.000000000000000000e+00
3.092300000000000182e+02 6.597899999999999636e+02 6.000000000000000000e+00 2.100000000000000000e+01 0.000000000000000000e+00
3.447799999999999727e+02 6.595499999999999545e+02 9.000000000000000000e+00 2.100000000000000000e+01 0.000000000000000000e+00
7.204299999999999500e+02 6.870900000000000318e+02 4.350000000000000000e+01 1.800000000000000000e+01 -1.200000000000000000e+01
5.052900000000000205e+02 6.884299999999999500e+02 2.450000000000000000e+01 1.800000000000000000e+01 -1.200000000000000000e+01
6.820000000000000000e+02 6.904900000000000091e+02 3.900000000000000000e+01 1.800000000000000000e+01 -6.000000000000000000e+00
7.843099999999999454e+02 6.900099999999999909e+02 4.800000000000000000e+01 1.800000000000000000e+01 -6.000000000000000000e+00
5.677500000000000000e+02 6.908099999999999454e+02 2.900000000000000000e+01 1.800000000000000000e+01 -6.000000000000000000e+00
4.637099999999999795e+02 6.915199999999999818e+02 2.000000000000000000e+01 1.800000000000000000e+01 -6.000000000000000000e+00
8.888400000000000318e+02 6.926000000000000227e+02 5.600000000000000000e+01 1.800000000000000000e+01 0.000000000000000000e+00
9.228400000000000318e+02 6.921900000000000546e+02 5.900000000000000000e+01 1.800000000000000000e+01 0.000000000000000000e+00
9.567799999999999727e+02 6.920800000000000409e+02 6.200000000000000000e+01 1.800000000000000000e+01 0.000000000000000000e+00
9.903700000000000045e+02 6.920299999999999727e+02 6.500000000000000000e+01 1.800000000000000000e+01 0.000000000000000000e+00
1.024039999999999964e+03 6.917599999999999909e+02 6.800000000000000000e+01 1.800000000000000000e+01 0.000000000000000000e+00
8.549400000000000546e+02 6.927599999999999909e+02 5.300000000000000000e+01 1.800000000000000000e+01 0.000000000000000000e+00
6.374299999999999500e+02 6.937899999999999636e+02 3.400000000000000000e+01 1.800000000000000000e+01 0.000000000000000000e+00
3.447699999999999818e+02 6.953500000000000227e+02 9.000000000000000000e+00 1.800000000000000000e+01 0.000000000000000000e+00
3.801999999999999886e+02 6.952899999999999636e+02 1.200000000000000000e+01 1.800000000000000000e+01 0.000000000000000000e+00
4.157099999999999795e+02 6.950499999999999545e+02 1.500000000000000000e+01 1.800000000000000000e+01 0.000000000000000000e+00
2.376500000000000057e+02 6.961499999999999773e+02 0.000000000000000000e+00 1.800000000000000000e+01 0.000000000000000000e+00
2.732300000000000182e+02 6.960099999999999909e+02 3.000000000000000000e+00 1.800000000000000000e+01 0.000000000000000000e+00
3.091299999999999955e+02 6.957899999999999636e+02 6.000000000000000000e+00 1.800000000000000000e+01 0.000000000000000000e+00
7.202599999999999909e+02 7.216699999999999591e+02 4.350000000000000000e+01 1.500000000000000000e+01 -1.200000000000000000e+01
5.048399999999999750e+02 7.231200000000000045e+02 2.450000000000000000e+01 1.500000000000000000e+01 -1.200000000000000000e+01
7.840900000000000318e+02 7.244500000000000455e+02 4.800000000000000000e+01 1.500000000000000000e+01 -6.000000000000000000e+00
6.817599999999999909e+02 7.252699999999999818e+02 3.900000000000000000e+01 1.500000000000000000e+01 -6.000000000000000000e+00
5.678899999999999864e+02 7.261299999999999955e+02 2.900000000000000000e+01 1.500000000000000000e+01 -6.000000000000000000e+00
4.634499999999999886e+02 7.268099999999999454e+02 2.000000000000000000e+01 1.500000000000000000e+01 -6.000000000000000000e+00
8.885499999999999545e+02 7.275700000000000500e+02 5.600000000000000000e+01 1.500000000000000000e+01 0.000000000000000000e+00
9.226200000000000045e+02 7.272699999999999818e+02 5.900000000000000000e+01 1.500000000000000000e+01 0.000000000000000000e+00
9.563099999999999454e+02 7.270199999999999818e+02 6.200000000000000000e+01 1.500000000000000000e+01 0.000000000000000000e+00
9.900099999999999909e+02 7.270000000000000000e+02 6.500000000000000000e+01 1.500000000000000000e+01 0.000000000000000000e+00
1.023720000000000027e+03 7.266799999999999500e+02 6.800000000000000000e+01 1.500000000000000000e+01 0.000000000000000000e+00
8.547100000000000364e+02 7.279199999999999591e+02 5.300000000000000000e+01 1.500000000000000000e+01 0.000000000000000000e+00
6.370000000000000000e+02 7.292100000000000364e+02 3.400000000000000000e+01 1.500000000000000000e+01 0.000000000000000000e+00
3.444399999999999977e+02 7.313300000000000409e+02 9.000000000000000000e+00 1.500000000000000000e+01 0.000000000000000000e+00
3.800500000000000114e+02 7.311000000000000227e+02 1.200000000000000000e+01 1.500000000000000000e+01 0.000000000000000000e+00
4.155699999999999932e+02 7.309299999999999500e+02 1.500000000000000000e+01 1.500000000000000000e+01 0.000000000000000000e+00
2.373600000000000136e+02 7.322300000000000182e+02 0.000000000000000000e+00 1.500000000000000000e+01 0.000000000000000000e+00
2.730699999999999932e+02 7.318600000000000136e+02 3.000000000000000000e+00 1.500000000000000000e+01 0.000000000000000000e+00
3.089599999999999795e+02 7.317799999999999727e+02 6.000000000000000000e+00 1.500000000000000000e+01 0.000000000000000000e+00
7.198999999999999773e+02 7.561299999999999955e+02 4.350000000000000000e+01 1.200000000000000000e+01 -1.200000000000000000e+01
5.045000000000000000e+02 7.578099999999999454e+02 2.450000000000000000e+01 1.200000000000000000e+01 -1.200000000000000000e+01
6.817500000000000000e+02 7.604099999999999682e+02 3.900000000000000000e+01 1.200000000000000000e+01 -6.000000000000000000e+00
7.839400000000000546e+02 7.595800000000000409e+02 4.800000000000000000e+01 1.200000000000000000e+01 -6.000000000000000000e+00
5.670099999999999909e+02 7.611900000000000546e+02 2.900000000000000000e+01 1.200000000000000000e+01 -6.000000000000000000e+00
1.023470000000000027e+03 7.615099999999999909e+02 6.800000000000000000e+01 1.200000000000000000e+01 0.000000000000000000e+00
4.631499999999999773e+02 7.622300000000000182e+02 2.000000000000000000e+01 1.200000000000000000e+01 -6.000000000000000000e+00
9.222200000000000273e+02 7.623899999999999864e+02 5.900000000000000000e+01 1.200000000000000000e+01 0.000000000000000000e+00
9.559500000000000455e+02 7.620900000000000318e+02 6.200000000000000000e+01 1.200000000000000000e+01 0.000000000000000000e+00
9.899800000000000182e+02 7.618200000000000500e+02 6.500000000000000000e+01 1.200000000000000000e+01 0.000000000000000000e+00
8.542200000000000273e+02 7.629400000000000546e+02 5.300000000000000000e+01 1.200000000000000000e+01 0.000000000000000000e+00
8.882599999999999909e+02 7.627500000000000000e+02 5.600000000000000000e+01 1.200000000000000000e+01 0.000000000000000000e+00
6.370700000000000500e+02 7.645399999999999636e+02 3.400000000000000000e+01 1.200000000000000000e+01 0.000000000000000000e+00
4.151899999999999977e+02 7.666399999999999864e+02 1.500000000000000000e+01 1.200000000000000000e+01 0.000000000000000000e+00
3.088700000000000045e+02 7.675599999999999454e+02 6.000000000000000000e+00 1.200000000000000000e+01 0.000000000000000000e+00
3.446299999999999955e+02 7.671200000000000045e+02 9.000000000000000000e+00 1.200000000000000000e+01 0.000000000000000000e+00
3.798799999999999955e+02 7.669299999999999500e+02 1.200000000000000000e+01 1.200000000000000000e+01 0.000000000000000000e+00
2.371899999999999977e+02 7.681699999999999591e+02 0.000000000000000000e+00 1.200000000000000000e+01 0.000000000000000000e+00
2.728899999999999864e+02 7.679400000000000546e+02 3.000000000000000000e+00 1.200000000000000000e+01 0.000000000000000000e+00
7.196599999999999682e+02 7.908500000000000227e+02 4.350000000000000000e+01 9.000000000000000000e+00 -1.200000000000000000e+01
5.043299999999999841e+02 7.928600000000000136e+02 2.450000000000000000e+01 9.000000000000000000e+00 -1.200000000000000000e+01
7.833700000000000045e+02 7.944299999999999500e+02 4.800000000000000000e+01 9.000000000000000000e+00 -6.000000000000000000e+00
6.814299999999999500e+02 7.952400000000000091e+02 3.900000000000000000e+01 9.000000000000000000e+00 -6.000000000000000000e+00
9.557100000000000364e+02 7.969299999999999500e+02 6.200000000000000000e+01 9.000000000000000000e+00 0.000000000000000000e+00
9.895800000000000409e+02 7.965800000000000409e+02 6.500000000000000000e+01 9.000000000000000000e+00 0.000000000000000000e+00
1.023210000000000036e+03 7.962999999999999545e+02 6.800000000000000000e+01 9.000000000000000000e+00 0.000000000000000000e+00
4.629700000000000273e+02 7.973999999999999773e+02 2.000000000000000000e+01 9.000000000000000000e+00 -6.000000000000000000e+00
5.666900000000000546e+02 7.964199999999999591e+02 2.900000000000000000e+01 9.000000000000000000e+00 -6.000000000000000000e+00
8.881200000000000045e+02 7.976200000000000045e+02 5.600000000000000000e+01 9.000000000000000000e+00 0.000000000000000000e+00
9.220700000000000500e+02 7.972699999999999818e+02 5.900000000000000000e+01 9.000000000000000000e+00 0.000000000000000000e+00
8.542999999999999545e+02 7.981699999999999591e+02 5.300000000000000000e+01 9.000000000000000000e+00 0.000000000000000000e+00
6.367200000000000273e+02 7.999900000000000091e+02 3.400000000000000000e+01 9.000000000000000000e+00 0.000000000000000000e+00
4.149399999999999977e+02 8.022999999999999545e+02 1.500000000000000000e+01 9.000000000000000000e+00 0.000000000000000000e+00
3.084900000000000091e+02 8.034400000000000546e+02 6.000000000000000000e+00 9.000000000000000000e+00 0.000000000000000000e+00
3.441299999999999955e+02 8.031599999999999682e+02 9.000000000000000000e+00 9.000000000000000000e+00 0.000000000000000000e+00
3.797500000000000000e+02 8.028500000000000227e+02 1.200000000000000000e+01 9.000000000000000000e+00 0.000000000000000000e+00
2.369099999999999966e+02 8.041900000000000546e+02 0.000000000000000000e+00 9.000000000000000000e+00 0.000000000000000000e+00
2.727900000000000205e+02 8.039900000000000091e+02 3.000000000000000000e+00 9.000000000000000000e+00 0.000000000000000000e+00
7.195299999999999727e+02 8.251900000000000546e+02 4.350000000000000000e+01 6.000000000000000000e+00 -1.200000000000000000e+01
5.040500000000000114e+02 8.278999999999999773e+02 2.450000000000000000e+01 6.000000000000000000e+00 -1.200000000000000000e+01
7.832500000000000000e+02 8.292500000000000000e+02 4.800000000000000000e+01 6.000000000000000000e+00 -6.000000000000000000e+00
6.811399999999999864e+02 8.303200000000000500e+02 3.900000000000000000e+01 6.000000000000000000e+00 -6.000000000000000000e+00
9.892100000000000364e+02 8.315299999999999727e+02 6.500000000000000000e+01 6.000000000000000000e+00 0.000000000000000000e+00
1.022860000000000014e+03 8.311299999999999955e+02 6.800000000000000000e+01 6.000000000000000000e+00 0.000000000000000000e+00
5.669500000000000455e+02 8.316100000000000136e+02 2.900000000000000000e+01 6.000000000000000000e+00 -6.000000000000000000e+00
8.878400000000000318e+02 8.326100000000000136e+02 5.600000000000000000e+01 6.000000000000000000e+00 0.000000000000000000e+00
9.216900000000000546e+02 8.322200000000000273e+02 5.900000000000000000e+01 6.000000000000000000e+00 0.000000000000000000e+00
9.554199999999999591e+02 8.319199999999999591e+02 6.200000000000000000e+01 6.000000000000000000e+00 0.000000000000000000e+00
4.628000000000000114e+02 8.328099999999999454e+02 2.000000000000000000e+01 6.000000000000000000e+00 -6.000000000000000000e+00
8.539099999999999682e+02 8.330900000000000318e+02 5.300000000000000000e+01 6.000000000000000000e+00 0.000000000000000000e+00
6.363899999999999864e+02 8.353200000000000500e+02 3.400000000000000000e+01 6.000000000000000000e+00 0.000000000000000000e+00
4.147699999999999818e+02 8.381100000000000136e+02 1.500000000000000000e+01 6.000000000000000000e+00 0.000000000000000000e+00
3.082799999999999727e+02 8.393799999999999955e+02 6.000000000000000000e+00 6.000000000000000000e+00 0.000000000000000000e+00
3.438600000000000136e+02 8.389500000000000455e+02 9.000000000000000000e+00 6.000000000000000000e+00 0.000000000000000000e+00
3.790899999999999750e+02 8.385000000000000000e+02 1.200000000000000000e+01 6.000000000000000000e+00 0.000000000000000000e+00
2.725600000000000023e+02 8.399600000000000364e+02 3.000000000000000000e+00 6.000000000000000000e+00 0.000000000000000000e+00
7.193200000000000500e+02 8.597799999999999727e+02 4.350000000000000000e+01 3.000000000000000000e+00 -1.200000000000000000e+01
5.039499999999999886e+02 8.625299999999999727e+02 2.450000000000000000e+01 3.000000000000000000e+00 -1.200000000000000000e+01
7.829700000000000273e+02 8.638600000000000136e+02 4.800000000000000000e+01 3.000000000000000000e+00 -6.000000000000000000e+00
6.808200000000000500e+02 8.654600000000000364e+02 3.900000000000000000e+01 3.000000000000000000e+00 -6.000000000000000000e+00
9.890000000000000000e+02 8.664600000000000364e+02 6.500000000000000000e+01 3.000000000000000000e+00 0.000000000000000000e+00
1.022700000000000045e+03 8.659299999999999500e+02 6.800000000000000000e+01 3.000000000000000000e+00 0.000000000000000000e+00
5.665800000000000409e+02 8.666699999999999591e+02 2.900000000000000000e+01 3.000000000000000000e+00 -6.000000000000000000e+00
8.877999999999999545e+02 8.675900000000000318e+02 5.600000000000000000e+01 3.000000000000000000e+00 0.000000000000000000e+00
9.215599999999999454e+02 8.671499999999999773e+02 5.900000000000000000e+01 3.000000000000000000e+00 0.000000000000000000e+00
9.553300000000000409e+02 8.668700000000000045e+02 6.200000000000000000e+01 3.000000000000000000e+00 0.000000000000000000e+00
4.625899999999999750e+02 8.680199999999999818e+02 2.000000000000000000e+01 3.000000000000000000e+00 -6.000000000000000000e+00
8.535800000000000409e+02 8.679900000000000091e+02 5.300000000000000000e+01 3.000000000000000000e+00 0.000000000000000000e+00
6.361200000000000045e+02 8.708500000000000227e+02 3.400000000000000000e+01 3.000000000000000000e+00 0.000000000000000000e+00
3.791800000000000068e+02 8.741900000000000546e+02 1.200000000000000000e+01 3.000000000000000000e+00 0.000000000000000000e+00
4.146399999999999864e+02 8.738500000000000227e+02 1.500000000000000000e+01 3.000000000000000000e+00 0.000000000000000000e+00
3.081399999999999864e+02 8.753099999999999454e+02 6.000000000000000000e+00 3.000000000000000000e+00 0.000000000000000000e+00
3.437300000000000182e+02 8.748899999999999864e+02 9.000000000000000000e+00 3.000000000000000000e+00 0.000000000000000000e+00
2.365999999999999943e+02 8.762300000000000182e+02 0.000000000000000000e+00 3.000000000000000000e+00 0.000000000000000000e+00
2.726800000000000068e+02 8.759199999999999591e+02 3.000000000000000000e+00 3.000000000000000000e+00 0.000000000000000000e+00
7.189800000000000182e+02 8.942799999999999727e+02 4.350000000000000000e+01 0.000000000000000000e+00 -1.200000000000000000e+01
5.038899999999999864e+02 8.971599999999999682e+02 2.450000000000000000e+01 0.000000000000000000e+00 -1.200000000000000000e+01
7.827699999999999818e+02 8.985800000000000409e+02 4.800000000000000000e+01 0.000000000000000000e+00 -6.000000000000000000e+00
6.804199999999999591e+02 9.001000000000000227e+02 3.900000000000000000e+01 0.000000000000000000e+00 -6.000000000000000000e+00
9.549700000000000273e+02 9.016299999999999955e+02 6.200000000000000000e+01 0.000000000000000000e+00 0.000000000000000000e+00
9.886200000000000045e+02 9.012100000000000364e+02 6.500000000000000000e+01 0.000000000000000000e+00 0.000000000000000000e+00
1.022309999999999945e+03 9.008899999999999864e+02 6.800000000000000000e+01 0.000000000000000000e+00 0.000000000000000000e+00
5.659800000000000182e+02 9.013899999999999864e+02 2.900000000000000000e+01 0.000000000000000000e+00 -6.000000000000000000e+00
9.210099999999999909e+02 9.022300000000000182e+02 5.900000000000000000e+01 0.000000000000000000e+00 0.000000000000000000e+00
8.532500000000000000e+02 9.031100000000000136e+02 5.300000000000000000e+01 0.000000000000000000e+00 0.000000000000000000e+00
8.872200000000000273e+02 9.027200000000000273e+02 5.600000000000000000e+01 0.000000000000000000e+00 0.000000000000000000e+00
4.623500000000000227e+02 9.035800000000000409e+02 2.000000000000000000e+01 0.000000000000000000e+00 -6.000000000000000000e+00
6.359700000000000273e+02 9.062999999999999545e+02 3.400000000000000000e+01 0.000000000000000000e+00 0.000000000000000000e+00
4.143000000000000114e+02 9.094700000000000273e+02 1.500000000000000000e+01 0.000000000000000000e+00 0.000000000000000000e+00
3.789399999999999977e+02 9.101299999999999955e+02 1.200000000000000000e+01 0.000000000000000000e+00 0.000000000000000000e+00
3.079700000000000273e+02 9.112899999999999636e+02 6.000000000000000000e+00 0.000000000000000000e+00 0.000000000000000000e+00
3.435099999999999909e+02 9.108300000000000409e+02 9.000000000000000000e+00 0.000000000000000000e+00 0.000000000000000000e+00
4.861399999999999864e+02 9.101399999999999864e+02 2.450000000000000000e+01 0.000000000000000000e+00 -1.200000000000000000e+01
2.363000000000000114e+02 9.123600000000000136e+02 0.000000000000000000e+00 0.000000000000000000e+00 0.000000000000000000e+00
2.721999999999999886e+02 9.119600000000000364e+02 3.000000000000000000e+00 0.000000000000000000e+00 0.000000000000000000e+00
