1.050210000000000036e+03 8.970000000000000284e+01 6.800000000000000000e+01 6.600000000000000000e+01 0.000000000000000000e+00
9.808099999999999454e+02 9.110999999999999943e+01 6.200000000000000000e+01 6.600000000000000000e+01 0.000000000000000000e+00
1.016000000000000000e+03 9.056000000000000227e+01 6.500000000000000000e+01 6.600000000000000000e+01 0.000000000000000000e+00
9.118400000000000318e+02 9.181999999999999318e+01 5.600000000000000000e+01 6.600000000000000000e+01 0.000000000000000000e+00
9.464800000000000182e+02 9.175000000000000000e+01 5.900000000000000000e+01 6.600000000000000000e+01 0.000000000000000000e+00
8.776499999999999773e+02 9.289000000000000057e+01 5.300000000000000000e+01 6.600000000000000000e+01 0.000000000000000000e+00
6.628200000000000500e+02 9.485999999999999943e+01 3.400000000000000000e+01 6.600000000000000000e+01 0.000000000000000000e+00
7.301000000000000227e+02 9.745999999999999375e+01 3.900000000000000000e+01 6.600000000000000000e+01 -6.000000000000000000e+00
8.310800000000000409e+02 9.679999999999999716e+01 4.800000000000000000e+01 6.600000000000000000e+01 -6.000000000000000000e+00
3.862500000000000000e+02 9.826999999999999602e+01 9.000000000000000000e+00 6.600000000000000000e+01 0.000000000000000000e+00
4.520799999999999841e+02 9.859999999999999432e+01 1.500000000000000000e+01 6.600000000000000000e+01 0.000000000000000000e+00
3.209499999999999886e+02 9.889000000000000057e+01 3.000000000000000000e+00 6.600000000000000000e+01 0.000000000000000000e+00
3.537300000000000182e+02 9.887999999999999545e+01 6.000000000000000000e+00 6.600000000000000000e+01 0.000000000000000000e+00
4.194100000000000250e+02 9.881000000000000227e+01 1.200000000000000000e+01 6.600000000000000000e+01 0.000000000000000000e+00
2.883999999999999773e+02 9.995999999999999375e+01 0.000000000000000000e+00 6.600000000000000000e+01 0.000000000000000000e+00
5.201900000000000546e+02 9.996999999999999886e+01 2.000000000000000000e+01 6.600000000000000000e+01 -6.000000000000000000e+00
6.193999999999999773e+02 9.943000000000000682e+01 2.900000000000000000e+01 6.600000000000000000e+01 -6.000000000000000000e+00
7.907500000000000000e+02 1.009500000000000028e+02 4.350000000000000000e+01 6.600000000000000000e+01 -1.200000000000000000e+01
5.820700000000000500e+02 1.032500000000000000e+02 2.450000000000000000e+01 6.600000000000000000e+01 -1.200000000000000000e+01
1.050190000000000055e+03 1.250900000000000034e+02 6.800000000000000000e+01 6.300000000000000000e+01 0.000000000000000000e+00
1.015679999999999950e+03 1.262699999999999960e+02 6.500000000000000000e+01 6.300000000000000000e+01 0.000000000000000000e+00
9.117599999999999909e+02 1.274200000000000017e+02 5.600000000000000000e+01 6.300000000000000000e+01 0.000000000000000000e+00
9.462000000000000455e+02 1.266500000000000057e+02 5.900000000000000000e+01 6.300000000000000000e+01 0.000000000000000000e+00
9.805099999999999909e+02 1.258900000000000006e+02 6.200000000000000000e+01 6.300000000000000000e+01 0.000000000000000000e+00
8.773300000000000409e+02 1.275400000000000063e+02 5.300000000000000000e+01 6.300000000000000000e+01 0.000000000000000000e+00
6.627200000000000273e+02 1.294300000000000068e+02 3.400000000000000000e+01 6.300000000000000000e+01 0.000000000000000000e+00
7.300800000000000409e+02 1.319699999999999989e+02 3.900000000000000000e+01 6.300000000000000000e+01 -6.000000000000000000e+00
8.310800000000000409e+02 1.315099999999999909e+02 4.800000000000000000e+01 6.300000000000000000e+01 -6.000000000000000000e+00
3.208999999999999773e+02 1.333000000000000114e+02 3.000000000000000000e+00 6.300000000000000000e+01 0.000000000000000000e+00
3.538100000000000023e+02 1.330300000000000011e+02 6.000000000000000000e+00 6.300000000000000000e+01 0.000000000000000000e+00
3.861000000000000227e+02 1.330600000000000023e+02 9.000000000000000000e+00 6.300000000000000000e+01 0.000000000000000000e+00
4.191200000000000045e+02 1.328199999999999932e+02 1.200000000000000000e+01 6.300000000000000000e+01 0.000000000000000000e+00
4.518399999999999750e+02 1.329600000000000080e+02 1.500000000000000000e+01 6.300000000000000000e+01 0.000000000000000000e+00
2.882200000000000273e+02 1.334300000000000068e+02 0.000000000000000000e+00 6.300000000000000000e+01 0.000000000000000000e+00
5.203799999999999955e+02 1.339600000000000080e+02 2.000000000000000000e+01 6.300000000000000000e+01 -6.000000000000000000e+00
6.192000000000000455e+02 1.338499999999999943e+02 2.900000000000000000e+01 6.300000000000000000e+01 -6.000000000000000000e+00
7.910199999999999818e+02 1.352199999999999989e+02 4.350000000000000000e+01 6.300000000000000000e+01 -1.200000000000000000e+01
5.823700000000000045e+02 1.369799999999999898e+02 2.450000000000000000e+01 6.300000000000000000e+01 -1.200000000000000000e+01
9.804500000000000455e+02 1.610800000000000125e+02 6.200000000000000000e+01 6.000000000000000000e+01 0.000000000000000000e+00
1.015399999999999977e+03 1.608600000000000136e+02 6.500000000000000000e+01 6.000000000000000000e+01 0.000000000000000000e+00
1.050069999999999936e+03 1.606999999999999886e+02 6.800000000000000000e+01 6.000000000000000000e+01 0.000000000000000000e+00
9.120399999999999636e+02 1.618499999999999943e+02 5.600000000000000000e+01 6.000000000000000000e+01 0.000000000000000000e+00
9.460299999999999727e+02 1.616299999999999955e+02 5.900000000000000000e+01 6.000000000000000000e+01 0.000000000000000000e+00
8.777300000000000182e+02 1.623700000000000045e+02 5.300000000000000000e+01 6.000000000000000000e+01 0.000000000000000000e+00
6.624700000000000273e+02 1.641699999999999875e+02 3.400000000000000000e+01 6.000000000000000000e+01 0.000000000000000000e+00
4.520000000000000000e+02 1.660399999999999920e+02 1.500000000000000000e+01 6.000000000000000000e+01 0.000000000000000000e+00
8.312500000000000000e+02 1.657700000000000102e+02 4.800000000000000000e+01 6.000000000000000000e+01 -6.000000000000000000e+00
3.209100000000000250e+02 1.671699999999999875e+02 3.000000000000000000e+00 6.000000000000000000e+01 0.000000000000000000e+00
3.534700000000000273e+02 1.667400000000000091e+02 6.000000000000000000e+00 6.000000000000000000e+01 0.000000000000000000e+00
3.861899999999999977e+02 1.672700000000000102e+02 9.000000000000000000e+00 6.000000000000000000e+01 0.000000000000000000e+00
4.188299999999999841e+02 1.667400000000000091e+02 1.200000000000000000e+01 6.000000000000000000e+01 0.000000000000000000e+00
7.299900000000000091e+02 1.665600000000000023e+02 3.900000000000000000e+01 6.000000000000000000e+01 -6.000000000000000000e+00
6.191200000000000045e+02 1.675300000000000011e+02 2.900000000000000000e+01 6.000000000000000000e+01 -6.000000000000000000e+00
2.885699999999999932e+02 1.686299999999999955e+02 0.000000000000000000e+00 6.000000000000000000e+01 0.000000000000000000e+00
5.194700000000000273e+02 1.685900000000000034e+02 2.000000000000000000e+01 6.000000000000000000e+01 -6.000000000000000000e+00
7.908600000000000136e+02 1.695200000000000102e+02 4.350000000000000000e+01 6.000000000000000000e+01 -1.200000000000000000e+01
5.822400000000000091e+02 1.707400000000000091e+02 2.450000000000000000e+01 6.000000000000000000e+01 -1.200000000000000000e+01
1.015350000000000023e+03 1.960300000000000011e+02 6.500000000000000000e+01 5.700000000000000000e+01 0.000000000000000000e+00
1.050000000000000000e+03 1.955200000000000102e+02 6.800000000000000000e+01 5.700000000000000000e+01 0.000000000000000000e+00
8.773099999999999454e+02 1.973000000000000114e+02 5.300000000000000000e+01 5.700000000000000000e+01 0.000000000000000000e+00
9.115700000000000500e+02 1.971100000000000136e+02 5.600000000000000000e+01 5.700000000000000000e+01 0.000000000000000000e+00
9.459500000000000455e+02 1.965999999999999943e+02 5.900000000000000000e+01 5.700000000000000000e+01 0.000000000000000000e+00
9.807599999999999909e+02 1.965500000000000114e+02 6.200000000000000000e+01 5.700000000000000000e+01 0.000000000000000000e+00
6.626000000000000227e+02 1.984000000000000057e+02 3.400000000000000000e+01 5.700000000000000000e+01 0.000000000000000000e+00
3.209300000000000068e+02 2.007599999999999909e+02 3.000000000000000000e+00 5.700000000000000000e+01 0.000000000000000000e+00
4.188700000000000045e+02 2.010600000000000023e+02 1.200000000000000000e+01 5.700000000000000000e+01 0.000000000000000000e+00
4.522699999999999818e+02 2.015200000000000102e+02 1.500000000000000000e+01 5.700000000000000000e+01 0.000000000000000000e+00
8.305900000000000318e+02 2.002400000000000091e+02 4.800000000000000000e+01 5.700000000000000000e+01 -6.000000000000000000e+00
2.886200000000000045e+02 2.023300000000000125e+02 0.000000000000000000e+00 5.700000000000000000e+01 0.000000000000000000e+00
3.534900000000000091e+02 2.013000000000000114e+02 6.000000000000000000e+00 5.700000000000000000e+01 0.000000000000000000e+00
3.861200000000000045e+02 2.011100000000000136e+02 9.000000000000000000e+00 5.700000000000000000e+01 0.000000000000000000e+00
6.189600000000000364e+02 2.018100000000000023e+02 2.900000000000000000e+01 5.700000000000000000e+01 -6.000000000000000000e+00
7.298600000000000136e+02 2.013100000000000023e+02 3.900000000000000000e+01 5.700000000000000000e+01 -6.000000000000000000e+00
5.197899999999999636e+02 2.028100000000000023e+02 2.000000000000000000e+01 5.700000000000000000e+01 -6.000000000000000000e+00
7.910099999999999909e+02 2.035000000000000000e+02 4.350000000000000000e+01 5.700000000000000000e+01 -1.200000000000000000e+01
9.114900000000000091e+02 2.314099999999999966e+02 5.600000000000000000e+01 5.400000000000000000e+01 0.000000000000000000e+00
8.775199999999999818e+02 2.321299999999999955e+02 5.300000000000000000e+01 5.400000000000000000e+01 0.000000000000000000e+00
9.459099999999999682e+02 2.317500000000000000e+02 5.900000000000000000e+01 5.400000000000000000e+01 0.000000000000000000e+00
9.803400000000000318e+02 2.314300000000000068e+02 6.200000000000000000e+01 5.400000000000000000e+01 0.000000000000000000e+00
1.015059999999999945e+03 2.316399999999999864e+02 6.500000000000000000e+01 5.400000000000000000e+01 0.000000000000000000e+00
3.861499999999999773e+02 2.344300000000000068e+02 9.000000000000000000e+00 5.400000000000000000e+01 0.000000000000000000e+00
6.626100000000000136e+02 2.335200000000000102e+02 3.400000000000000000e+01 5.400000000000000000e+01 0.000000000000000000e+00
3.534800000000000182e+02 2.352199999999999989e+02 6.000000000000000000e+00 5.400000000000000000e+01 0.000000000000000000e+00
4.519900000000000091e+02 2.355200000000000102e+02 1.500000000000000000e+01 5.400000000000000000e+01 0.000000000000000000e+00
8.304299999999999500e+02 2.350000000000000000e+02 4.800000000000000000e+01 5.400000000000000000e+01 -6.000000000000000000e+00
2.886800000000000068e+02 2.364399999999999977e+02 0.000000000000000000e+00 5.400000000000000000e+01 0.000000000000000000e+00
3.209800000000000182e+02 2.365500000000000114e+02 3.000000000000000000e+00 5.400000000000000000e+01 0.000000000000000000e+00
4.191700000000000159e+02 2.358000000000000114e+02 1.200000000000000000e+01 5.400000000000000000e+01 0.000000000000000000e+00
6.193099999999999454e+02 2.358600000000000136e+02 2.900000000000000000e+01 5.400000000000000000e+01 -6.000000000000000000e+00
7.299500000000000455e+02 2.354499999999999886e+02 3.900000000000000000e+01 5.400000000000000000e+01 -6.000000000000000000e+00
5.201699999999999591e+02 2.363400000000000034e+02 2.000000000000000000e+01 5.400000000000000000e+01 -6.000000000000000000e+00
7.906900000000000546e+02 2.370600000000000023e+02 4.350000000000000000e+01 5.400000000000000000e+01 -1.200000000000000000e+01
5.818999999999999773e+02 2.379600000000000080e+02 2.450000000000000000e+01 5.400000000000000000e+01 -1.200000000000000000e+01
9.802599999999999909e+02 2.663999999999999773e+02 6.200000000000000000e+01 5.100000000000000000e+01 0.000000000000000000e+00
1.014889999999999986e+03 2.663500000000000227e+02 6.500000000000000000e+01 5.100000000000000000e+01 0.000000000000000000e+00
8.770900000000000318e+02 2.670299999999999727e+02 5.300000000000000000e+01 5.100000000000000000e+01 0.000000000000000000e+00
9.117699999999999818e+02 2.667200000000000273e+02 5.600000000000000000e+01 5.100000000000000000e+01 0.000000000000000000e+00
9.457400000000000091e+02 2.666499999999999773e+02 5.900000000000000000e+01 5.100000000000000000e+01 0.000000000000000000e+00
6.627799999999999727e+02 2.680099999999999909e+02 3.400000000000000000e+01 5.100000000000000000e+01 0.000000000000000000e+00
3.863000000000000114e+02 2.689200000000000159e+02 9.000000000000000000e+00 5.100000000000000000e+01 0.000000000000000000e+00
4.518500000000000227e+02 2.695600000000000023e+02 1.500000000000000000e+01 5.100000000000000000e+01 0.000000000000000000e+00
8.307999999999999545e+02 2.691299999999999955e+02 4.800000000000000000e+01 5.100000000000000000e+01 -6.000000000000000000e+00
2.884599999999999795e+02 2.697200000000000273e+02 0.000000000000000000e+00 5.100000000000000000e+01 0.000000000000000000e+00
3.208100000000000023e+02 2.699399999999999977e+02 3.000000000000000000e+00 5.100000000000000000e+01 0.000000000000000000e+00
3.533899999999999864e+02 2.693899999999999864e+02 6.000000000000000000e+00 5.100000000000000000e+01 0.000000000000000000e+00
4.190899999999999750e+02 2.698999999999999773e+02 1.200000000000000000e+01 5.100000000000000000e+01 0.000000000000000000e+00
6.192899999999999636e+02 2.699800000000000182e+02 2.900000000000000000e+01 5.100000000000000000e+01 -6.000000000000000000e+00
7.298600000000000136e+02 2.697699999999999818e+02 3.900000000000000000e+01 5.100000000000000000e+01 -6.000000000000000000e+00
5.204299999999999500e+02 2.703100000000000023e+02 2.000000000000000000e+01 5.100000000000000000e+01 -6.000000000000000000e+00
7.904600000000000364e+02 2.711899999999999977e+02 4.350000000000000000e+01 5.100000000000000000e+01 -1.200000000000000000e+01
5.817000000000000455e+02 2.718399999999999750e+02 2.450000000000000000e+01 5.100000000000000000e+01 -1.200000000000000000e+01
8.763600000000000136e+02 3.017599999999999909e+02 5.300000000000000000e+01 4.800000000000000000e+01 0.000000000000000000e+00
9.114900000000000091e+02 3.016499999999999773e+02 5.600000000000000000e+01 4.800000000000000000e+01 0.000000000000000000e+00
9.456900000000000546e+02 3.014100000000000250e+02 5.900000000000000000e+01 4.800000000000000000e+01 0.000000000000000000e+00
9.800800000000000409e+02 3.014100000000000250e+02 6.200000000000000000e+01 4.800000000000000000e+01 0.000000000000000000e+00
1.014940000000000055e+03 3.018500000000000227e+02 6.500000000000000000e+01 4.800000000000000000e+01 0.000000000000000000e+00
1.049279999999999973e+03 3.013799999999999955e+02 6.800000000000000000e+01 4.800000000000000000e+01 0.000000000000000000e+00
3.534399999999999977e+02 3.027099999999999795e+02 6.000000000000000000e+00 4.800000000000000000e+01 0.000000000000000000e+00
3.862799999999999727e+02 3.035299999999999727e+02 9.000000000000000000e+00 4.800000000000000000e+01 0.000000000000000000e+00
4.520099999999999909e+02 3.032400000000000091e+02 1.500000000000000000e+01 4.800000000000000000e+01 0.000000000000000000e+00
6.621100000000000136e+02 3.023399999999999750e+02 3.400000000000000000e+01 4.800000000000000000e+01 0.000000000000000000e+00
2.886499999999999773e+02 3.043000000000000114e+02 0.000000000000000000e+00 4.800000000000000000e+01 0.000000000000000000e+00
3.208399999999999750e+02 3.042400000000000091e+02 3.000000000000000000e+00 4.800000000000000000e+01 0.000000000000000000e+00
4.187400000000000091e+02 3.039200000000000159e+02 1.200000000000000000e+01 4.800000000000000000e+01 0.000000000000000000e+00
7.297999999999999545e+02 3.040099999999999909e+02 3.900000000000000000e+01 4.800000000000000000e+01 -6.000000000000000000e+00
8.305299999999999727e+02 3.032200000000000273e+02 4.800000000000000000e+01 4.800000000000000000e+01 -6.000000000000000000e+00
5.193899999999999864e+02 3.045600000000000023e+02 2.000000000000000000e+01 4.800000000000000000e+01 -6.000000000000000000e+00
6.190900000000000318e+02 3.042799999999999727e+02 2.900000000000000000e+01 4.800000000000000000e+01 -6.000000000000000000e+00
5.819600000000000364e+02 3.053500000000000227e+02 2.450000000000000000e+01 4.800000000000000000e+01 -1.200000000000000000e+01
7.903999999999999773e+02 3.050799999999999841e+02 4.350000000000000000e+01 4.800000000000000000e+01 -1.200000000000000000e+01
6.622599999999999909e+02 3.364200000000000159e+02 3.400000000000000000e+01 4.500000000000000000e+01 0.000000000000000000e+00
9.116699999999999591e+02 3.363600000000000136e+02 5.600000000000000000e+01 4.500000000000000000e+01 0.000000000000000000e+00
9.804800000000000182e+02 3.362599999999999909e+02 6.200000000000000000e+01 4.500000000000000000e+01 0.000000000000000000e+00
1.050160000000000082e+03 3.361100000000000136e+02 6.800000000000000000e+01 4.500000000000000000e+01 0.000000000000000000e+00
2.886299999999999955e+02 3.376899999999999977e+02 0.000000000000000000e+00 4.500000000000000000e+01 0.000000000000000000e+00
3.212099999999999795e+02 3.373500000000000227e+02 3.000000000000000000e+00 4.500000000000000000e+01 0.000000000000000000e+00
3.533399999999999750e+02 3.367099999999999795e+02 6.000000000000000000e+00 4.500000000000000000e+01 0.000000000000000000e+00
3.863999999999999773e+02 3.374900000000000091e+02 9.000000000000000000e+00 4.500000000000000000e+01 0.000000000000000000e+00
4.521800000000000068e+02 3.375199999999999818e+02 1.500000000000000000e+01 4.500000000000000000e+01 0.000000000000000000e+00
8.770700000000000500e+02 3.369300000000000068e+02 5.300000000000000000e+01 4.500000000000000000e+01 0.000000000000000000e+00
9.455599999999999454e+02 3.369300000000000068e+02 5.900000000000000000e+01 4.500000000000000000e+01 0.000000000000000000e+00
1.014740000000000009e+03 3.363799999999999955e+02 6.500000000000000000e+01 4.500000000000000000e+01 0.000000000000000000e+00
4.190199999999999818e+02 3.373999999999999773e+02 1.200000000000000000e+01 4.500000000000000000e+01 0.000000000000000000e+00
8.304500000000000455e+02 3.380199999999999818e+02 4.800000000000000000e+01 4.500000000000000000e+01 -6.000000000000000000e+00
5.202300000000000182e+02 3.384300000000000068e+02 2.000000000000000000e+01 4.500000000000000000e+01 -6.000000000000000000e+00
6.192400000000000091e+02 3.380400000000000205e+02 2.900000000000000000e+01 4.500000000000000000e+01 -6.000000000000000000e+00
7.298899999999999864e+02 3.383000000000000114e+02 3.900000000000000000e+01 4.500000000000000000e+01 -6.000000000000000000e+00
5.819199999999999591e+02 3.391800000000000068e+02 2.450000000000000000e+01 4.500000000000000000e+01 -1.200000000000000000e+01
7.902100000000000364e+02 3.390500000000000114e+02 4.350000000000000000e+01 4.500000000000000000e+01 -1.200000000000000000e+01
3.207200000000000273e+02 3.713199999999999932e+02 3.000000000000000000e+00 4.200000000000000000e+01 0.000000000000000000e+00
3.535299999999999727e+02 3.711000000000000227e+02 6.000000000000000000e+00 4.200000000000000000e+01 0.000000000000000000e+00
4.521800000000000068e+02 3.715099999999999909e+02 1.500000000000000000e+01 4.200000000000000000e+01 0.000000000000000000e+00
6.621399999999999864e+02 3.708399999999999750e+02 3.400000000000000000e+01 4.200000000000000000e+01 0.000000000000000000e+00
2.886100000000000136e+02 3.717699999999999818e+02 0.000000000000000000e+00 4.200000000000000000e+01 0.000000000000000000e+00
3.861700000000000159e+02 3.716200000000000045e+02 9.000000000000000000e+00 4.200000000000000000e+01 0.000000000000000000e+00
4.190500000000000114e+02 3.716399999999999864e+02 1.200000000000000000e+01 4.200000000000000000e+01 0.000000000000000000e+00
7.297899999999999636e+02 3.720899999999999750e+02 3.900000000000000000e+01 4.200000000000000000e+01 -6.000000000000000000e+00
8.769700000000000273e+02 3.715500000000000114e+02 5.300000000000000000e+01 4.200000000000000000e+01 0.000000000000000000e+00
9.110700000000000500e+02 3.716100000000000136e+02 5.600000000000000000e+01 4.200000000000000000e+01 0.000000000000000000e+00
9.455399999999999636e+02 3.715500000000000114e+02 5.900000000000000000e+01 4.200000000000000000e+01 0.000000000000000000e+00
9.802100000000000364e+02 3.715299999999999727e+02 6.200000000000000000e+01 4.200000000000000000e+01 0.000000000000000000e+00
1.014830000000000041e+03 3.716100000000000136e+02 6.500000000000000000e+01 4.200000000000000000e+01 0.000000000000000000e+00
1.049339999999999918e+03 3.714900000000000091e+02 6.800000000000000000e+01 4.200000000000000000e+01 0.000000000000000000e+00
5.200199999999999818e+02 3.723999999999999773e+02 2.000000000000000000e+01 4.200000000000000000e+01 -6.000000000000000000e+00
5.817799999999999727e+02 3.726399999999999864e+02 2.450000000000000000e+01 4.200000000000000000e+01 -1.200000000000000000e+01
6.190700000000000500e+02 3.720899999999999750e+02 2.900000000000000000e+01 4.200000000000000000e+01 -6.000000000000000000e+00
7.902500000000000000e+02 3.731000000000000227e+02 4.350000000000000000e+01 4.200000000000000000e+01 -1.200000000000000000e+01
8.307999999999999545e+02 3.723899999999999864e+02 4.800000000000000000e+01 4.200000000000000000e+01 -6.000000000000000000e+00
3.205500000000000114e+02 4.046299999999999955e+02 3.000000000000000000e+00 3.900000000000000000e+01 0.000000000000000000e+00
3.531800000000000068e+02 4.048500000000000227e+02 6.000000000000000000e+00 3.900000000000000000e+01 0.000000000000000000e+00
3.862099999999999795e+02 4.055899999999999750e+02 9.000000000000000000e+00 3.900000000000000000e+01 0.000000000000000000e+00
2.881200000000000045e+02 4.053500000000000227e+02 0.000000000000000000e+00 3.900000000000000000e+01 0.000000000000000000e+00
4.188399999999999750e+02 4.056399999999999864e+02 1.200000000000000000e+01 3.900000000000000000e+01 0.000000000000000000e+00
4.517900000000000205e+02 4.058600000000000136e+02 1.500000000000000000e+01 3.900000000000000000e+01 0.000000000000000000e+00
6.618899999999999864e+02 4.059499999999999886e+02 3.400000000000000000e+01 3.900000000000000000e+01 0.000000000000000000e+00
9.455700000000000500e+02 4.063100000000000023e+02 5.900000000000000000e+01 3.900000000000000000e+01 0.000000000000000000e+00
1.014740000000000009e+03 4.063399999999999750e+02 6.500000000000000000e+01 3.900000000000000000e+01 0.000000000000000000e+00
5.199900000000000091e+02 4.063199999999999932e+02 2.000000000000000000e+01 3.900000000000000000e+01 -6.000000000000000000e+00
5.817300000000000182e+02 4.064900000000000091e+02 2.450000000000000000e+01 3.900000000000000000e+01 -1.200000000000000000e+01
6.187599999999999909e+02 4.062200000000000273e+02 2.900000000000000000e+01 3.900000000000000000e+01 -6.000000000000000000e+00
7.296299999999999955e+02 4.067799999999999727e+02 3.900000000000000000e+01 3.900000000000000000e+01 -6.000000000000000000e+00
7.903500000000000227e+02 4.069800000000000182e+02 4.350000000000000000e+01 3.900000000000000000e+01 -1.200000000000000000e+01
8.308799999999999955e+02 4.064499999999999886e+02 4.800000000000000000e+01 3.900000000000000000e+01 -6.000000000000000000e+00
8.768999999999999773e+02 4.063500000000000227e+02 5.300000000000000000e+01 3.900000000000000000e+01 0.000000000000000000e+00
9.114299999999999500e+02 4.064900000000000091e+02 5.600000000000000000e+01 3.900000000000000000e+01 0.000000000000000000e+00
9.799400000000000546e+02 4.065199999999999818e+02 6.200000000000000000e+01 3.900000000000000000e+01 0.000000000000000000e+00
1.049109999999999900e+03 4.066000000000000227e+02 6.800000000000000000e+01 3.900000000000000000e+01 0.000000000000000000e+00
2.885099999999999909e+02 4.388799999999999955e+02 0.000000000000000000e+00 3.600000000000000000e+01 0.000000000000000000e+00
3.208000000000000114e+02 4.391700000000000159e+02 3.000000000000000000e+00 3.600000000000000000e+01 0.000000000000000000e+00
3.533199999999999932e+02 4.392699999999999818e+02 6.000000000000000000e+00 3.600000000000000000e+01 0.000000000000000000e+00
3.860500000000000114e+02 4.393199999999999932e+02 9.000000000000000000e+00 3.600000000000000000e+01 0.000000000000000000e+00
4.188199999999999932e+02 4.395699999999999932e+02 1.200000000000000000e+01 3.600000000000000000e+01 0.000000000000000000e+00
4.515899999999999750e+02 4.393700000000000045e+02 1.500000000000000000e+01 3.600000000000000000e+01 0.000000000000000000e+00
5.197000000000000455e+02 4.399900000000000091e+02 2.000000000000000000e+01 3.600000000000000000e+01 -6.000000000000000000e+00
6.621900000000000546e+02 4.403399999999999750e+02 3.400000000000000000e+01 3.600000000000000000e+01 0.000000000000000000e+00
5.816599999999999682e+02 4.401100000000000136e+02 2.450000000000000000e+01 3.600000000000000000e+01 -1.200000000000000000e+01
6.190399999999999636e+02 4.403399999999999750e+02 2.900000000000000000e+01 3.600000000000000000e+01 -6.000000000000000000e+00
7.293600000000000136e+02 4.406999999999999886e+02 3.900000000000000000e+01 3.600000000000000000e+01 -6.000000000000000000e+00
8.300399999999999636e+02 4.406499999999999773e+02 4.800000000000000000e+01 3.600000000000000000e+01 -6.000000000000000000e+00
9.452500000000000000e+02 4.414900000000000091e+02 5.900000000000000000e+01 3.600000000000000000e+01 0.000000000000000000e+00
9.795399999999999636e+02 4.413500000000000227e+02 6.200000000000000000e+01 3.600000000000000000e+01 0.000000000000000000e+00
1.049299999999999955e+03 4.415199999999999818e+02 6.800000000000000000e+01 3.600000000000000000e+01 0.000000000000000000e+00
7.900599999999999454e+02 4.412900000000000205e+02 4.350000000000000000e+01 3.600000000000000000e+01 -1.200000000000000000e+01
8.771100000000000136e+02 4.420400000000000205e+02 5.300000000000000000e+01 3.600000000000000000e+01 0.000000000000000000e+00
9.109400000000000546e+02 4.414200000000000159e+02 5.600000000000000000e+01 3.600000000000000000e+01 0.000000000000000000e+00
1.014370000000000005e+03 4.417200000000000273e+02 6.500000000000000000e+01 3.600000000000000000e+01 0.000000000000000000e+00
2.884200000000000159e+02 4.729399999999999977e+02 0.000000000000000000e+00 3.300000000000000000e+01 0.000000000000000000e+00
3.208500000000000227e+02 4.731399999999999864e+02 3.000000000000000000e+00 3.300000000000000000e+01 0.000000000000000000e+00
4.190600000000000023e+02 4.733899999999999864e+02 1.200000000000000000e+01 3.300000000000000000e+01 0.000000000000000000e+00
4.513100000000000023e+02 4.728899999999999864e+02 1.500000000000000000e+01 3.300000000000000000e+01 0.000000000000000000e+00
3.531499999999999773e+02 4.734200000000000159e+02 6.000000000000000000e+00 3.300000000000000000e+01 0.000000000000000000e+00
3.861100000000000136e+02 4.735600000000000023e+02 9.000000000000000000e+00 3.300000000000000000e+01 0.000000000000000000e+00
6.618600000000000136e+02 4.731800000000000068e+02 3.400000000000000000e+01 3.300000000000000000e+01 0.000000000000000000e+00
5.194099999999999682e+02 4.739700000000000273e+02 2.000000000000000000e+01 3.300000000000000000e+01 -6.000000000000000000e+00
5.814500000000000455e+02 4.740899999999999750e+02 2.450000000000000000e+01 3.300000000000000000e+01 -1.200000000000000000e+01
6.192300000000000182e+02 4.745400000000000205e+02 2.900000000000000000e+01 3.300000000000000000e+01 -6.000000000000000000e+00
7.293099999999999454e+02 4.748899999999999864e+02 3.900000000000000000e+01 3.300000000000000000e+01 -6.000000000000000000e+00
7.899199999999999591e+02 4.745899999999999750e+02 4.350000000000000000e+01 3.300000000000000000e+01 -1.200000000000000000e+01
8.303300000000000409e+02 4.755400000000000205e+02 4.800000000000000000e+01 3.300000000000000000e+01 -6.000000000000000000e+00
9.108200000000000500e+02 4.762699999999999818e+02 5.600000000000000000e+01 3.300000000000000000e+01 0.000000000000000000e+00
9.454099999999999682e+02 4.765000000000000000e+02 5.900000000000000000e+01 3.300000000000000000e+01 0.000000000000000000e+00
8.765299999999999727e+02 4.768199999999999932e+02 5.300000000000000000e+01 3.300000000000000000e+01 0.000000000000000000e+00
9.797300000000000182e+02 4.765000000000000000e+02 6.200000000000000000e+01 3.300000000000000000e+01 0.000000000000000000e+00
1.014539999999999964e+03 4.769599999999999795e+02 6.500000000000000000e+01 3.300000000000000000e+01 0.000000000000000000e+00
1.049200000000000045e+03 4.770299999999999727e+02 6.800000000000000000e+01 3.300000000000000000e+01 0.000000000000000000e+00
2.883999999999999773e+02 5.064900000000000091e+02 0.000000000000000000e+00 3.000000000000000000e+01 0.000000000000000000e+00
3.204399999999999977e+02 5.070600000000000023e+02 3.000000000000000000e+00 3.000000000000000000e+01 0.000000000000000000e+00
3.534499999999999886e+02 5.070899999999999750e+02 6.000000000000000000e+00 3.000000000000000000e+01 0.000000000000000000e+00
3.861100000000000136e+02 5.073899999999999864e+02 9.000000000000000000e+00 3.000000000000000000e+01 0.000000000000000000e+00
4.189900000000000091e+02 5.076299999999999955e+02 1.200000000000000000e+01 3.000000000000000000e+01 0.000000000000000000e+00
4.519200000000000159e+02 5.076000000000000227e+02 1.500000000000000000e+01 3.000000000000000000e+01 0.000000000000000000e+00
5.814500000000000455e+02 5.072599999999999909e+02 2.450000000000000000e+01 3.000000000000000000e+01 -1.200000000000000000e+01
5.196599999999999682e+02 5.077099999999999795e+02 2.000000000000000000e+01 3.000000000000000000e+01 -6.000000000000000000e+00
6.187899999999999636e+02 5.083600000000000136e+02 2.900000000000000000e+01 3.000000000000000000e+01 -6.000000000000000000e+00
6.617300000000000182e+02 5.089599999999999795e+02 3.400000000000000000e+01 3.000000000000000000e+01 0.000000000000000000e+00
7.292999999999999545e+02 5.091200000000000045e+02 3.900000000000000000e+01 3.000000000000000000e+01 -6.000000000000000000e+00
7.899800000000000182e+02 5.086299999999999955e+02 4.350000000000000000e+01 3.000000000000000000e+01 -1.200000000000000000e+01
8.297100000000000364e+02 5.098700000000000045e+02 4.800000000000000000e+01 3.000000000000000000e+01 -6.000000000000000000e+00
8.764700000000000273e+02 5.108600000000000136e+02 5.300000000000000000e+01 3.000000000000000000e+01 0.000000000000000000e+00
9.108600000000000136e+02 5.111999999999999886e+02 5.600000000000000000e+01 3.000000000000000000e+01 0.000000000000000000e+00
9.450700000000000500e+02 5.113999999999999773e+02 5.900000000000000000e+01 3.000000000000000000e+01 0.000000000000000000e+00
9.796399999999999864e+02 5.117400000000000091e+02 6.200000000000000000e+01 3.000000000000000000e+01 0.000000000000000000e+00
1.014240000000000009e+03 5.118100000000000023e+02 6.500000000000000000e+01 3.000000000000000000e+01 0.000000000000000000e+00
1.048990000000000009e+03 5.118500000000000227e+02 6.800000000000000000e+01 3.000000000000000000e+01 0.000000000000000000e+00
2.883999999999999773e+02 5.407300000000000182e+02 0.000000000000000000e+00 2.700000000000000000e+01 0.000000000000000000e+00
3.210199999999999818e+02 5.409299999999999500e+02 3.000000000000000000e+00 2.700000000000000000e+01 0.000000000000000000e+00
3.532200000000000273e+02 5.411299999999999955e+02 6.000000000000000000e+00 2.700000000000000000e+01 0.000000000000000000e+00
3.861899999999999977e+02 5.411900000000000546e+02 9.000000000000000000e+00 2.700000000000000000e+01 0.000000000000000000e+00
5.814099999999999682e+02 5.406799999999999500e+02 2.450000000000000000e+01 2.700000000000000000e+01 -1.200000000000000000e+01
4.190299999999999727e+02 5.419700000000000273e+02 1.200000000000000000e+01 2.700000000000000000e+01 0.000000000000000000e+00
4.514499999999999886e+02 5.418099999999999454e+02 1.500000000000000000e+01 2.700000000000000000e+01 0.000000000000000000e+00
5.194500000000000455e+02 5.414900000000000091e+02 2.000000000000000000e+01 2.700000000000000000e+01 -6.000000000000000000e+00
6.186599999999999682e+02 5.424199999999999591e+02 2.900000000000000000e+01 2.700000000000000000e+01 -6.000000000000000000e+00
6.619700000000000273e+02 5.438700000000000045e+02 3.400000000000000000e+01 2.700000000000000000e+01 0.000000000000000000e+00
7.898999999999999773e+02 5.426599999999999682e+02 4.350000000000000000e+01 2.700000000000000000e+01 -1.200000000000000000e+01
7.292000000000000455e+02 5.435199999999999818e+02 3.900000000000000000e+01 2.700000000000000000e+01 -6.000000000000000000e+00
8.297699999999999818e+02 5.443400000000000318e+02 4.800000000000000000e+01 2.700000000000000000e+01 -6.000000000000000000e+00
8.765299999999999727e+02 5.453999999999999773e+02 5.300000000000000000e+01 2.700000000000000000e+01 0.000000000000000000e+00
9.107000000000000455e+02 5.458500000000000227e+02 5.600000000000000000e+01 2.700000000000000000e+01 0.000000000000000000e+00
9.450700000000000500e+02 5.458799999999999955e+02 5.900000000000000000e+01 2.700000000000000000e+01 0.000000000000000000e+00
9.791900000000000546e+02 5.461900000000000546e+02 6.200000000000000000e+01 2.700000000000000000e+01 0.000000000000000000e+00
1.014059999999999945e+03 5.467200000000000273e+02 6.500000000000000000e+01 2.700000000000000000e+01 0.000000000000000000e+00
1.049140000000000100e+03 5.469500000000000455e+02 6.800000000000000000e+01 2.700000000000000000e+01 0.000000000000000000e+00
2.884800000000000182e+02 5.741499999999999773e+02 0.000000000000000000e+00 2.400000000000000000e+01 0.000000000000000000e+00
3.533999999999999773e+02 5.750099999999999909e+02 6.000000000000000000e+00 2.400000000000000000e+01 0.000000000000000000e+00
3.856700000000000159e+02 5.751599999999999682e+02 9.000000000000000000e+00 2.400000000000000000e+01 0.000000000000000000e+00
5.195399999999999636e+02 5.753600000000000136e+02 2.000000000000000000e+01 2.400000000000000000e+01 -6.000000000000000000e+00
5.813600000000000136e+02 5.747200000000000273e+02 2.450000000000000000e+01 2.400000000000000000e+01 -1.200000000000000000e+01
4.183999999999999773e+02 5.756499999999999773e+02 1.200000000000000000e+01 2.400000000000000000e+01 0.000000000000000000e+00
4.510099999999999909e+02 5.757300000000000182e+02 1.500000000000000000e+01 2.400000000000000000e+01 0.000000000000000000e+00
6.181399999999999864e+02 5.761200000000000045e+02 2.900000000000000000e+01 2.400000000000000000e+01 -6.000000000000000000e+00
7.896900000000000546e+02 5.766399999999999864e+02 4.350000000000000000e+01 2.400000000000000000e+01 -1.200000000000000000e+01
6.616100000000000136e+02 5.781699999999999591e+02 3.400000000000000000e+01 2.400000000000000000e+01 0.000000000000000000e+00
7.287699999999999818e+02 5.774700000000000273e+02 3.900000000000000000e+01 2.400000000000000000e+01 -6.000000000000000000e+00
8.299199999999999591e+02 5.787200000000000273e+02 4.800000000000000000e+01 2.400000000000000000e+01 -6.000000000000000000e+00
8.762400000000000091e+02 5.805000000000000000e+02 5.300000000000000000e+01 2.400000000000000000e+01 0.000000000000000000e+00
9.106599999999999682e+02 5.809299999999999500e+02 5.600000000000000000e+01 2.400000000000000000e+01 0.000000000000000000e+00
9.449700000000000273e+02 5.810700000000000500e+02 5.900000000000000000e+01 2.400000000000000000e+01 0.000000000000000000e+00
9.796299999999999955e+02 5.815499999999999545e+02 6.200000000000000000e+01 2.400000000000000000e+01 0.000000000000000000e+00
1.014070000000000050e+03 5.819199999999999591e+02 6.500000000000000000e+01 2.400000000000000000e+01 0.000000000000000000e+00
1.048769999999999982e+03 5.821399999999999864e+02 6.800000000000000000e+01 2.400000000000000000e+01 0.000000000000000000e+00
2.885099999999999909e+02 6.084099999999999682e+02 0.000000000000000000e+00 2.100000000000000000e+01 0.000000000000000000e+00
5.814500000000000455e+02 6.080499999999999545e+02 2.450000000000000000e+01 2.100000000000000000e+01 -1.200000000000000000e+01
3.207900000000000205e+02 6.086299999999999955e+02 3.000000000000000000e+00 2.100000000000000000e+01 0.000000000000000000e+00
3.529800000000000182e+02 6.091200000000000045e+02 6.000000000000000000e+00 2.100000000000000000e+01 0.000000000000000000e+00
3.856700000000000159e+02 6.093500000000000227e+02 9.000000000000000000e+00 2.100000000000000000e+01 0.000000000000000000e+00
5.193400000000000318e+02 6.091200000000000045e+02 2.000000000000000000e+01 2.100000000000000000e+01 -6.000000000000000000e+00
4.187400000000000091e+02 6.096299999999999955e+02 1.200000000000000000e+01 2.100000000000000000e+01 0.000000000000000000e+00
4.514800000000000182e+02 6.103400000000000318e+02 1.500000000000000000e+01 2.100000000000000000e+01 0.000000000000000000e+00
6.181499999999999773e+02 6.104700000000000273e+02 2.900000000000000000e+01 2.100000000000000000e+01 -6.000000000000000000e+00
7.895700000000000500e+02 6.104299999999999500e+02 4.350000000000000000e+01 2.100000000000000000e+01 -1.200000000000000000e+01
6.617200000000000273e+02 6.127000000000000455e+02 3.400000000000000000e+01 2.100000000000000000e+01 0.000000000000000000e+00
7.290499999999999545e+02 6.117799999999999727e+02 3.900000000000000000e+01 2.100000000000000000e+01 -6.000000000000000000e+00
8.296499999999999773e+02 6.129700000000000273e+02 4.800000000000000000e+01 2.100000000000000000e+01 -6.000000000000000000e+00
8.759500000000000455e+02 6.152899999999999636e+02 5.300000000000000000e+01 2.100000000000000000e+01 0.000000000000000000e+00
9.102899999999999636e+02 6.157100000000000364e+02 5.600000000000000000e+01 2.100000000000000000e+01 0.000000000000000000e+00
9.449099999999999682e+02 6.161399999999999864e+02 5.900000000000000000e+01 2.100000000000000000e+01 0.000000000000000000e+00
9.791100000000000136e+02 6.165199999999999818e+02 6.200000000000000000e+01 2.100000000000000000e+01 0.000000000000000000e+00
1.014009999999999991e+03 6.168500000000000227e+02 6.500000000000000000e+01 2.100000000000000000e+01 0.000000000000000000e+00
1.048829999999999927e+03 6.173300000000000409e+02 6.800000000000000000e+01 2.100000000000000000e+01 0.000000000000000000e+00
2.880400000000000205e+02 6.422500000000000000e+02 0.000000000000000000e+00 1.800000000000000000e+01 0.000000000000000000e+00
5.811499999999999773e+02 6.417599999999999909e+02 2.450000000000000000e+01 1.800000000000000000e+01 -1.200000000000000000e+01
3.205699999999999932e+02 6.426299999999999955e+02 3.000000000000000000e+00 1.800000000000000000e+01 0.000000000000000000e+00
3.530000000000000000e+02 6.430700000000000500e+02 6.000000000000000000e+00 1.800000000000000000e+01 0.000000000000000000e+00
5.194500000000000455e+02 6.432200000000000273e+02 2.000000000000000000e+01 1.800000000000000000e+01 -6.000000000000000000e+00
3.857900000000000205e+02 6.433799999999999955e+02 9.000000000000000000e+00 1.800000000000000000e+01 0.000000000000000000e+00
4.184800000000000182e+02 6.440099999999999909e+02 1.200000000000000000e+01 1.800000000000000000e+01 0.000000000000000000e+00
4.511499999999999773e+02 6.443500000000000227e+02 1.500000000000000000e+01 1.800000000000000000e+01 0.000000000000000000e+00
6.181699999999999591e+02 6.441799999999999500e+02 2.900000000000000000e+01 1.800000000000000000e+01 -6.000000000000000000e+00
7.894299999999999500e+02 6.445099999999999909e+02 4.350000000000000000e+01 1.800000000000000000e+01 -1.200000000000000000e+01
7.288799999999999955e+02 6.459700000000000273e+02 3.900000000000000000e+01 1.800000000000000000e+01 -6.000000000000000000e+00
6.617799999999999727e+02 6.470299999999999727e+02 3.400000000000000000e+01 1.800000000000000000e+01 0.000000000000000000e+00
8.296699999999999591e+02 6.472200000000000273e+02 4.800000000000000000e+01 1.800000000000000000e+01 -6.000000000000000000e+00
8.762200000000000273e+02 6.501299999999999955e+02 5.300000000000000000e+01 1.800000000000000000e+01 0.000000000000000000e+00
9.101799999999999500e+02 6.506799999999999500e+02 5.600000000000000000e+01 1.800000000000000000e+01 0.000000000000000000e+00
9.444900000000000091e+02 6.509500000000000455e+02 5.900000000000000000e+01 1.800000000000000000e+01 0.000000000000000000e+00
9.790700000000000500e+02 6.515299999999999727e+02 6.200000000000000000e+01 1.800000000000000000e+01 0.000000000000000000e+00
1.013690000000000055e+03 6.519299999999999500e+02 6.500000000000000000e+01 1.800000000000000000e+01 0.000000000000000000e+00
1.048450000000000045e+03 6.523799999999999955e+02 6.800000000000000000e+01 1.800000000000000000e+01 0.000000000000000000e+00
2.880899999999999750e+02 6.760599999999999454e+02 0.000000000000000000e+00 1.500000000000000000e+01 0.000000000000000000e+00
3.202500000000000000e+02 6.763999999999999773e+02 3.000000000000000000e+00 1.500000000000000000e+01 0.000000000000000000e+00
5.811000000000000227e+02 6.753500000000000227e+02 2.450000000000000000e+01 1.500000000000000000e+01 -1.200000000000000000e+01
3.529700000000000273e+02 6.770499999999999545e+02 6.000000000000000000e+00 1.500000000000000000e+01 0.000000000000000000e+00
5.193200000000000500e+02 6.768899999999999864e+02 2.000000000000000000e+01 1.500000000000000000e+01 -6.000000000000000000e+00
3.855500000000000114e+02 6.774800000000000182e+02 9.000000000000000000e+00 1.500000000000000000e+01 0.000000000000000000e+00
4.184499999999999886e+02 6.781100000000000136e+02 1.200000000000000000e+01 1.500000000000000000e+01 0.000000000000000000e+00
6.181399999999999864e+02 6.781900000000000546e+02 2.900000000000000000e+01 1.500000000000000000e+01 -6.000000000000000000e+00
4.512200000000000273e+02 6.784600000000000364e+02 1.500000000000000000e+01 1.500000000000000000e+01 0.000000000000000000e+00
7.894500000000000455e+02 6.784800000000000182e+02 4.350000000000000000e+01 1.500000000000000000e+01 -1.200000000000000000e+01
7.286599999999999682e+02 6.799900000000000091e+02 3.900000000000000000e+01 1.500000000000000000e+01 -6.000000000000000000e+00
6.614500000000000455e+02 6.815199999999999818e+02 3.400000000000000000e+01 1.500000000000000000e+01 0.000000000000000000e+00
8.295000000000000000e+02 6.815199999999999818e+02 4.800000000000000000e+01 1.500000000000000000e+01 -6.000000000000000000e+00
8.760499999999999545e+02 6.849500000000000455e+02 5.300000000000000000e+01 1.500000000000000000e+01 0.000000000000000000e+00
9.101000000000000227e+02 6.853600000000000136e+02 5.600000000000000000e+01 1.500000000000000000e+01 0.000000000000000000e+00
9.445499999999999545e+02 6.859700000000000273e+02 5.900000000000000000e+01 1.500000000000000000e+01 0.000000000000000000e+00
9.790599999999999454e+02 6.864199999999999591e+02 6.200000000000000000e+01 1.500000000000000000e+01 0.000000000000000000e+00
1.013529999999999973e+03 6.871000000000000227e+02 6.500000000000000000e+01 1.500000000000000000e+01 0.000000000000000000e+00
1.048339999999999918e+03 6.873899999999999864e+02 6.800000000000000000e+01 1.500000000000000000e+01 0.000000000000000000e+00
5.809299999999999500e+02 7.089500000000000455e+02 2.450000000000000000e+01 1.200000000000000000e+01 -1.200000000000000000e+01
2.879499999999999886e+02 7.099299999999999500e+02 0.000000000000000000e+00 1.200000000000000000e+01 0.000000000000000000e+00
3.203600000000000136e+02 7.104600000000000364e+02 3.000000000000000000e+00 1.200000000000000000e+01 0.000000000000000000e+00
3.529399999999999977e+02 7.109099999999999682e+02 6.000000000000000000e+00 1.200000000000000000e+01 0.000000000000000000e+00
3.858799999999999955e+02 7.111799999999999500e+02 9.000000000000000000e+00 1.200000000000000000e+01 0.000000000000000000e+00
5.191499999999999773e+02 7.107999999999999545e+02 2.000000000000000000e+01 1.200000000000000000e+01 -6.000000000000000000e+00
4.182200000000000273e+02 7.119400000000000546e+02 1.200000000000000000e+01 1.200000000000000000e+01 0.000000000000000000e+00
7.894700000000000273e+02 7.124299999999999500e+02 4.350000000000000000e+01 1.200000000000000000e+01 -1.200000000000000000e+01
4.510000000000000000e+02 7.124299999999999500e+02 1.500000000000000000e+01 1.200000000000000000e+01 0.000000000000000000e+00
6.177200000000000273e+02 7.122799999999999727e+02 2.900000000000000000e+01 1.200000000000000000e+01 -6.000000000000000000e+00
7.286100000000000136e+02 7.141799999999999500e+02 3.900000000000000000e+01 1.200000000000000000e+01 -6.000000000000000000e+00
6.615000000000000000e+02 7.159299999999999500e+02 3.400000000000000000e+01 1.200000000000000000e+01 0.000000000000000000e+00
8.296100000000000136e+02 7.158999999999999773e+02 4.800000000000000000e+01 1.200000000000000000e+01 -6.000000000000000000e+00
8.758200000000000500e+02 7.197699999999999818e+02 5.300000000000000000e+01 1.200000000000000000e+01 0.000000000000000000e+00
9.100199999999999818e+02 7.203300000000000409e+02 5.600000000000000000e+01 1.200000000000000000e+01 0.000000000000000000e+00
9.443600000000000136e+02 7.207400000000000091e+02 5.900000000000000000e+01 1.200000000000000000e+01 0.000000000000000000e+00
9.789700000000000273e+02 7.213200000000000500e+02 6.200000000000000000e+01 1.200000000000000000e+01 0.000000000000000000e+00
1.013669999999999959e+03 7.220900000000000318e+02 6.500000000000000000e+01 1.200000000000000000e+01 0.000000000000000000e+00
1.048210000000000036e+03 7.224800000000000182e+02 6.800000000000000000e+01 1.200000000000000000e+01 0.000000000000000000e+00
5.808500000000000227e+02 7.426399999999999864e+02 2.450000000000000000e+01 9.000000000000000000e+00 -1.200000000000000000e+01
2.876899999999999977e+02 7.435299999999999727e+02 0.000000000000000000e+00 9.000000000000000000e+00 0.000000000000000000e+00
3.202300000000000182e+02 7.444099999999999682e+02 3.000000000000000000e+00 9.000000000000000000e+00 0.000000000000000000e+00
3.526200000000000045e+02 7.447799999999999727e+02 6.000000000000000000e+00 9.000000000000000000e+00 0.000000000000000000e+00
3.854700000000000273e+02 7.452799999999999727e+02 9.000000000000000000e+00 9.000000000000000000e+00 0.000000000000000000e+00
5.191100000000000136e+02 7.447000000000000455e+02 2.000000000000000000e+01 9.000000000000000000e+00 -6.000000000000000000e+00
4.181000000000000227e+02 7.460499999999999545e+02 1.200000000000000000e+01 9.000000000000000000e+00 0.000000000000000000e+00
4.509399999999999977e+02 7.464600000000000364e+02 1.500000000000000000e+01 9.000000000000000000e+00 0.000000000000000000e+00
7.889900000000000091e+02 7.460700000000000500e+02 4.350000000000000000e+01 9.000000000000000000e+00 -1.200000000000000000e+01
6.178099999999999454e+02 7.464199999999999591e+02 2.900000000000000000e+01 9.000000000000000000e+00 -6.000000000000000000e+00
7.285099999999999909e+02 7.483400000000000318e+02 3.900000000000000000e+01 9.000000000000000000e+00 -6.000000000000000000e+00
6.611499999999999773e+02 7.502999999999999545e+02 3.400000000000000000e+01 9.000000000000000000e+00 0.000000000000000000e+00
8.291599999999999682e+02 7.504900000000000091e+02 4.800000000000000000e+01 9.000000000000000000e+00 -6.000000000000000000e+00
8.757799999999999727e+02 7.548799999999999955e+02 5.300000000000000000e+01 9.000000000000000000e+00 0.000000000000000000e+00
9.099600000000000364e+02 7.549700000000000273e+02 5.600000000000000000e+01 9.000000000000000000e+00 0.000000000000000000e+00
9.443899999999999864e+02 7.556399999999999864e+02 5.900000000000000000e+01 9.000000000000000000e+00 0.000000000000000000e+00
9.787799999999999727e+02 7.562300000000000182e+02 6.200000000000000000e+01 9.000000000000000000e+00 0.000000000000000000e+00
1.013539999999999964e+03 7.570000000000000000e+02 6.500000000000000000e+01 9.000000000000000000e+00 0.000000000000000000e+00
1.048140000000000100e+03 7.577500000000000000e+02 6.800000000000000000e+01 9.000000000000000000e+00 0.000000000000000000e+00
5.806799999999999500e+02 7.760700000000000500e+02 2.450000000000000000e+01 6.000000000000000000e+00 -1.200000000000000000e+01
2.876899999999999977e+02 7.775299999999999727e+02 0.000000000000000000e+00 6.000000000000000000e+00 0.000000000000000000e+00
3.201200000000000045e+02 7.782200000000000273e+02 3.000000000000000000e+00 6.000000000000000000e+00 0.000000000000000000e+00
5.188899999999999864e+02 7.783899999999999864e+02 2.000000000000000000e+01 6.000000000000000000e+00 -6.000000000000000000e+00
3.525799999999999841e+02 7.788799999999999955e+02 6.000000000000000000e+00 6.000000000000000000e+00 0.000000000000000000e+00
3.853100000000000023e+02 7.793799999999999955e+02 9.000000000000000000e+00 6.000000000000000000e+00 0.000000000000000000e+00
4.178199999999999932e+02 7.798899999999999864e+02 1.200000000000000000e+01 6.000000000000000000e+00 0.000000000000000000e+00
6.177200000000000273e+02 7.802200000000000273e+02 2.900000000000000000e+01 6.000000000000000000e+00 -6.000000000000000000e+00
7.890299999999999727e+02 7.801299999999999955e+02 4.350000000000000000e+01 6.000000000000000000e+00 -1.200000000000000000e+01
4.509399999999999977e+02 7.806699999999999591e+02 1.500000000000000000e+01 6.000000000000000000e+00 0.000000000000000000e+00
7.282100000000000364e+02 7.825399999999999636e+02 3.900000000000000000e+01 6.000000000000000000e+00 -6.000000000000000000e+00
6.611000000000000227e+02 7.847599999999999909e+02 3.400000000000000000e+01 6.000000000000000000e+00 0.000000000000000000e+00
8.292000000000000455e+02 7.844700000000000273e+02 4.800000000000000000e+01 6.000000000000000000e+00 -6.000000000000000000e+00
8.756900000000000546e+02 7.891699999999999591e+02 5.300000000000000000e+01 6.000000000000000000e+00 0.000000000000000000e+00
9.098500000000000227e+02 7.898999999999999773e+02 5.600000000000000000e+01 6.000000000000000000e+00 0.000000000000000000e+00
9.441200000000000045e+02 7.906599999999999682e+02 5.900000000000000000e+01 6.000000000000000000e+00 0.000000000000000000e+00
9.786900000000000546e+02 7.911499999999999773e+02 6.200000000000000000e+01 6.000000000000000000e+00 0.000000000000000000e+00
1.013179999999999950e+03 7.918300000000000409e+02 6.500000000000000000e+01 6.000000000000000000e+00 0.000000000000000000e+00
1.047950000000000045e+03 7.927300000000000182e+02 6.800000000000000000e+01 6.000000000000000000e+00 0.000000000000000000e+00
5.805399999999999636e+02 8.095099999999999909e+02 2.450000000000000000e+01 3.000000000000000000e+00 -1.200000000000000000e+01
2.874499999999999886e+02 8.112400000000000091e+02 0.000000000000000000e+00 3.000000000000000000e+00 0.000000000000000000e+00
3.200199999999999818e+02 8.119400000000000546e+02 3.000000000000000000e+00 3.000000000000000000e+00 0.000000000000000000e+00
5.189800000000000182e+02 8.122000000000000455e+02 2.000000000000000000e+01 3.000000000000000000e+00 -6.000000000000000000e+00
3.525600000000000023e+02 8.127400000000000091e+02 6.000000000000000000e+00 3.000000000000000000e+00 0.000000000000000000e+00
3.850899999999999750e+02 8.133799999999999955e+02 9.000000000000000000e+00 3.000000000000000000e+00 0.000000000000000000e+00
4.179800000000000182e+02 8.139900000000000091e+02 1.200000000000000000e+01 3.000000000000000000e+00 0.000000000000000000e+00
6.177500000000000000e+02 8.142100000000000364e+02 2.900000000000000000e+01 3.000000000000000000e+00 -6.000000000000000000e+00
7.891100000000000136e+02 8.138899999999999864e+02 4.350000000000000000e+01 3.000000000000000000e+00 -1.200000000000000000e+01
4.509300000000000068e+02 8.148400000000000318e+02 1.500000000000000000e+01 3.000000000000000000e+00 0.000000000000000000e+00
7.282999999999999545e+02 8.165599999999999454e+02 3.900000000000000000e+01 3.000000000000000000e+00 -6.000000000000000000e+00
6.610499999999999545e+02 8.193400000000000318e+02 3.400000000000000000e+01 3.000000000000000000e+00 0.000000000000000000e+00
8.289800000000000182e+02 8.188200000000000500e+02 4.800000000000000000e+01 3.000000000000000000e+00 -6.000000000000000000e+00
8.754900000000000091e+02 8.238899999999999864e+02 5.300000000000000000e+01 3.000000000000000000e+00 0.000000000000000000e+00
9.098799999999999955e+02 8.246299999999999955e+02 5.600000000000000000e+01 3.000000000000000000e+00 0.000000000000000000e+00
9.440199999999999818e+02 8.255000000000000000e+02 5.900000000000000000e+01 3.000000000000000000e+00 0.000000000000000000e+00
9.786100000000000136e+02 8.261799999999999500e+02 6.200000000000000000e+01 3.000000000000000000e+00 0.000000000000000000e+00
1.013190000000000055e+03 8.269299999999999500e+02 6.500000000000000000e+01 3.000000000000000000e+00 0.000000000000000000e+00
1.047819999999999936e+03 8.278600000000000136e+02 6.800000000000000000e+01 3.000000000000000000e+00 0.000000000000000000e+00
5.805599999999999454e+02 8.430000000000000000e+02 2.450000000000000000e+01 0.000000000000000000e+00 -1.200000000000000000e+01
2.874300000000000068e+02 8.452400000000000091e+02 0.000000000000000000e+00 0.000000000000000000e+00 0.000000000000000000e+00
3.199499999999999886e+02 8.459400000000000546e+02 3.000000000000000000e+00 0.000000000000000000e+00 0.000000000000000000e+00
3.523700000000000045e+02 8.466100000000000136e+02 6.000000000000000000e+00 0.000000000000000000e+00 0.000000000000000000e+00
5.184099999999999682e+02 8.461000000000000227e+02 2.000000000000000000e+01 0.000000000000000000e+00 -6.000000000000000000e+00
3.850099999999999909e+02 8.473799999999999955e+02 9.000000000000000000e+00 0.000000000000000000e+00 0.000000000000000000e+00
4.178100000000000023e+02 8.480499999999999545e+02 1.200000000000000000e+01 0.000000000000000000e+00 0.000000000000000000e+00
6.172899999999999636e+02 8.480199999999999818e+02 2.900000000000000000e+01 0.000000000000000000e+00 -6.000000000000000000e+00
7.887100000000000364e+02 8.478099999999999454e+02 4.350000000000000000e+01 0.000000000000000000e+00 -1.200000000000000000e+01
4.507699999999999818e+02 8.487400000000000091e+02 1.500000000000000000e+01 0.000000000000000000e+00 0.000000000000000000e+00
7.281399999999999864e+02 8.508899999999999864e+02 3.900000000000000000e+01 0.000000000000000000e+00 -6.000000000000000000e+00
8.288899999999999864e+02 8.531200000000000045e+02 4.800000000000000000e+01 0.000000000000000000e+00 -6.000000000000000000e+00
6.608700000000000045e+02 8.536100000000000136e+02 3.400000000000000000e+01 0.000000000000000000e+00 0.000000000000000000e+00
8.752799999999999727e+02 8.589099999999999682e+02 5.300000000000000000e+01 0.000000000000000000e+00 0.000000000000000000e+00
9.096200000000000045e+02 8.595199999999999818e+02 5.600000000000000000e+01 0.000000000000000000e+00 0.000000000000000000e+00
9.439099999999999682e+02 8.605599999999999454e+02 5.900000000000000000e+01 0.000000000000000000e+00 0.000000000000000000e+00
9.783300000000000409e+02 8.611699999999999591e+02 6.200000000000000000e+01 0.000000000000000000e+00 0.000000000000000000e+00
1.012980000000000018e+03 8.620800000000000409e+02 6.500000000000000000e+01 0.000000000000000000e+00 0.000000000000000000e+00
1.047579999999999927e+03 8.630599999999999454e+02 6.800000000000000000e+01 0.000000000000000000e+00 0.000000000000000000e+00
