160.67	740.91	4	3	192	0
162.33	689.56	6	6	605	0
163.31	475.53	6	6	742	0
162.99	577.03	5	5	233	0
162.74	791.55	4	4	257	0
163.59	882.85	6	5	575	0
163.56	917.17	6	5	671	0
163.34	951.45	6	6	523	0
164.53	631.53	6	6	949	0
164.10	848.57	5	6	638	0
163.51	985.88	5	5	365	0
166.33	279.36	6	6	1146	0
166.37	313.47	6	6	932	0
166.12	347.32	6	6	928	0
166.24	381.52	5	6	723	0
166.24	415.46	5	6	724	0
166.89	245.06	5	5	751	0
194.38	741.26	5	4	281	0
196.41	689.56	6	6	629	0
197.19	475.84	5	5	588	0
197.04	577.51	5	4	325	0
196.33	791.54	4	4	309	0
197.78	951.20	6	5	553	0
198.30	848.16	5	5	609	0
198.34	882.74	6	5	613	0
198.10	916.91	6	5	595	0
198.05	985.54	5	6	482	0
197.74	1020.02	5	5	348	0
199.01	631.58	5	6	785	0
200.59	279.83	6	5	565	0
200.51	313.82	6	5	720	0
200.46	347.63	6	6	713	0
200.44	381.72	6	6	670	0
200.28	415.89	5	5	564	0
200.82	245.74	5	5	451	0
228.38	741.39	4	4	222	0
231.01	577.52	5	4	292	0
230.62	689.92	5	5	480	0
230.17	792.03	4	5	229	0
232.63	848.56	6	6	572	0
232.42	882.68	6	5	708	0
232.47	916.93	6	5	377	0
232.08	951.24	6	6	682	0
232.22	985.58	5	4	323	0
231.70	1020.09	5	5	325	0
233.13	631.86	5	6	503	0
234.53	280.43	6	6	618	0
234.43	314.44	6	6	854	0
234.59	382.18	6	5	593	0
234.04	416.28	5	6	713	0
235.26	246.31	5	5	541	0
235.00	348.05	5	5	624	0
261.50	741.51	4	4	210	0
262.16	530.15	3	3	91	0
264.84	476.19	4	4	197	0
264.50	577.99	4	3	127	0
264.45	689.98	4	5	339	0
266.71	882.71	6	6	543	0
266.59	916.97	6	5	409	0
266.45	951.27	6	5	417	0
266.44	985.87	5	5	397	0
267.42	632.34	6	6	893	0
266.82	848.50	5	6	575	0
266.19	1019.81	3	3	102	0
268.59	280.81	7	5	923	0
268.83	314.67	6	6	709	0
268.70	348.61	6	6	547	0
268.53	382.47	6	6	717	0
268.72	416.82	6	5	546	0
269.44	246.83	6	6	644	0
294.46	741.63	4	4	177	0
295.03	530.51	3	4	129	0
297.73	791.70	4	4	221	0
299.08	476.95	5	5	310	0
298.46	578.28	4	4	280	0
298.35	690.47	4	4	311	0
300.76	882.66	6	6	768	0
300.54	985.41	6	6	566	0
301.58	632.50	6	6	708	0
301.08	848.59	5	6	459	0
300.86	916.94	5	5	512	0
300.78	951.19	5	5	371	0
302.37	349.28	6	6	945	0
302.75	383.08	6	5	721	0
302.92	416.98	6	5	643	0
303.14	247.76	6	5	666	0
303.13	281.31	5	6	682	0
303.11	315.06	6	5	572	0
328.21	741.79	3	3	102	0
332.06	690.32	5	5	366	0
331.51	791.86	4	5	285	0
332.28	477.69	4	4	180	0
334.87	882.77	6	6	627	0
335.07	848.48	5	4	384	0
335.27	916.95	5	5	394	0
334.82	951.40	5	6	469	0
334.80	985.33	5	6	458	0
336.79	315.52	6	6	795	0
336.45	349.61	6	6	649	0
336.67	383.53	6	6	813	0
336.61	417.51	6	6	720	0
335.83	632.84	5	5	615	0
337.54	247.79	6	6	693	0
337.26	281.61	6	6	740	0
361.21	741.83	5	5	294	0
361.99	531.00	3	3	78	0
365.86	578.81	4	4	210	0
365.62	690.55	4	4	321	0
365.16	792.17	3	3	93	0
366.19	477.20	4	4	193	0
369.64	632.64	6	5	539	0
369.03	848.46	5	6	396	0
369.18	882.92	6	5	573	0
368.78	916.85	5	5	409	0
368.90	951.25	5	5	430	0
369.03	985.29	5	5	392	0
370.34	316.06	6	5	934	0
370.31	349.92	6	5	850	0
370.49	383.77	6	5	695	0
370.47	418.03	6	5	674	0
371.15	248.47	5	6	630	0
371.09	282.04	5	5	770	0
394.66	742.11	4	3	151	0
395.02	531.29	3	3	114	0
398.67	791.81	4	5	235	0
399.85	478.30	5	5	316	0
399.47	579.12	4	5	282	0
399.03	690.83	3	4	174	0
403.54	633.10	6	5	818	0
403.27	848.74	5	5	443	0
403.01	883.05	5	5	552	0
403.14	916.95	6	5	482	0
402.99	951.39	5	6	419	0
402.88	985.61	5	6	465	0
404.84	248.99	6	5	882	0
404.59	282.75	6	6	787	0
404.31	316.44	6	6	1002	0
404.43	350.51	6	6	684	0
404.44	384.23	6	5	623	0
404.29	418.43	5	6	663	0
427.72	742.01	3	3	146	0
433.36	478.08	5	5	422	0
432.83	578.98	4	3	210	0
432.69	691.16	4	3	163	0
432.99	792.21	3	4	170	0
437.49	633.33	6	6	765	0
437.10	848.72	5	5	530	0
437.10	882.80	5	6	546	0
437.07	917.22	5	5	443	0
436.77	951.26	5	5	532	0
436.98	985.47	5	6	408	0
436.76	1019.64	5	4	208	0
438.65	249.24	6	6	682	0
438.28	283.13	6	5	716	0
438.28	316.93	6	5	657	0
438.22	350.75	5	5	674	0
438.40	384.71	5	5	584	0
438.01	418.88	5	5	601	0
461.49	531.52	4	4	205	0
461.10	742.12	4	3	162	0
466.12	792.29	5	5	315	0
466.70	478.64	5	4	337	0
466.31	691.15	4	5	255	0
466.89	579.34	3	4	169	0
470.53	985.34	6	6	773	0
471.84	283.59	6	6	985	0
471.83	317.30	6	6	932	0
471.41	633.60	6	6	503	0
471.01	848.75	5	5	515	0
471.00	883.03	5	5	554	0
470.94	917.30	5	6	531	0
471.06	951.31	5	5	396	0
470.97	1019.33	5	5	322	0
472.38	249.70	6	6	670	0
471.95	351.30	5	5	564	0
471.93	385.14	5	5	612	0
471.86	419.13	5	5	539	0
494.17	532.01	4	5	197	0
494.24	742.64	4	4	222	0
500.00	478.96	5	5	290	0
499.90	579.64	5	4	297	0
499.54	691.38	4	4	250	0
499.48	792.48	4	4	222	0
504.66	951.09	6	5	706	0
504.44	1019.48	6	6	896	0
505.69	284.21	6	5	773	0
505.41	351.52	6	6	846	0
505.59	385.35	6	6	845	0
505.55	419.24	6	5	748	0
505.18	633.57	5	6	635	0
505.29	848.82	5	5	329	0
504.93	882.93	5	5	552	0
505.00	916.94	5	5	585	0
504.76	985.40	5	6	610	0
505.76	250.53	5	6	859	0
506.01	317.94	5	5	730	0
527.26	742.70	4	4	171	0
527.99	531.97	3	3	152	0
533.03	691.46	5	4	316	0
533.49	478.95	4	5	311	0
533.44	580.29	4	4	302	0
533.35	792.39	4	4	280	0
538.68	882.97	6	5	632	0
538.56	917.17	6	6	860	0
538.65	951.11	6	5	766	0
538.69	985.24	6	5	703	0
538.49	1019.45	6	6	857	0
539.66	250.85	6	5	886	0
539.49	284.52	6	6	1004	0
539.56	318.46	6	6	976	0
539.40	352.15	6	5	899	0
539.25	386.10	6	5	916	0
560.37	532.63	4	4	219	0
560.55	742.54	4	4	238	0
566.89	479.68	5	5	532	0
566.56	580.00	4	5	394	0
566.57	691.74	5	5	457	0
566.44	792.61	4	4	286	0
573.05	319.02	6	5	928	0
572.81	386.45	6	6	978	0
572.46	634.00	6	5	1109	0
572.65	848.91	6	5	600	0
572.50	883.22	6	6	756	0
572.54	916.95	6	5	714	0
572.37	951.19	6	6	774	0
572.35	985.17	5	5	769	0
572.28	1019.32	6	6	869	0
573.07	251.43	5	6	822	0
573.24	284.97	6	6	890	0
573.03	352.58	5	6	1036	0
572.65	420.18	5	5	908	0
593.72	532.66	4	4	238	0
593.48	742.89	4	5	331	0
600.11	479.85	5	5	513	0
600.04	580.43	5	6	482	0
599.82	691.91	5	5	484	0
599.81	792.64	5	5	579	0
606.72	251.84	6	6	884	0
606.64	285.81	6	5	761	0
606.74	319.22	6	5	774	0
606.48	353.01	6	5	912	0
606.52	386.82	6	5	854	0
606.32	420.40	6	6	951	0
606.09	634.33	5	6	1031	0
606.22	849.10	6	5	927	0
606.15	883.14	6	5	690	0
605.99	917.15	5	6	923	0
606.03	950.96	5	5	711	0
606.20	985.25	5	6	722	0
605.96	1019.30	5	6	917	0
626.74	532.98	5	5	306	0
626.27	743.13	4	4	312	0
633.19	480.13	5	5	559	0
632.93	580.38	5	5	458	0
633.28	691.98	5	5	431	0
633.18	792.82	5	5	386	0
640.12	252.53	5	6	830	0
640.37	285.72	6	6	898	0
640.09	319.91	5	5	913	0
639.90	353.10	5	6	1017	0
640.05	386.88	5	5	756	0
639.93	420.31	5	5	754	0
639.98	634.40	5	6	789	0
639.91	849.16	5	5	730	0
639.97	883.08	5	5	722	0
639.96	917.14	5	5	714	0
639.92	951.15	5	5	707	0
639.90	985.18	5	5	754	0
639.95	1019.39	5	6	803	0
659.24	743.20	5	5	400	0
659.36	533.44	4	4	345	0
666.22	480.42	5	5	499	0
666.36	692.14	5	5	585	0
666.18	792.89	5	5	476	0
666.34	580.74	4	5	343	0
673.62	252.84	6	5	769	0
673.70	320.10	6	5	764	0
673.41	387.63	5	5	586	0
673.60	421.04	6	5	655	0
673.57	634.76	6	5	776	0
673.68	849.23	6	5	718	0
673.60	883.09	6	5	706	0
673.59	917.21	6	5	746	0
673.61	951.16	6	5	831	0
673.62	985.12	6	5	724	0
673.64	1019.18	6	5	827	0
673.76	286.62	5	6	677	0
673.83	353.62	5	6	594	0
692.03	743.28	5	5	420	0
692.34	533.78	4	5	321	0
699.58	480.87	6	5	578	0
699.34	580.99	5	5	449	0
699.54	692.43	4	4	516	0
699.51	792.99	4	5	413	0
707.26	253.27	5	6	790	0
707.27	286.82	5	6	630	0
707.16	320.48	5	6	750	0
706.99	354.33	5	6	626	0
707.18	387.95	6	5	814	0
707.10	421.44	5	6	731	0
706.99	635.07	5	5	737	0
707.18	849.32	5	6	736	0
707.18	883.19	5	5	769	0
707.08	917.03	5	5	724	0
707.16	951.11	5	5	788	0
707.21	985.12	6	5	699	0
707.26	1019.14	6	6	763	0
725.08	534.00	5	5	346	0
725.10	743.42	5	6	482	0
732.34	581.52	5	6	503	0
732.79	481.11	5	5	593	0
732.77	692.58	5	6	581	0
732.86	792.85	5	5	408	0
740.72	253.80	6	5	790	0
740.53	287.37	6	6	806	0
740.65	321.05	6	5	792	0
740.50	354.47	6	6	893	0
740.57	388.14	6	5	785	0
740.55	421.81	6	5	755	0
740.50	635.32	6	6	877	0
740.68	883.28	6	6	880	0
740.78	917.04	6	5	778	0
740.74	951.13	6	5	865	0
740.76	985.12	6	5	762	0
740.68	1018.98	6	5	705	0
740.73	849.28	5	5	777	0
757.91	534.16	5	5	451	0
757.95	743.62	5	5	437	0
765.58	692.69	6	5	625	0
765.85	481.44	5	6	699	0
765.52	581.25	4	4	366	0
765.93	793.20	5	5	363	0
773.78	254.26	6	6	730	0
773.93	287.67	5	6	810	0
773.89	321.39	5	6	691	0
773.86	354.96	5	5	626	0
773.85	388.67	5	6	721	0
773.96	422.12	5	5	737	0
773.97	635.51	5	6	724	0
774.08	849.42	5	6	727	0
774.15	883.23	5	6	847	0
774.18	917.20	5	5	796	0
774.17	951.16	6	6	836	0
774.43	985.02	6	5	669	0
774.25	1019.02	5	5	734	0
790.77	534.21	5	5	444	0
790.81	743.79	5	5	430	0
798.71	481.67	6	6	715	0
798.92	581.91	5	5	501	0
799.03	692.78	5	5	528	0
799.05	793.37	5	4	299	0
807.10	254.55	5	6	656	0
807.22	288.10	6	5	798	0
807.22	321.67	5	6	820	0
807.23	355.32	5	6	818	0
807.24	389.00	6	5	814	0
807.20	422.55	5	6	749	0
807.30	635.74	6	5	771	0
807.65	883.22	6	5	855	0
807.65	917.15	6	5	867	0
807.72	951.20	6	6	890	0
807.79	984.88	6	5	764	0
807.78	1018.90	6	6	850	0
807.94	849.49	5	6	533	0
823.07	534.58	5	4	420	0
823.31	743.72	5	5	438	0
831.66	482.06	6	5	628	0
831.73	582.03	5	5	492	0
831.90	692.87	5	5	475	0
831.99	793.36	5	6	585	0
840.52	255.11	6	5	741	0
840.52	288.56	6	6	816	0
840.58	322.16	6	5	779	0
840.53	355.61	6	6	846	0
840.30	389.19	6	5	722	0
840.50	422.92	6	5	751	0
840.61	635.82	6	5	803	0
841.15	849.53	5	6	672	0
840.98	883.37	5	6	781	0
841.11	917.38	5	6	770	0
841.19	950.95	6	5	824	0
841.09	985.02	5	5	701	0
841.31	1018.96	6	5	760	0
855.65	534.79	5	5	432	0
855.80	743.99	5	5	468	0
864.51	482.47	6	6	728	0
864.82	582.40	5	6	536	0
864.99	693.22	5	5	571	0
865.07	793.52	5	6	547	0
873.65	255.54	6	6	816	0
873.65	289.03	6	5	673	0
873.72	322.46	6	6	812	0
873.78	356.07	6	5	742	0
873.61	389.65	6	6	711	0
873.76	423.20	5	5	752	0
873.93	636.07	5	5	728	0
874.40	849.60	6	6	733	0
874.45	883.50	6	6	769	0
874.52	917.13	6	5	773	0
874.62	951.11	6	5	745	0
874.70	984.88	6	5	723	0
874.71	1018.80	6	5	734	0
888.17	535.30	5	6	522	0
888.41	743.86	5	5	560	0
897.34	581.93	5	5	376	0
897.67	693.42	6	6	616	0
897.75	482.42	5	6	469	0
897.96	793.47	5	6	576	0
906.88	255.87	5	5	614	0
906.91	289.49	5	6	677	0
906.87	323.00	5	5	636	0
906.99	356.49	5	6	735	0
906.92	389.91	5	5	593	0
907.03	423.52	5	6	676	0
907.27	636.18	5	5	584	0
907.62	849.56	6	6	690	0
907.76	883.43	5	6	763	0
907.88	917.24	5	6	826	0
908.00	951.15	5	5	753	0
908.12	984.84	5	5	639	0
908.21	1018.87	5	5	609	0
