740.91	160.67	43.50	66.00	-12.00
689.56	162.33	39.00	66.00	-6.00
475.53	163.31	20.00	66.00	-6.00
577.03	162.99	29.00	66.00	-6.00
791.55	162.74	48.00	66.00	-6.00
882.85	163.59	56.00	66.00	0.00
917.17	163.56	59.00	66.00	0.00
951.45	163.34	62.00	66.00	0.00
631.53	164.53	34.00	66.00	0.00
848.57	164.10	53.00	66.00	0.00
985.88	163.51	65.00	66.00	0.00
279.36	166.33	3.00	66.00	0.00
313.47	166.37	6.00	66.00	0.00
347.32	166.12	9.00	66.00	0.00
381.52	166.24	12.00	66.00	0.00
415.46	166.24	15.00	66.00	0.00
245.06	166.89	0.00	66.00	0.00
741.26	194.38	43.50	63.00	-12.00
689.56	196.41	39.00	63.00	-6.00
475.84	197.19	20.00	63.00	-6.00
577.51	197.04	29.00	63.00	-6.00
791.54	196.33	48.00	63.00	-6.00
951.20	197.78	62.00	63.00	0.00
848.16	198.30	53.00	63.00	0.00
882.74	198.34	56.00	63.00	0.00
916.91	198.10	59.00	63.00	0.00
985.54	198.05	65.00	63.00	0.00
1020.02	197.74	68.00	63.00	0.00
631.58	199.01	34.00	63.00	0.00
279.83	200.59	3.00	63.00	0.00
313.82	200.51	6.00	63.00	0.00
347.63	200.46	9.00	63.00	0.00
381.72	200.44	12.00	63.00	0.00
415.89	200.28	15.00	63.00	0.00
245.74	200.82	0.00	63.00	0.00
741.39	228.38	43.50	60.00	-12.00
577.52	231.01	29.00	60.00	-6.00
689.92	230.62	39.00	60.00	-6.00
792.03	230.17	48.00	60.00	-6.00
848.56	232.63	53.00	60.00	0.00
882.68	232.42	56.00	60.00	0.00
916.93	232.47	59.00	60.00	0.00
951.24	232.08	62.00	60.00	0.00
985.58	232.22	65.00	60.00	0.00
1020.09	231.70	68.00	60.00	0.00
631.86	233.13	34.00	60.00	0.00
280.43	234.53	3.00	60.00	0.00
314.44	234.43	6.00	60.00	0.00
382.18	234.59	12.00	60.00	0.00
416.28	234.04	15.00	60.00	0.00
246.31	235.26	0.00	60.00	0.00
348.05	235.00	9.00	60.00	0.00
741.51	261.50	43.50	57.00	-12.00
530.15	262.16	24.50	57.00	-12.00
476.19	264.84	20.00	57.00	-6.00
577.99	264.50	29.00	57.00	-6.00
689.98	264.45	39.00	57.00	-6.00
882.71	266.71	56.00	57.00	0.00
916.97	266.59	59.00	57.00	0.00
951.27	266.45	62.00	57.00	0.00
985.87	266.44	65.00	57.00	0.00
632.34	267.42	34.00	57.00	0.00
848.50	266.82	53.00	57.00	0.00
1019.81	266.19	68.00	57.00	0.00
280.81	268.59	3.00	57.00	0.00
314.67	268.83	6.00	57.00	0.00
348.61	268.70	9.00	57.00	0.00
382.47	268.53	12.00	57.00	0.00
416.82	268.72	15.00	57.00	0.00
246.83	269.44	0.00	57.00	0.00
741.63	294.46	43.50	54.00	-12.00
530.51	295.03	24.50	54.00	-12.00
791.70	297.73	48.00	54.00	-6.00
476.95	299.08	20.00	54.00	-6.00
578.28	298.46	29.00	54.00	-6.00
690.47	298.35	39.00	54.00	-6.00
882.66	300.76	56.00	54.00	0.00
985.41	300.54	65.00	54.00	0.00
632.50	301.58	34.00	54.00	0.00
848.59	301.08	53.00	54.00	0.00
916.94	300.86	59.00	54.00	0.00
951.19	300.78	62.00	54.00	0.00
349.28	302.37	9.00	54.00	0.00
383.08	302.75	12.00	54.00	0.00
416.98	302.92	15.00	54.00	0.00
247.76	303.14	0.00	54.00	0.00
281.31	303.13	3.00	54.00	0.00
315.06	303.11	6.00	54.00	0.00
741.79	328.21	43.50	51.00	-12.00
690.32	332.06	39.00	51.00	-6.00
791.86	331.51	48.00	51.00	-6.00
477.69	332.28	20.00	51.00	-6.00
882.77	334.87	56.00	51.00	0.00
848.48	335.07	53.00	51.00	0.00
916.95	335.27	59.00	51.00	0.00
951.40	334.82	62.00	51.00	0.00
985.33	334.80	65.00	51.00	0.00
315.52	336.79	6.00	51.00	0.00
349.61	336.45	9.00	51.00	0.00
383.53	336.67	12.00	51.00	0.00
417.51	336.61	15.00	51.00	0.00
632.84	335.83	34.00	51.00	0.00
247.79	337.54	0.00	51.00	0.00
281.61	337.26	3.00	51.00	0.00
741.83	361.21	43.50	48.00	-12.00
531.00	361.99	24.50	48.00	-12.00
578.81	365.86	29.00	48.00	-6.00
690.55	365.62	39.00	48.00	-6.00
792.17	365.16	48.00	48.00	-6.00
477.20	366.19	20.00	48.00	-6.00
632.64	369.64	34.00	48.00	0.00
848.46	369.03	53.00	48.00	0.00
882.92	369.18	56.00	48.00	0.00
916.85	368.78	59.00	48.00	0.00
951.25	368.90	62.00	48.00	0.00
985.29	369.03	65.00	48.00	0.00
316.06	370.34	6.00	48.00	0.00
349.92	370.31	9.00	48.00	0.00
383.77	370.49	12.00	48.00	0.00
418.03	370.47	15.00	48.00	0.00
248.47	371.15	0.00	48.00	0.00
282.04	371.09	3.00	48.00	0.00
742.11	394.66	43.50	45.00	-12.00
531.29	395.02	24.50	45.00	-12.00
791.81	398.67	48.00	45.00	-6.00
478.30	399.85	20.00	45.00	-6.00
579.12	399.47	29.00	45.00	-6.00
690.83	399.03	39.00	45.00	-6.00
633.10	403.54	34.00	45.00	0.00
848.74	403.27	53.00	45.00	0.00
883.05	403.01	56.00	45.00	0.00
916.95	403.14	59.00	45.00	0.00
951.39	402.99	62.00	45.00	0.00
985.61	402.88	65.00	45.00	0.00
248.99	404.84	0.00	45.00	0.00
282.75	404.59	3.00	45.00	0.00
316.44	404.31	6.00	45.00	0.00
350.51	404.43	9.00	45.00	0.00
384.23	404.44	12.00	45.00	0.00
418.43	404.29	15.00	45.00	0.00
742.01	427.72	43.50	42.00	-12.00
478.08	433.36	20.00	42.00	-6.00
578.98	432.83	29.00	42.00	-6.00
691.16	432.69	39.00	42.00	-6.00
792.21	432.99	48.00	42.00	-6.00
633.33	437.49	34.00	42.00	0.00
848.72	437.10	53.00	42.00	0.00
882.80	437.10	56.00	42.00	0.00
917.22	437.07	59.00	42.00	0.00
951.26	436.77	62.00	42.00	0.00
985.47	436.98	65.00	42.00	0.00
1019.64	436.76	68.00	42.00	0.00
249.24	438.65	0.00	42.00	0.00
283.13	438.28	3.00	42.00	0.00
316.93	438.28	6.00	42.00	0.00
350.75	438.22	9.00	42.00	0.00
384.71	438.40	12.00	42.00	0.00
418.88	438.01	15.00	42.00	0.00
531.52	461.49	24.50	39.00	-12.00
742.12	461.10	43.50	39.00	-12.00
792.29	466.12	48.00	39.00	-6.00
478.64	466.70	20.00	39.00	-6.00
691.15	466.31	39.00	39.00	-6.00
579.34	466.89	29.00	39.00	-6.00
985.34	470.53	65.00	39.00	0.00
283.59	471.84	3.00	39.00	0.00
317.30	471.83	6.00	39.00	0.00
633.60	471.41	34.00	39.00	0.00
848.75	471.01	53.00	39.00	0.00
883.03	471.00	56.00	39.00	0.00
917.30	470.94	59.00	39.00	0.00
951.31	471.06	62.00	39.00	0.00
1019.33	470.97	68.00	39.00	0.00
249.70	472.38	0.00	39.00	0.00
351.30	471.95	9.00	39.00	0.00
385.14	471.93	12.00	39.00	0.00
419.13	471.86	15.00	39.00	0.00
532.01	494.17	24.50	36.00	-12.00
742.64	494.24	43.50	36.00	-12.00
478.96	500.00	20.00	36.00	-6.00
579.64	499.90	29.00	36.00	-6.00
691.38	499.54	39.00	36.00	-6.00
792.48	499.48	48.00	36.00	-6.00
951.09	504.66	62.00	36.00	0.00
1019.48	504.44	68.00	36.00	0.00
284.21	505.69	3.00	36.00	0.00
351.52	505.41	9.00	36.00	0.00
385.35	505.59	12.00	36.00	0.00
419.24	505.55	15.00	36.00	0.00
633.57	505.18	34.00	36.00	0.00
848.82	505.29	53.00	36.00	0.00
882.93	504.93	56.00	36.00	0.00
916.94	505.00	59.00	36.00	0.00
985.40	504.76	65.00	36.00	0.00
250.53	505.76	0.00	36.00	0.00
317.94	506.01	6.00	36.00	0.00
742.70	527.26	43.50	33.00	-12.00
531.97	527.99	24.50	33.00	-12.00
691.46	533.03	39.00	33.00	-6.00
478.95	533.49	20.00	33.00	-6.00
580.29	533.44	29.00	33.00	-6.00
792.39	533.35	48.00	33.00	-6.00
882.97	538.68	56.00	33.00	0.00
917.17	538.56	59.00	33.00	0.00
951.11	538.65	62.00	33.00	0.00
985.24	538.69	65.00	33.00	0.00
1019.45	538.49	68.00	33.00	0.00
250.85	539.66	0.00	33.00	0.00
284.52	539.49	3.00	33.00	0.00
318.46	539.56	6.00	33.00	0.00
352.15	539.40	9.00	33.00	0.00
386.10	539.25	12.00	33.00	0.00
532.63	560.37	24.50	30.00	-12.00
742.54	560.55	43.50	30.00	-12.00
479.68	566.89	20.00	30.00	-6.00
580.00	566.56	29.00	30.00	-6.00
691.74	566.57	39.00	30.00	-6.00
792.61	566.44	48.00	30.00	-6.00
319.02	573.05	6.00	30.00	0.00
386.45	572.81	12.00	30.00	0.00
634.00	572.46	34.00	30.00	0.00
848.91	572.65	53.00	30.00	0.00
883.22	572.50	56.00	30.00	0.00
916.95	572.54	59.00	30.00	0.00
951.19	572.37	62.00	30.00	0.00
985.17	572.35	65.00	30.00	0.00
1019.32	572.28	68.00	30.00	0.00
251.43	573.07	0.00	30.00	0.00
284.97	573.24	3.00	30.00	0.00
352.58	573.03	9.00	30.00	0.00
420.18	572.65	15.00	30.00	0.00
532.66	593.72	24.50	27.00	-12.00
742.89	593.48	43.50	27.00	-12.00
479.85	600.11	20.00	27.00	-6.00
580.43	600.04	29.00	27.00	-6.00
691.91	599.82	39.00	27.00	-6.00
792.64	599.81	48.00	27.00	-6.00
251.84	606.72	0.00	27.00	0.00
285.81	606.64	3.00	27.00	0.00
319.22	606.74	6.00	27.00	0.00
353.01	606.48	9.00	27.00	0.00
386.82	606.52	12.00	27.00	0.00
420.40	606.32	15.00	27.00	0.00
634.33	606.09	34.00	27.00	0.00
849.10	606.22	53.00	27.00	0.00
883.14	606.15	56.00	27.00	0.00
917.15	605.99	59.00	27.00	0.00
950.96	606.03	62.00	27.00	0.00
985.25	606.20	65.00	27.00	0.00
1019.30	605.96	68.00	27.00	0.00
532.98	626.74	24.50	24.00	-12.00
743.13	626.27	43.50	24.00	-12.00
480.13	633.19	20.00	24.00	-6.00
580.38	632.93	29.00	24.00	-6.00
691.98	633.28	39.00	24.00	-6.00
792.82	633.18	48.00	24.00	-6.00
252.53	640.12	0.00	24.00	0.00
285.72	640.37	3.00	24.00	0.00
319.91	640.09	6.00	24.00	0.00
353.10	639.90	9.00	24.00	0.00
386.88	640.05	12.00	24.00	0.00
420.31	639.93	15.00	24.00	0.00
634.40	639.98	34.00	24.00	0.00
849.16	639.91	53.00	24.00	0.00
883.08	639.97	56.00	24.00	0.00
917.14	639.96	59.00	24.00	0.00
951.15	639.92	62.00	24.00	0.00
985.18	639.90	65.00	24.00	0.00
1019.39	639.95	68.00	24.00	0.00
743.20	659.24	43.50	21.00	-12.00
533.44	659.36	24.50	21.00	-12.00
480.42	666.22	20.00	21.00	-6.00
692.14	666.36	39.00	21.00	-6.00
792.89	666.18	48.00	21.00	-6.00
580.74	666.34	29.00	21.00	-6.00
252.84	673.62	0.00	21.00	0.00
320.10	673.70	6.00	21.00	0.00
387.63	673.41	12.00	21.00	0.00
421.04	673.60	15.00	21.00	0.00
634.76	673.57	34.00	21.00	0.00
849.23	673.68	53.00	21.00	0.00
883.09	673.60	56.00	21.00	0.00
917.21	673.59	59.00	21.00	0.00
951.16	673.61	62.00	21.00	0.00
985.12	673.62	65.00	21.00	0.00
1019.18	673.64	68.00	21.00	0.00
286.62	673.76	3.00	21.00	0.00
353.62	673.83	9.00	21.00	0.00
743.28	692.03	43.50	18.00	-12.00
533.78	692.34	24.50	18.00	-12.00
480.87	699.58	20.00	18.00	-6.00
580.99	699.34	29.00	18.00	-6.00
692.43	699.54	39.00	18.00	-6.00
792.99	699.51	48.00	18.00	-6.00
253.27	707.26	0.00	18.00	0.00
286.82	707.27	3.00	18.00	0.00
320.48	707.16	6.00	18.00	0.00
354.33	706.99	9.00	18.00	0.00
387.95	707.18	12.00	18.00	0.00
421.44	707.10	15.00	18.00	0.00
635.07	706.99	34.00	18.00	0.00
849.32	707.18	53.00	18.00	0.00
883.19	707.18	56.00	18.00	0.00
917.03	707.08	59.00	18.00	0.00
951.11	707.16	62.00	18.00	0.00
985.12	707.21	65.00	18.00	0.00
1019.14	707.26	68.00	18.00	0.00
534.00	725.08	24.50	15.00	-12.00
743.42	725.10	43.50	15.00	-12.00
581.52	732.34	29.00	15.00	-6.00
481.11	732.79	20.00	15.00	-6.00
692.58	732.77	39.00	15.00	-6.00
792.85	732.86	48.00	15.00	-6.00
253.80	740.72	0.00	15.00	0.00
287.37	740.53	3.00	15.00	0.00
321.05	740.65	6.00	15.00	0.00
354.47	740.50	9.00	15.00	0.00
388.14	740.57	12.00	15.00	0.00
421.81	740.55	15.00	15.00	0.00
635.32	740.50	34.00	15.00	0.00
883.28	740.68	56.00	15.00	0.00
917.04	740.78	59.00	15.00	0.00
951.13	740.74	62.00	15.00	0.00
985.12	740.76	65.00	15.00	0.00
1018.98	740.68	68.00	15.00	0.00
849.28	740.73	53.00	15.00	0.00
534.16	757.91	24.50	12.00	-12.00
743.62	757.95	43.50	12.00	-12.00
692.69	765.58	39.00	12.00	-6.00
481.44	765.85	20.00	12.00	-6.00
581.25	765.52	29.00	12.00	-6.00
793.20	765.93	48.00	12.00	-6.00
254.26	773.78	0.00	12.00	0.00
287.67	773.93	3.00	12.00	0.00
321.39	773.89	6.00	12.00	0.00
354.96	773.86	9.00	12.00	0.00
388.67	773.85	12.00	12.00	0.00
422.12	773.96	15.00	12.00	0.00
635.51	773.97	34.00	12.00	0.00
849.42	774.08	53.00	12.00	0.00
883.23	774.15	56.00	12.00	0.00
917.20	774.18	59.00	12.00	0.00
951.16	774.17	62.00	12.00	0.00
985.02	774.43	65.00	12.00	0.00
1019.02	774.25	68.00	12.00	0.00
534.21	790.77	24.50	9.00	-12.00
743.79	790.81	43.50	9.00	-12.00
481.67	798.71	20.00	9.00	-6.00
581.91	798.92	29.00	9.00	-6.00
692.78	799.03	39.00	9.00	-6.00
793.37	799.05	48.00	9.00	-6.00
254.55	807.10	0.00	9.00	0.00
288.10	807.22	3.00	9.00	0.00
321.67	807.22	6.00	9.00	0.00
355.32	807.23	9.00	9.00	0.00
389.00	807.24	12.00	9.00	0.00
422.55	807.20	15.00	9.00	0.00
635.74	807.30	34.00	9.00	0.00
883.22	807.65	56.00	9.00	0.00
917.15	807.65	59.00	9.00	0.00
951.20	807.72	62.00	9.00	0.00
984.88	807.79	65.00	9.00	0.00
1018.90	807.78	68.00	9.00	0.00
849.49	807.94	53.00	9.00	0.00
534.58	823.07	24.50	6.00	-12.00
743.72	823.31	43.50	6.00	-12.00
482.06	831.66	20.00	6.00	-6.00
582.03	831.73	29.00	6.00	-6.00
692.87	831.90	39.00	6.00	-6.00
793.36	831.99	48.00	6.00	-6.00
255.11	840.52	0.00	6.00	0.00
288.56	840.52	3.00	6.00	0.00
322.16	840.58	6.00	6.00	0.00
355.61	840.53	9.00	6.00	0.00
389.19	840.30	12.00	6.00	0.00
422.92	840.50	15.00	6.00	0.00
635.82	840.61	34.00	6.00	0.00
849.53	841.15	53.00	6.00	0.00
883.37	840.98	56.00	6.00	0.00
917.38	841.11	59.00	6.00	0.00
950.95	841.19	62.00	6.00	0.00
985.02	841.09	65.00	6.00	0.00
1018.96	841.31	68.00	6.00	0.00
534.79	855.65	24.50	3.00	-12.00
743.99	855.80	43.50	3.00	-12.00
482.47	864.51	20.00	3.00	-6.00
582.40	864.82	29.00	3.00	-6.00
693.22	864.99	39.00	3.00	-6.00
793.52	865.07	48.00	3.00	-6.00
255.54	873.65	0.00	3.00	0.00
289.03	873.65	3.00	3.00	0.00
322.46	873.72	6.00	3.00	0.00
356.07	873.78	9.00	3.00	0.00
389.65	873.61	12.00	3.00	0.00
423.20	873.76	15.00	3.00	0.00
636.07	873.93	34.00	3.00	0.00
849.60	874.40	53.00	3.00	0.00
883.50	874.45	56.00	3.00	0.00
917.13	874.52	59.00	3.00	0.00
951.11	874.62	62.00	3.00	0.00
984.88	874.70	65.00	3.00	0.00
1018.80	874.71	68.00	3.00	0.00
535.30	888.17	24.50	0.00	-12.00
743.86	888.41	43.50	0.00	-12.00
581.93	897.34	29.00	0.00	-6.00
693.42	897.67	39.00	0.00	-6.00
482.42	897.75	20.00	0.00	-6.00
793.47	897.96	48.00	0.00	-6.00
255.87	906.88	0.00	0.00	0.00
289.49	906.91	3.00	0.00	0.00
323.00	906.87	6.00	0.00	0.00
356.49	906.99	9.00	0.00	0.00
389.91	906.92	12.00	0.00	0.00
423.52	907.03	15.00	0.00	0.00
636.18	907.27	34.00	0.00	0.00
849.56	907.62	53.00	0.00	0.00
883.43	907.76	56.00	0.00	0.00
917.24	907.88	59.00	0.00	0.00
951.15	908.00	62.00	0.00	0.00
984.84	908.12	65.00	0.00	0.00
1018.87	908.21	68.00	0.00	0.00
