116.88	276.70	7	7	1123	0
117.50	240.39	6	6	848	0
118.82	312.59	7	6	928	0
118.46	348.08	7	7	1024	0
120.67	383.80	7	6	820	0
121.99	419.10	7	5	929	0
123.53	467.35	7	6	811	0
124.24	641.62	6	7	919	0
126.29	572.25	5	4	199	0
127.92	686.57	7	6	578	0
128.00	508.98	3	3	104	0
129.63	859.94	6	5	553	0
129.45	894.28	6	6	386	0
130.54	928.21	7	6	594	0
131.00	789.49	5	4	253	0
130.77	962.05	5	5	379	0
131.36	996.24	6	5	327	0
131.30	1029.22	4	3	113	0
133.13	725.20	4	5	204	0
152.80	240.08	5	6	425	0
153.27	276.18	6	6	434	0
154.78	312.36	6	6	798	0
155.71	347.81	7	6	621	0
156.66	383.63	6	6	691	0
157.71	418.98	6	5	631	0
159.30	467.07	6	5	608	0
159.74	641.37	7	6	718	0
162.15	571.96	5	5	300	0
163.27	686.19	6	5	559	0
163.64	508.85	4	3	101	0
164.42	859.42	6	6	509	0
165.39	893.76	6	5	441	0
165.53	927.71	6	6	419	0
166.24	788.92	5	5	265	0
166.24	961.77	6	5	397	0
167.62	995.32	6	6	491	0
167.77	724.64	4	4	174	0
167.61	1029.10	4	3	132	0
181.01	833.70	3	3	112	0
189.80	276.50	7	6	565	0
190.85	240.15	6	5	683	0
190.14	312.05	7	7	792	0
192.01	347.42	7	6	676	0
191.72	418.83	7	6	752	0
192.75	383.34	7	6	579	0
195.73	640.97	5	7	410	0
195.79	466.48	3	4	116	0
197.13	571.50	5	4	219	0
198.93	685.77	7	5	439	0
198.37	508.26	4	3	92	0
199.96	893.62	7	6	597	0
199.77	859.47	5	6	386	0
200.88	960.97	7	5	554	0
200.85	789.11	5	4	176	0
200.43	927.39	4	6	282	0
201.99	995.52	5	4	244	0
202.36	724.23	4	4	132	0
202.99	1028.64	5	4	199	0
227.18	239.99	8	5	797	0
225.21	275.79	7	6	1085	0
228.16	311.59	7	6	829	0
227.50	347.84	6	6	423	0
228.83	382.94	6	6	713	0
230.00	418.44	6	6	719	0
231.01	640.93	6	6	768	0
231.51	466.08	4	4	182	0
232.51	571.12	4	4	178	0
233.31	507.88	3	3	77	0
234.82	685.60	5	4	278	0
235.41	859.11	6	5	444	0
235.71	893.10	6	5	494	0
235.62	788.66	4	4	190	0
236.43	926.94	6	5	414	0
236.82	961.18	5	5	317	0
237.18	994.69	5	5	306	0
237.62	1028.43	5	4	145	0
237.73	724.01	3	3	75	0
262.99	239.92	8	6	830	0
262.32	347.32	7	6	1107	0
263.70	275.66	6	6	661	0
264.25	311.25	7	6	677	0
265.38	382.85	7	5	803	0
265.86	418.03	7	5	714	0
266.90	466.34	5	4	289	0
267.39	640.62	6	6	645	0
267.76	570.99	4	5	193	0
268.60	507.24	4	3	88	0
270.04	892.58	7	6	635	0
269.91	685.44	5	4	267	0
270.37	859.09	6	5	414	0
270.73	787.87	5	5	201	0
271.46	926.83	6	5	456	0
271.59	960.80	5	5	274	0
272.05	994.30	5	5	348	0
272.18	723.63	4	4	161	0
298.09	239.55	6	6	546	0
299.58	275.30	8	6	755	0
299.64	311.46	7	6	661	0
299.16	347.31	6	7	616	0
301.38	382.65	7	5	920	0
301.54	418.04	7	5	788	0
302.17	466.87	5	5	309	0
302.88	640.60	7	6	609	0
303.27	570.71	5	4	212	0
305.03	685.04	5	5	287	0
305.74	892.52	7	6	569	0
305.99	787.47	5	4	231	0
306.16	858.23	5	6	471	0
306.54	926.16	6	5	381	0
306.62	960.24	6	5	344	0
306.47	723.36	4	5	196	0
306.90	993.83	5	5	372	0
308.96	1027.99	6	3	297	0
335.77	239.48	7	6	769	0
334.11	311.25	7	7	1136	0
336.17	275.11	7	5	836	0
336.02	346.77	7	6	1018	0
336.85	417.94	8	5	855	0
337.13	382.09	7	5	749	0
337.66	465.52	5	4	256	0
338.38	639.33	6	6	514	0
338.49	507.49	4	4	156	0
338.33	570.31	4	4	178	0
340.28	684.45	5	4	283	0
341.33	722.99	5	3	175	0
340.85	857.23	5	5	236	0
341.52	892.11	6	5	485	0
341.13	926.11	5	5	353	0
341.71	960.04	6	5	307	0
342.49	993.54	6	4	267	0
371.24	239.40	7	6	953	0
371.10	275.38	7	6	905	0
370.26	310.81	7	7	1109	0
371.56	346.94	6	6	583	0
372.77	417.76	8	5	740	0
372.63	382.29	6	6	695	0
373.15	465.96	5	5	329	0
373.33	639.56	7	6	854	0
373.36	507.11	4	3	96	0
374.46	570.43	4	5	240	0
375.24	684.37	5	4	196	0
376.01	892.04	7	5	586	0
375.68	723.09	4	3	143	0
375.87	787.08	5	3	144	0
376.56	857.54	6	6	467	0
376.65	925.66	6	6	408	0
377.04	959.85	5	5	334	0
377.26	993.26	6	5	333	0
407.79	239.02	6	5	639	0
407.63	274.84	6	6	931	0
408.01	311.15	7	6	775	0
408.64	417.48	8	6	829	0
408.36	346.55	6	6	782	0
408.84	382.04	7	5	725	0
408.87	465.44	6	6	445	0
408.82	639.19	7	6	781	0
408.49	506.96	4	3	138	0
409.43	569.86	4	5	258	0
410.35	684.21	4	5	191	0
410.35	722.56	4	4	166	0
411.55	857.28	6	6	560	0
411.54	891.41	6	6	530	0
411.90	925.20	6	5	419	0
412.08	959.12	6	5	464	0
411.35	786.63	4	4	204	0
412.25	993.10	6	5	336	0
412.14	1027.07	5	4	156	0
442.44	274.49	7	6	1035	0
442.53	310.19	7	6	983	0
443.56	238.53	6	6	689	0
444.16	346.35	7	6	614	0
444.74	381.85	6	5	884	0
444.64	417.32	7	5	641	0
444.15	465.04	5	5	340	0
443.43	506.78	4	3	122	0
445.16	569.43	5	5	220	0
445.37	639.07	6	5	377	0
445.19	683.61	5	4	236	0
445.03	722.47	5	4	210	0
445.76	786.86	5	4	181	0
446.65	856.83	6	6	517	0
446.79	891.09	6	5	520	0
446.42	925.36	6	5	420	0
446.72	992.75	7	6	565	0
446.95	959.03	5	5	325	0
447.61	1025.82	6	4	250	0
479.07	238.65	7	6	1054	0
479.66	274.48	6	6	890	0
480.41	310.28	7	5	820	0
480.01	345.99	7	6	922	0
480.26	381.51	7	6	966	0
479.72	416.64	6	6	1026	0
479.06	464.78	5	5	262	0
478.31	506.87	4	3	106	0
479.89	569.47	5	4	197	0
480.53	639.14	6	6	557	0
480.62	683.22	5	4	190	0
479.47	722.29	4	4	183	0
480.69	785.77	5	5	235	0
481.81	958.32	6	6	551	0
481.98	1026.20	7	6	657	0
482.75	856.58	6	5	434	0
482.31	890.58	6	6	607	0
482.47	924.35	6	6	558	0
482.26	992.28	6	5	389	0
513.57	505.99	4	5	222	0
516.10	238.54	7	6	875	0
516.10	274.41	7	6	935	0
516.96	310.21	8	6	1198	0
516.53	345.80	7	6	1038	0
516.05	381.59	7	6	1037	0
514.84	416.61	6	4	204	0
514.79	464.56	5	4	289	0
514.99	569.23	5	5	273	0
513.76	638.09	3	4	94	0
514.55	721.74	4	4	185	0
515.65	683.33	4	4	243	0
515.82	785.69	5	5	235	0
516.94	890.43	7	6	557	0
517.25	924.44	7	6	754	0
517.53	958.23	6	6	647	0
516.92	992.09	5	5	362	0
517.41	1025.62	6	6	660	0
518.16	857.12	3	3	116	0
548.69	505.97	4	5	229	0
548.73	721.43	4	4	215	0
551.88	310.19	8	7	1085	0
551.39	416.71	8	6	1179	0
550.31	464.38	6	6	598	0
550.04	568.95	5	5	375	0
551.17	638.00	7	6	1007	0
550.49	683.05	6	5	465	0
550.38	785.26	5	5	245	0
551.57	238.35	6	6	693	0
552.03	273.97	7	7	1124	0
552.03	345.61	7	6	1102	0
552.00	381.34	7	6	1094	0
552.14	890.29	7	6	590	0
552.34	923.99	7	5	699	0
551.95	1025.45	7	6	674	0
552.18	856.09	5	5	493	0
552.36	958.05	6	6	693	0
552.54	991.58	6	6	687	0
583.37	505.51	5	4	252	0
583.43	721.11	4	5	222	0
585.56	463.82	6	6	540	0
585.56	568.85	6	5	489	0
585.48	682.95	6	5	514	0
585.40	785.15	6	5	490	0
587.57	345.52	8	6	993	0
587.32	637.86	7	6	1042	0
586.90	855.89	7	6	904	0
586.56	923.54	6	6	875	0
586.80	1025.18	7	6	738	0
587.90	238.20	7	7	924	0
588.35	274.04	7	5	1037	0
587.84	309.85	7	6	892	0
587.92	381.01	7	6	997	0
587.42	416.20	7	7	1147	0
587.16	890.04	6	5	596	0
587.20	957.26	6	6	655	0
587.28	991.32	6	6	625	0
618.37	505.20	6	5	396	0
618.02	721.03	5	5	372	0
620.46	567.95	6	5	430	0
620.54	682.22	6	5	379	0
620.17	784.89	5	5	341	0
620.97	464.13	5	6	578	0
623.71	238.00	8	5	1083	0
623.42	309.70	8	6	1163	0
623.10	344.77	7	7	1082	0
623.06	415.71	7	7	1045	0
622.76	637.51	6	6	756	0
622.42	855.40	6	6	640	0
622.35	889.49	6	6	609	0
622.26	923.22	6	6	622	0
622.21	957.46	6	6	601	0
622.40	990.99	6	5	654	0
622.09	1024.62	5	6	575	0
624.21	273.71	7	6	928	0
623.60	380.52	7	6	924	0
652.45	720.71	5	5	329	0
653.23	505.22	5	5	328	0
655.47	682.21	6	5	560	0
655.05	784.70	5	6	475	0
656.16	463.66	5	6	492	0
655.72	567.69	5	6	377	0
657.00	990.73	7	6	568	0
656.90	1024.42	6	6	671	0
657.74	855.01	6	5	525	0
657.41	888.89	6	6	640	0
657.45	923.12	6	6	591	0
657.45	956.82	6	6	691	0
658.30	637.51	6	6	752	0
660.15	237.59	7	6	779	0
659.72	273.73	6	6	688	0
659.73	309.22	6	6	706	0
659.48	344.63	6	6	631	0
659.09	380.50	5	6	622	0
659.24	415.82	6	6	655	0
687.07	720.38	5	5	383	0
688.20	505.09	5	5	381	0
690.71	567.70	6	6	425	0
690.58	681.96	6	5	583	0
690.04	784.20	5	5	398	0
691.53	463.62	6	6	645	0
692.17	956.65	7	6	682	0
691.90	990.39	6	6	564	0
691.66	1024.10	6	6	612	0
692.63	854.90	6	6	684	0
692.52	888.70	6	6	724	0
692.24	922.63	6	6	629	0
693.73	637.45	6	6	717	0
695.80	309.12	6	7	764	0
695.37	344.57	6	6	675	0
695.39	380.23	6	6	813	0
695.15	415.59	6	6	760	0
696.25	237.52	6	6	782	0
696.00	273.34	5	6	664	0
721.69	720.11	6	5	419	0
723.26	504.71	6	5	408	0
724.59	784.05	6	5	339	0
725.50	681.77	6	6	603	0
726.83	463.38	6	6	664	0
726.10	567.59	5	6	437	0
726.99	956.30	7	6	703	0
726.94	989.95	6	5	591	0
726.53	1023.70	6	6	591	0
727.85	854.63	6	6	681	0
727.62	888.46	6	6	764	0
727.47	922.55	6	6	707	0
729.26	637.03	7	6	793	0
731.08	379.98	7	7	775	0
730.88	415.52	6	6	761	0
731.86	272.95	6	7	810	0
731.81	308.85	6	6	826	0
731.43	344.29	6	6	840	0
732.35	237.32	6	6	791	0
756.12	719.87	5	5	394	0
757.99	504.42	5	6	413	0
759.55	783.93	6	5	438	0
760.57	681.66	6	6	585	0
761.07	566.87	5	5	407	0
762.02	955.86	7	6	727	0
761.89	989.92	7	5	620	0
761.50	1023.51	6	6	649	0
762.28	463.01	6	5	616	0
762.93	854.27	6	6	694	0
762.71	888.26	6	6	750	0
762.43	922.22	6	6	734	0
764.50	637.11	6	6	644	0
767.24	344.64	7	6	754	0
766.94	379.72	6	6	748	0
766.62	415.18	6	6	782	0
767.99	272.75	7	6	871	0
767.61	308.69	6	6	766	0
768.32	237.22	6	6	774	0
790.85	719.85	5	5	386	0
792.73	504.17	6	5	449	0
794.31	783.36	5	5	319	0
795.32	681.29	6	6	575	0
796.23	566.72	5	6	418	0
796.95	955.72	7	6	710	0
796.63	989.52	6	6	643	0
796.45	1023.07	6	5	689	0
797.54	462.80	6	6	653	0
797.61	888.12	6	6	722	0
797.29	921.95	6	7	801	0
798.32	854.39	6	6	605	0
799.92	636.61	6	6	698	0
802.77	379.62	6	6	816	0
802.40	414.80	6	6	839	0
803.98	272.75	7	6	817	0
803.53	308.43	6	6	807	0
803.13	344.05	6	7	724	0
804.24	236.64	6	6	712	0
825.19	719.46	6	6	443	0
827.73	503.99	6	5	473	0
829.14	783.18	5	6	511	0
830.21	680.96	5	5	462	0
831.10	1022.69	7	6	646	0
831.62	566.91	6	5	514	0
832.24	921.63	7	6	789	0
831.76	955.34	6	6	736	0
831.47	989.30	6	6	635	0
832.80	462.69	6	6	653	0
832.56	887.72	6	6	769	0
833.10	853.77	5	6	589	0
835.46	636.35	6	6	730	0
838.81	236.47	10	6	1082	0
838.14	414.65	7	6	828	0
838.99	343.85	7	6	797	0
838.42	379.08	6	6	706	0
839.90	272.45	6	6	846	0
839.47	308.28	6	6	827	0
859.74	719.15	6	5	443	0
862.37	503.95	6	5	411	0
863.83	782.87	6	5	567	0
865.41	680.77	6	6	591	0
865.83	1022.54	6	6	606	0
866.85	566.68	6	6	481	0
866.63	955.18	6	6	593	0
866.57	988.98	6	5	576	0
868.04	462.68	7	6	600	0
867.90	853.52	6	6	624	0
867.55	887.76	6	6	638	0
867.25	921.43	6	6	618	0
870.83	636.00	6	7	687	0
873.80	414.52	6	6	831	0
874.86	343.59	6	6	748	0
874.20	379.16	6	7	733	0
875.76	272.56	6	6	757	0
875.44	308.15	6	6	848	0
876.37	236.40	6	6	817	0
894.36	719.02	6	5	470	0
897.17	503.87	7	5	518	0
898.74	782.65	6	6	584	0
900.05	680.48	6	6	644	0
900.85	1022.24	6	5	506	0
901.28	565.94	5	5	372	0
901.66	954.83	6	6	651	0
901.23	988.57	6	6	555	0
902.69	887.23	6	6	603	0
902.20	921.03	6	6	657	0
903.71	462.14	6	5	333	0
903.29	853.06	6	5	585	0
906.48	635.81	6	6	560	0
909.48	414.33	6	6	756	0
910.83	343.46	6	6	739	0
910.28	378.82	6	6	617	0
911.96	272.19	6	6	682	0
911.38	307.78	6	6	688	0
912.64	236.37	6	6	692	0
