276.70	116.88	3.00	66.00	0.00
240.39	117.50	0.00	66.00	0.00
312.59	118.82	6.00	66.00	0.00
348.08	118.46	9.00	66.00	0.00
383.80	120.67	12.00	66.00	0.00
419.10	121.99	15.00	66.00	0.00
467.35	123.53	20.00	66.00	-6.00
641.62	124.24	34.00	66.00	0.00
572.25	126.29	29.00	66.00	-6.00
686.57	127.92	39.00	66.00	-6.00
508.98	128.00	24.50	66.00	-12.00
859.94	129.63	53.00	66.00	0.00
894.28	129.45	56.00	66.00	0.00
928.21	130.54	59.00	66.00	0.00
789.49	131.00	48.00	66.00	-6.00
962.05	130.77	62.00	66.00	0.00
996.24	131.36	65.00	66.00	0.00
1029.22	131.30	68.00	66.00	0.00
725.20	133.13	43.50	66.00	-12.00
240.08	152.80	0.00	63.00	0.00
276.18	153.27	3.00	63.00	0.00
312.36	154.78	6.00	63.00	0.00
347.81	155.71	9.00	63.00	0.00
383.63	156.66	12.00	63.00	0.00
418.98	157.71	15.00	63.00	0.00
467.07	159.30	20.00	63.00	-6.00
641.37	159.74	34.00	63.00	0.00
571.96	162.15	29.00	63.00	-6.00
686.19	163.27	39.00	63.00	-6.00
508.85	163.64	24.50	63.00	-12.00
859.42	164.42	53.00	63.00	0.00
893.76	165.39	56.00	63.00	0.00
927.71	165.53	59.00	63.00	0.00
788.92	166.24	48.00	63.00	-6.00
961.77	166.24	62.00	63.00	0.00
995.32	167.62	65.00	63.00	0.00
724.64	167.77	43.50	63.00	-12.00
1029.10	167.61	68.00	63.00	0.00
276.50	189.80	3.00	60.00	0.00
240.15	190.85	0.00	60.00	0.00
312.05	190.14	6.00	60.00	0.00
347.42	192.01	9.00	60.00	0.00
418.83	191.72	15.00	60.00	0.00
383.34	192.75	12.00	60.00	0.00
640.97	195.73	34.00	60.00	0.00
466.48	195.79	20.00	60.00	-6.00
571.50	197.13	29.00	60.00	-6.00
685.77	198.93	39.00	60.00	-6.00
508.26	198.37	24.50	60.00	-12.00
893.62	199.96	56.00	60.00	0.00
859.47	199.77	53.00	60.00	0.00
960.97	200.88	62.00	60.00	0.00
789.11	200.85	48.00	60.00	-6.00
927.39	200.43	59.00	60.00	0.00
995.52	201.99	65.00	60.00	0.00
724.23	202.36	43.50	60.00	-12.00
1028.64	202.99	68.00	60.00	0.00
239.99	227.18	0.00	57.00	0.00
275.79	225.21	3.00	57.00	0.00
311.59	228.16	6.00	57.00	0.00
347.84	227.50	9.00	57.00	0.00
382.94	228.83	12.00	57.00	0.00
418.44	230.00	15.00	57.00	0.00
640.93	231.01	34.00	57.00	0.00
466.08	231.51	20.00	57.00	-6.00
571.12	232.51	29.00	57.00	-6.00
507.88	233.31	24.50	57.00	-12.00
685.60	234.82	39.00	57.00	-6.00
859.11	235.41	53.00	57.00	0.00
893.10	235.71	56.00	57.00	0.00
788.66	235.62	48.00	57.00	-6.00
926.94	236.43	59.00	57.00	0.00
961.18	236.82	62.00	57.00	0.00
994.69	237.18	65.00	57.00	0.00
1028.43	237.62	68.00	57.00	0.00
724.01	237.73	43.50	57.00	-12.00
239.92	262.99	0.00	54.00	0.00
347.32	262.32	9.00	54.00	0.00
275.66	263.70	3.00	54.00	0.00
311.25	264.25	6.00	54.00	0.00
382.85	265.38	12.00	54.00	0.00
418.03	265.86	15.00	54.00	0.00
466.34	266.90	20.00	54.00	-6.00
640.62	267.39	34.00	54.00	0.00
570.99	267.76	29.00	54.00	-6.00
507.24	268.60	24.50	54.00	-12.00
892.58	270.04	56.00	54.00	0.00
685.44	269.91	39.00	54.00	-6.00
859.09	270.37	53.00	54.00	0.00
787.87	270.73	48.00	54.00	-6.00
926.83	271.46	59.00	54.00	0.00
960.80	271.59	62.00	54.00	0.00
994.30	272.05	65.00	54.00	0.00
723.63	272.18	43.50	54.00	-12.00
239.55	298.09	0.00	51.00	0.00
275.30	299.58	3.00	51.00	0.00
311.46	299.64	6.00	51.00	0.00
347.31	299.16	9.00	51.00	0.00
382.65	301.38	12.00	51.00	0.00
418.04	301.54	15.00	51.00	0.00
466.87	302.17	20.00	51.00	-6.00
640.60	302.88	34.00	51.00	0.00
570.71	303.27	29.00	51.00	-6.00
685.04	305.03	39.00	51.00	-6.00
892.52	305.74	56.00	51.00	0.00
787.47	305.99	48.00	51.00	-6.00
858.23	306.16	53.00	51.00	0.00
926.16	306.54	59.00	51.00	0.00
960.24	306.62	62.00	51.00	0.00
723.36	306.47	43.50	51.00	-12.00
993.83	306.90	65.00	51.00	0.00
1027.99	308.96	68.00	51.00	0.00
239.48	335.77	0.00	48.00	0.00
311.25	334.11	6.00	48.00	0.00
275.11	336.17	3.00	48.00	0.00
346.77	336.02	9.00	48.00	0.00
417.94	336.85	15.00	48.00	0.00
382.09	337.13	12.00	48.00	0.00
465.52	337.66	20.00	48.00	-6.00
639.33	338.38	34.00	48.00	0.00
507.49	338.49	24.50	48.00	-12.00
570.31	338.33	29.00	48.00	-6.00
684.45	340.28	39.00	48.00	-6.00
722.99	341.33	43.50	48.00	-12.00
857.23	340.85	53.00	48.00	0.00
892.11	341.52	56.00	48.00	0.00
926.11	341.13	59.00	48.00	0.00
960.04	341.71	62.00	48.00	0.00
993.54	342.49	65.00	48.00	0.00
239.40	371.24	0.00	45.00	0.00
275.38	371.10	3.00	45.00	0.00
310.81	370.26	6.00	45.00	0.00
346.94	371.56	9.00	45.00	0.00
417.76	372.77	15.00	45.00	0.00
382.29	372.63	12.00	45.00	0.00
465.96	373.15	20.00	45.00	-6.00
639.56	373.33	34.00	45.00	0.00
507.11	373.36	24.50	45.00	-12.00
570.43	374.46	29.00	45.00	-6.00
684.37	375.24	39.00	45.00	-6.00
892.04	376.01	56.00	45.00	0.00
723.09	375.68	43.50	45.00	-12.00
787.08	375.87	48.00	45.00	-6.00
857.54	376.56	53.00	45.00	0.00
925.66	376.65	59.00	45.00	0.00
959.85	377.04	62.00	45.00	0.00
993.26	377.26	65.00	45.00	0.00
239.02	407.79	0.00	42.00	0.00
274.84	407.63	3.00	42.00	0.00
311.15	408.01	6.00	42.00	0.00
417.48	408.64	15.00	42.00	0.00
346.55	408.36	9.00	42.00	0.00
382.04	408.84	12.00	42.00	0.00
465.44	408.87	20.00	42.00	-6.00
639.19	408.82	34.00	42.00	0.00
506.96	408.49	24.50	42.00	-12.00
569.86	409.43	29.00	42.00	-6.00
684.21	410.35	39.00	42.00	-6.00
722.56	410.35	43.50	42.00	-12.00
857.28	411.55	53.00	42.00	0.00
891.41	411.54	56.00	42.00	0.00
925.20	411.90	59.00	42.00	0.00
959.12	412.08	62.00	42.00	0.00
786.63	411.35	48.00	42.00	-6.00
993.10	412.25	65.00	42.00	0.00
1027.07	412.14	68.00	42.00	0.00
274.49	442.44	3.00	39.00	0.00
310.19	442.53	6.00	39.00	0.00
238.53	443.56	0.00	39.00	0.00
346.35	444.16	9.00	39.00	0.00
381.85	444.74	12.00	39.00	0.00
417.32	444.64	15.00	39.00	0.00
465.04	444.15	20.00	39.00	-6.00
506.78	443.43	24.50	39.00	-12.00
569.43	445.16	29.00	39.00	-6.00
639.07	445.37	34.00	39.00	0.00
683.61	445.19	39.00	39.00	-6.00
722.47	445.03	43.50	39.00	-12.00
786.86	445.76	48.00	39.00	-6.00
856.83	446.65	53.00	39.00	0.00
891.09	446.79	56.00	39.00	0.00
925.36	446.42	59.00	39.00	0.00
992.75	446.72	65.00	39.00	0.00
959.03	446.95	62.00	39.00	0.00
1025.82	447.61	68.00	39.00	0.00
238.65	479.07	0.00	36.00	0.00
274.48	479.66	3.00	36.00	0.00
310.28	480.41	6.00	36.00	0.00
345.99	480.01	9.00	36.00	0.00
381.51	480.26	12.00	36.00	0.00
416.64	479.72	15.00	36.00	0.00
464.78	479.06	20.00	36.00	-6.00
506.87	478.31	24.50	36.00	-12.00
569.47	479.89	29.00	36.00	-6.00
639.14	480.53	34.00	36.00	0.00
683.22	480.62	39.00	36.00	-6.00
722.29	479.47	43.50	36.00	-12.00
785.77	480.69	48.00	36.00	-6.00
958.32	481.81	62.00	36.00	0.00
1026.20	481.98	68.00	36.00	0.00
856.58	482.75	53.00	36.00	0.00
890.58	482.31	56.00	36.00	0.00
924.35	482.47	59.00	36.00	0.00
992.28	482.26	65.00	36.00	0.00
505.99	513.57	24.50	33.00	-12.00
238.54	516.10	0.00	33.00	0.00
274.41	516.10	3.00	33.00	0.00
310.21	516.96	6.00	33.00	0.00
345.80	516.53	9.00	33.00	0.00
381.59	516.05	12.00	33.00	0.00
416.61	514.84	15.00	33.00	0.00
464.56	514.79	20.00	33.00	-6.00
569.23	514.99	29.00	33.00	-6.00
638.09	513.76	34.00	33.00	0.00
721.74	514.55	43.50	33.00	-12.00
683.33	515.65	39.00	33.00	-6.00
785.69	515.82	48.00	33.00	-6.00
890.43	516.94	56.00	33.00	0.00
924.44	517.25	59.00	33.00	0.00
958.23	517.53	62.00	33.00	0.00
992.09	516.92	65.00	33.00	0.00
1025.62	517.41	68.00	33.00	0.00
857.12	518.16	53.00	33.00	0.00
505.97	548.69	24.50	30.00	-12.00
721.43	548.73	43.50	30.00	-12.00
310.19	551.88	6.00	30.00	0.00
416.71	551.39	15.00	30.00	0.00
464.38	550.31	20.00	30.00	-6.00
568.95	550.04	29.00	30.00	-6.00
638.00	551.17	34.00	30.00	0.00
683.05	550.49	39.00	30.00	-6.00
785.26	550.38	48.00	30.00	-6.00
238.35	551.57	0.00	30.00	0.00
273.97	552.03	3.00	30.00	0.00
345.61	552.03	9.00	30.00	0.00
381.34	552.00	12.00	30.00	0.00
890.29	552.14	56.00	30.00	0.00
923.99	552.34	59.00	30.00	0.00
1025.45	551.95	68.00	30.00	0.00
856.09	552.18	53.00	30.00	0.00
958.05	552.36	62.00	30.00	0.00
991.58	552.54	65.00	30.00	0.00
505.51	583.37	24.50	27.00	-12.00
721.11	583.43	43.50	27.00	-12.00
463.82	585.56	20.00	27.00	-6.00
568.85	585.56	29.00	27.00	-6.00
682.95	585.48	39.00	27.00	-6.00
785.15	585.40	48.00	27.00	-6.00
345.52	587.57	9.00	27.00	0.00
637.86	587.32	34.00	27.00	0.00
855.89	586.90	53.00	27.00	0.00
923.54	586.56	59.00	27.00	0.00
1025.18	586.80	68.00	27.00	0.00
238.20	587.90	0.00	27.00	0.00
274.04	588.35	3.00	27.00	0.00
309.85	587.84	6.00	27.00	0.00
381.01	587.92	12.00	27.00	0.00
416.20	587.42	15.00	27.00	0.00
890.04	587.16	56.00	27.00	0.00
957.26	587.20	62.00	27.00	0.00
991.32	587.28	65.00	27.00	0.00
505.20	618.37	24.50	24.00	-12.00
721.03	618.02	43.50	24.00	-12.00
567.95	620.46	29.00	24.00	-6.00
682.22	620.54	39.00	24.00	-6.00
784.89	620.17	48.00	24.00	-6.00
464.13	620.97	20.00	24.00	-6.00
238.00	623.71	0.00	24.00	0.00
309.70	623.42	6.00	24.00	0.00
344.77	623.10	9.00	24.00	0.00
415.71	623.06	15.00	24.00	0.00
637.51	622.76	34.00	24.00	0.00
855.40	622.42	53.00	24.00	0.00
889.49	622.35	56.00	24.00	0.00
923.22	622.26	59.00	24.00	0.00
957.46	622.21	62.00	24.00	0.00
990.99	622.40	65.00	24.00	0.00
1024.62	622.09	68.00	24.00	0.00
273.71	624.21	3.00	24.00	0.00
380.52	623.60	12.00	24.00	0.00
720.71	652.45	43.50	21.00	-12.00
505.22	653.23	24.50	21.00	-12.00
682.21	655.47	39.00	21.00	-6.00
784.70	655.05	48.00	21.00	-6.00
463.66	656.16	20.00	21.00	-6.00
567.69	655.72	29.00	21.00	-6.00
990.73	657.00	65.00	21.00	0.00
1024.42	656.90	68.00	21.00	0.00
855.01	657.74	53.00	21.00	0.00
888.89	657.41	56.00	21.00	0.00
923.12	657.45	59.00	21.00	0.00
956.82	657.45	62.00	21.00	0.00
637.51	658.30	34.00	21.00	0.00
237.59	660.15	0.00	21.00	0.00
273.73	659.72	3.00	21.00	0.00
309.22	659.73	6.00	21.00	0.00
344.63	659.48	9.00	21.00	0.00
380.50	659.09	12.00	21.00	0.00
415.82	659.24	15.00	21.00	0.00
720.38	687.07	43.50	18.00	-12.00
505.09	688.20	24.50	18.00	-12.00
567.70	690.71	29.00	18.00	-6.00
681.96	690.58	39.00	18.00	-6.00
784.20	690.04	48.00	18.00	-6.00
463.62	691.53	20.00	18.00	-6.00
956.65	692.17	62.00	18.00	0.00
990.39	691.90	65.00	18.00	0.00
1024.10	691.66	68.00	18.00	0.00
854.90	692.63	53.00	18.00	0.00
888.70	692.52	56.00	18.00	0.00
922.63	692.24	59.00	18.00	0.00
637.45	693.73	34.00	18.00	0.00
309.12	695.80	6.00	18.00	0.00
344.57	695.37	9.00	18.00	0.00
380.23	695.39	12.00	18.00	0.00
415.59	695.15	15.00	18.00	0.00
237.52	696.25	0.00	18.00	0.00
273.34	696.00	3.00	18.00	0.00
720.11	721.69	43.50	15.00	-12.00
504.71	723.26	24.50	15.00	-12.00
784.05	724.59	48.00	15.00	-6.00
681.77	725.50	39.00	15.00	-6.00
463.38	726.83	20.00	15.00	-6.00
567.59	726.10	29.00	15.00	-6.00
956.30	726.99	62.00	15.00	0.00
989.95	726.94	65.00	15.00	0.00
1023.70	726.53	68.00	15.00	0.00
854.63	727.85	53.00	15.00	0.00
888.46	727.62	56.00	15.00	0.00
922.55	727.47	59.00	15.00	0.00
637.03	729.26	34.00	15.00	0.00
379.98	731.08	12.00	15.00	0.00
415.52	730.88	15.00	15.00	0.00
272.95	731.86	3.00	15.00	0.00
308.85	731.81	6.00	15.00	0.00
344.29	731.43	9.00	15.00	0.00
237.32	732.35	0.00	15.00	0.00
719.87	756.12	43.50	12.00	-12.00
504.42	757.99	24.50	12.00	-12.00
783.93	759.55	48.00	12.00	-6.00
681.66	760.57	39.00	12.00	-6.00
566.87	761.07	29.00	12.00	-6.00
955.86	762.02	62.00	12.00	0.00
989.92	761.89	65.00	12.00	0.00
1023.51	761.50	68.00	12.00	0.00
463.01	762.28	20.00	12.00	-6.00
854.27	762.93	53.00	12.00	0.00
888.26	762.71	56.00	12.00	0.00
922.22	762.43	59.00	12.00	0.00
637.11	764.50	34.00	12.00	0.00
344.64	767.24	9.00	12.00	0.00
379.72	766.94	12.00	12.00	0.00
415.18	766.62	15.00	12.00	0.00
272.75	767.99	3.00	12.00	0.00
308.69	767.61	6.00	12.00	0.00
237.22	768.32	0.00	12.00	0.00
719.85	790.85	43.50	9.00	-12.00
504.17	792.73	24.50	9.00	-12.00
783.36	794.31	48.00	9.00	-6.00
681.29	795.32	39.00	9.00	-6.00
566.72	796.23	29.00	9.00	-6.00
955.72	796.95	62.00	9.00	0.00
989.52	796.63	65.00	9.00	0.00
1023.07	796.45	68.00	9.00	0.00
462.80	797.54	20.00	9.00	-6.00
888.12	797.61	56.00	9.00	0.00
921.95	797.29	59.00	9.00	0.00
854.39	798.32	53.00	9.00	0.00
636.61	799.92	34.00	9.00	0.00
379.62	802.77	12.00	9.00	0.00
414.80	802.40	15.00	9.00	0.00
272.75	803.98	3.00	9.00	0.00
308.43	803.53	6.00	9.00	0.00
344.05	803.13	9.00	9.00	0.00
236.64	804.24	0.00	9.00	0.00
719.46	825.19	43.50	6.00	-12.00
503.99	827.73	24.50	6.00	-12.00
783.18	829.14	48.00	6.00	-6.00
680.96	830.21	39.00	6.00	-6.00
1022.69	831.10	68.00	6.00	0.00
566.91	831.62	29.00	6.00	-6.00
921.63	832.24	59.00	6.00	0.00
955.34	831.76	62.00	6.00	0.00
989.30	831.47	65.00	6.00	0.00
462.69	832.80	20.00	6.00	-6.00
887.72	832.56	56.00	6.00	0.00
853.77	833.10	53.00	6.00	0.00
636.35	835.46	34.00	6.00	0.00
236.47	838.81	0.00	6.00	0.00
414.65	838.14	15.00	6.00	0.00
343.85	838.99	9.00	6.00	0.00
379.08	838.42	12.00	6.00	0.00
272.45	839.90	3.00	6.00	0.00
308.28	839.47	6.00	6.00	0.00
719.15	859.74	43.50	3.00	-12.00
503.95	862.37	24.50	3.00	-12.00
782.87	863.83	48.00	3.00	-6.00
680.77	865.41	39.00	3.00	-6.00
1022.54	865.83	68.00	3.00	0.00
566.68	866.85	29.00	3.00	-6.00
955.18	866.63	62.00	3.00	0.00
988.98	866.57	65.00	3.00	0.00
462.68	868.04	20.00	3.00	-6.00
853.52	867.90	53.00	3.00	0.00
887.76	867.55	56.00	3.00	0.00
921.43	867.25	59.00	3.00	0.00
636.00	870.83	34.00	3.00	0.00
414.52	873.80	15.00	3.00	0.00
343.59	874.86	9.00	3.00	0.00
379.16	874.20	12.00	3.00	0.00
272.56	875.76	3.00	3.00	0.00
308.15	875.44	6.00	3.00	0.00
236.40	876.37	0.00	3.00	0.00
719.02	894.36	43.50	0.00	-12.00
503.87	897.17	24.50	0.00	-12.00
782.65	898.74	48.00	0.00	-6.00
680.48	900.05	39.00	0.00	-6.00
1022.24	900.85	68.00	0.00	0.00
565.94	901.28	29.00	0.00	-6.00
954.83	901.66	62.00	0.00	0.00
988.57	901.23	65.00	0.00	0.00
887.23	902.69	56.00	0.00	0.00
921.03	902.20	59.00	0.00	0.00
462.14	903.71	20.00	0.00	-6.00
853.06	903.29	53.00	0.00	0.00
635.81	906.48	34.00	0.00	0.00
414.33	909.48	15.00	0.00	0.00
343.46	910.83	9.00	0.00	0.00
378.82	910.28	12.00	0.00	0.00
272.19	911.96	3.00	0.00	0.00
307.78	911.38	6.00	0.00	0.00
236.37	912.64	0.00	0.00	0.00
