946.52	91.64	59.00	66.00	0.00
980.82	90.82	62.00	66.00	0.00
1015.96	90.47	65.00	66.00	0.00
1049.84	89.64	68.00	66.00	0.00
911.51	91.67	56.00	66.00	0.00
877.69	93.21	53.00	66.00	0.00
662.70	94.50	34.00	66.00	0.00
386.13	97.94	9.00	66.00	0.00
729.91	97.15	39.00	66.00	-6.00
831.20	96.58	48.00	66.00	-6.00
320.95	98.39	3.00	66.00	0.00
419.21	98.99	12.00	66.00	0.00
452.11	98.89	15.00	66.00	0.00
353.44	98.73	6.00	66.00	0.00
520.12	99.57	20.00	66.00	-6.00
288.24	100.13	0.00	66.00	0.00
619.51	98.98	29.00	66.00	-6.00
790.78	101.34	43.50	66.00	-12.00
1049.92	124.53	68.00	63.00	0.00
946.06	126.52	59.00	63.00	0.00
1015.46	126.73	65.00	63.00	0.00
877.04	127.26	53.00	63.00	0.00
911.58	127.79	56.00	63.00	0.00
980.15	125.81	62.00	63.00	0.00
662.58	129.19	34.00	63.00	0.00
729.89	131.47	39.00	63.00	-6.00
830.78	131.51	48.00	63.00	-6.00
320.37	132.86	3.00	63.00	0.00
353.83	132.95	6.00	63.00	0.00
386.01	133.24	9.00	63.00	0.00
419.05	133.04	12.00	63.00	0.00
452.05	133.49	15.00	63.00	0.00
520.24	133.57	20.00	63.00	-6.00
287.92	133.24	0.00	63.00	0.00
619.39	133.46	29.00	63.00	-6.00
790.81	136.08	43.50	63.00	-12.00
980.22	160.65	62.00	60.00	0.00
912.02	161.76	56.00	60.00	0.00
1015.29	161.09	65.00	60.00	0.00
877.54	162.29	53.00	60.00	0.00
945.33	161.60	59.00	60.00	0.00
661.86	164.00	34.00	60.00	0.00
452.03	165.50	15.00	60.00	0.00
353.41	166.41	6.00	60.00	0.00
729.76	166.43	39.00	60.00	-6.00
320.84	166.88	3.00	60.00	0.00
386.18	167.48	9.00	60.00	0.00
418.70	166.59	12.00	60.00	0.00
288.70	169.17	0.00	60.00	0.00
619.42	167.62	29.00	60.00	-6.00
790.72	170.01	43.50	60.00	-12.00
1015.43	196.00	65.00	57.00	0.00
877.08	197.55	53.00	57.00	0.00
911.49	197.56	56.00	57.00	0.00
945.86	196.71	59.00	57.00	0.00
980.66	196.67	62.00	57.00	0.00
662.52	198.07	34.00	57.00	0.00
320.74	200.19	3.00	57.00	0.00
353.33	201.24	6.00	57.00	0.00
385.99	200.98	9.00	57.00	0.00
418.94	201.57	12.00	57.00	0.00
452.00	202.13	15.00	57.00	0.00
288.60	202.56	0.00	57.00	0.00
729.71	201.51	39.00	57.00	-6.00
791.14	203.69	43.50	57.00	-12.00
911.30	231.16	56.00	54.00	0.00
877.34	232.29	53.00	54.00	0.00
945.79	231.98	59.00	54.00	0.00
980.63	231.32	62.00	54.00	0.00
1014.91	231.84	65.00	54.00	0.00
386.17	233.97	9.00	54.00	0.00
662.44	233.67	34.00	54.00	0.00
288.68	236.95	0.00	54.00	0.00
353.47	235.02	6.00	54.00	0.00
419.14	236.28	12.00	54.00	0.00
451.83	236.02	15.00	54.00	0.00
830.24	234.72	48.00	54.00	-6.00
321.13	237.14	3.00	54.00	0.00
729.61	235.61	39.00	54.00	-6.00
519.88	236.46	20.00	54.00	-6.00
619.98	236.31	29.00	54.00	-6.00
790.78	237.50	43.50	54.00	-12.00
911.61	266.49	56.00	51.00	0.00
980.36	266.62	62.00	51.00	0.00
1014.40	266.10	65.00	51.00	0.00
876.98	266.84	53.00	51.00	0.00
945.50	266.76	59.00	51.00	0.00
662.66	268.09	34.00	51.00	0.00
1049.89	267.36	68.00	51.00	0.00
320.99	270.33	3.00	51.00	0.00
353.08	269.11	6.00	51.00	0.00
386.30	268.74	9.00	51.00	0.00
451.87	269.84	15.00	51.00	0.00
288.26	269.77	0.00	51.00	0.00
419.04	270.49	12.00	51.00	0.00
619.47	269.92	29.00	51.00	-6.00
729.66	270.04	39.00	51.00	-6.00
830.53	269.48	48.00	51.00	-6.00
520.47	270.26	20.00	51.00	-6.00
790.15	271.19	43.50	51.00	-12.00
911.56	301.40	56.00	48.00	0.00
353.34	302.07	6.00	48.00	0.00
451.89	303.53	15.00	48.00	0.00
661.71	302.09	34.00	48.00	0.00
876.18	301.81	53.00	48.00	0.00
945.49	301.37	59.00	48.00	0.00
979.52	301.23	62.00	48.00	0.00
1015.10	301.75	65.00	48.00	0.00
320.91	304.78	3.00	48.00	0.00
386.29	303.74	9.00	48.00	0.00
418.82	304.29	12.00	48.00	0.00
288.57	304.91	0.00	48.00	0.00
729.53	304.09	39.00	48.00	-6.00
519.14	304.54	20.00	48.00	-6.00
619.04	303.98	29.00	48.00	-6.00
790.39	305.37	43.50	48.00	-12.00
353.29	336.16	6.00	45.00	0.00
662.09	336.14	34.00	45.00	0.00
911.82	336.29	56.00	45.00	0.00
288.67	337.94	0.00	45.00	0.00
321.14	337.41	3.00	45.00	0.00
386.42	337.41	9.00	45.00	0.00
452.13	337.54	15.00	45.00	0.00
877.05	337.18	53.00	45.00	0.00
945.65	337.14	59.00	45.00	0.00
980.34	336.63	62.00	45.00	0.00
1014.56	336.40	65.00	45.00	0.00
419.07	337.60	12.00	45.00	0.00
520.22	338.48	20.00	45.00	-6.00
619.81	338.00	29.00	45.00	-6.00
729.88	338.61	39.00	45.00	-6.00
830.31	338.13	48.00	45.00	-6.00
789.90	339.16	43.50	45.00	-12.00
661.99	370.37	34.00	42.00	0.00
320.75	371.39	3.00	42.00	0.00
353.69	370.94	6.00	42.00	0.00
452.22	371.47	15.00	42.00	0.00
910.99	371.63	56.00	42.00	0.00
980.27	371.50	62.00	42.00	0.00
1014.69	371.50	65.00	42.00	0.00
288.63	371.95	0.00	42.00	0.00
386.25	371.96	9.00	42.00	0.00
419.17	372.03	12.00	42.00	0.00
519.85	372.41	20.00	42.00	-6.00
877.02	371.90	53.00	42.00	0.00
945.20	371.62	59.00	42.00	0.00
619.14	372.20	29.00	42.00	-6.00
830.73	372.40	48.00	42.00	-6.00
789.89	373.38	43.50	42.00	-12.00
320.48	404.13	3.00	39.00	0.00
352.99	404.25	6.00	39.00	0.00
287.98	405.29	0.00	39.00	0.00
386.14	405.63	9.00	39.00	0.00
419.06	405.64	12.00	39.00	0.00
451.91	406.13	15.00	39.00	0.00
661.82	406.09	34.00	39.00	0.00
876.92	406.59	53.00	39.00	0.00
911.22	406.48	56.00	39.00	0.00
945.40	406.31	59.00	39.00	0.00
1014.73	406.17	65.00	39.00	0.00
519.82	406.48	20.00	39.00	-6.00
581.89	406.33	24.50	39.00	-12.00
618.90	406.20	29.00	39.00	-6.00
979.82	406.44	62.00	39.00	0.00
1048.66	406.84	68.00	39.00	0.00
729.99	407.00	39.00	39.00	-6.00
790.18	407.49	43.50	39.00	-12.00
288.39	438.59	0.00	36.00	0.00
320.85	439.15	3.00	36.00	0.00
353.19	439.30	6.00	36.00	0.00
386.09	439.42	9.00	36.00	0.00
418.62	439.50	12.00	36.00	0.00
451.64	439.13	15.00	36.00	0.00
519.51	440.01	20.00	36.00	-6.00
662.12	440.28	34.00	36.00	0.00
618.94	440.40	29.00	36.00	-6.00
728.96	440.87	39.00	36.00	-6.00
910.82	441.47	56.00	36.00	0.00
945.16	441.57	59.00	36.00	0.00
979.21	441.22	62.00	36.00	0.00
1049.26	441.42	68.00	36.00	0.00
789.99	441.04	43.50	36.00	-12.00
829.92	440.85	48.00	36.00	-6.00
877.08	442.32	53.00	36.00	0.00
1014.22	441.75	65.00	36.00	0.00
288.26	473.10	0.00	33.00	0.00
321.03	473.38	3.00	33.00	0.00
353.16	473.53	6.00	33.00	0.00
386.10	473.58	9.00	33.00	0.00
419.06	473.41	12.00	33.00	0.00
450.98	472.04	15.00	33.00	0.00
519.35	473.94	20.00	33.00	-6.00
619.51	474.47	29.00	33.00	-6.00
729.20	474.94	39.00	33.00	-6.00
789.65	474.69	43.50	33.00	-12.00
830.36	475.54	48.00	33.00	-6.00
910.78	476.31	56.00	33.00	0.00
945.42	476.69	59.00	33.00	0.00
979.70	476.64	62.00	33.00	0.00
1014.35	477.05	65.00	33.00	0.00
1049.16	477.15	68.00	33.00	0.00
877.94	478.01	53.00	33.00	0.00
288.45	506.50	0.00	30.00	0.00
320.18	506.98	3.00	30.00	0.00
353.42	507.18	6.00	30.00	0.00
386.05	507.37	9.00	30.00	0.00
419.00	507.58	12.00	30.00	0.00
451.92	507.51	15.00	30.00	0.00
519.54	507.86	20.00	30.00	-6.00
581.28	507.48	24.50	30.00	-12.00
661.48	508.67	34.00	30.00	0.00
618.91	508.42	29.00	30.00	-6.00
729.11	509.17	39.00	30.00	-6.00
789.90	508.73	43.50	30.00	-12.00
829.55	510.27	48.00	30.00	-6.00
876.31	511.06	53.00	30.00	0.00
910.74	511.19	56.00	30.00	0.00
945.03	511.50	59.00	30.00	0.00
979.68	511.86	62.00	30.00	0.00
1014.32	511.87	65.00	30.00	0.00
1048.98	512.09	68.00	30.00	0.00
288.40	540.66	0.00	27.00	0.00
321.07	541.04	3.00	27.00	0.00
353.08	541.03	6.00	27.00	0.00
386.20	541.25	9.00	27.00	0.00
419.06	542.13	12.00	27.00	0.00
451.38	541.65	15.00	27.00	0.00
519.17	541.41	20.00	27.00	-6.00
581.10	541.16	24.50	27.00	-12.00
618.65	542.55	29.00	27.00	-6.00
661.88	543.94	34.00	27.00	0.00
789.69	543.28	43.50	27.00	-12.00
729.08	543.62	39.00	27.00	-6.00
829.79	544.25	48.00	27.00	-6.00
876.57	545.39	53.00	27.00	0.00
945.10	545.61	59.00	27.00	0.00
910.37	546.01	56.00	27.00	0.00
979.19	546.16	62.00	27.00	0.00
1013.98	546.75	65.00	27.00	0.00
1049.19	546.88	68.00	27.00	0.00
288.46	574.16	0.00	24.00	0.00
319.57	574.40	3.00	24.00	0.00
353.36	574.95	6.00	24.00	0.00
385.41	574.89	9.00	24.00	0.00
418.25	575.53	12.00	24.00	0.00
450.88	575.56	15.00	24.00	0.00
519.42	575.51	20.00	24.00	-6.00
581.33	574.81	24.50	24.00	-12.00
617.98	576.19	29.00	24.00	-6.00
789.66	576.77	43.50	24.00	-12.00
661.39	578.24	34.00	24.00	0.00
728.51	577.65	39.00	24.00	-6.00
829.90	578.60	48.00	24.00	-6.00
876.18	580.62	53.00	24.00	0.00
910.53	581.05	56.00	24.00	0.00
944.93	581.10	59.00	24.00	0.00
979.72	581.59	62.00	24.00	0.00
1013.94	582.08	65.00	24.00	0.00
1048.76	582.16	68.00	24.00	0.00
287.97	608.43	0.00	21.00	0.00
581.53	608.24	24.50	21.00	-12.00
320.86	608.70	3.00	21.00	0.00
352.93	609.10	6.00	21.00	0.00
385.59	609.31	9.00	21.00	0.00
519.28	609.10	20.00	21.00	-6.00
418.76	609.70	12.00	21.00	0.00
451.42	610.33	15.00	21.00	0.00
618.07	610.36	29.00	21.00	-6.00
789.68	610.35	43.50	21.00	-12.00
661.62	612.79	34.00	21.00	0.00
728.86	611.90	39.00	21.00	-6.00
829.62	613.06	48.00	21.00	-6.00
875.89	615.37	53.00	21.00	0.00
910.20	615.63	56.00	21.00	0.00
944.91	616.20	59.00	21.00	0.00
979.13	616.59	62.00	21.00	0.00
1013.90	616.99	65.00	21.00	0.00
1048.79	617.45	68.00	21.00	0.00
288.04	642.27	0.00	18.00	0.00
581.03	641.85	24.50	18.00	-12.00
320.37	642.74	3.00	18.00	0.00
353.00	643.14	6.00	18.00	0.00
385.61	643.28	9.00	18.00	0.00
519.27	643.28	20.00	18.00	-6.00
418.41	644.09	12.00	18.00	0.00
451.07	644.41	15.00	18.00	0.00
618.16	644.06	29.00	18.00	-6.00
789.40	644.59	43.50	18.00	-12.00
728.82	645.99	39.00	18.00	-6.00
661.62	647.04	34.00	18.00	0.00
829.65	647.37	48.00	18.00	-6.00
876.19	650.14	53.00	18.00	0.00
910.11	650.72	56.00	18.00	0.00
944.50	651.01	59.00	18.00	0.00
979.03	651.62	62.00	18.00	0.00
1013.54	652.05	65.00	18.00	0.00
1048.32	652.50	68.00	18.00	0.00
288.06	676.13	0.00	15.00	0.00
320.22	676.47	3.00	15.00	0.00
581.00	675.52	24.50	15.00	-12.00
352.90	677.16	6.00	15.00	0.00
385.48	677.49	9.00	15.00	0.00
519.24	677.00	20.00	15.00	-6.00
418.31	678.06	12.00	15.00	0.00
451.20	678.53	15.00	15.00	0.00
618.19	678.27	29.00	15.00	-6.00
789.40	678.47	43.50	15.00	-12.00
728.74	680.11	39.00	15.00	-6.00
661.41	681.47	34.00	15.00	0.00
829.50	681.78	48.00	15.00	-6.00
876.00	685.10	53.00	15.00	0.00
910.04	685.50	56.00	15.00	0.00
944.51	686.03	59.00	15.00	0.00
978.97	686.62	62.00	15.00	0.00
1013.47	687.21	65.00	15.00	0.00
1048.27	687.52	68.00	15.00	0.00
580.89	709.19	24.50	12.00	-12.00
287.99	709.95	0.00	12.00	0.00
320.14	710.44	3.00	12.00	0.00
519.01	710.86	20.00	12.00	-6.00
352.97	710.98	6.00	12.00	0.00
385.88	711.18	9.00	12.00	0.00
418.11	712.09	12.00	12.00	0.00
450.95	712.36	15.00	12.00	0.00
617.69	712.19	29.00	12.00	-6.00
789.31	712.68	43.50	12.00	-12.00
728.67	714.26	39.00	12.00	-6.00
661.55	715.97	34.00	12.00	0.00
829.59	716.16	48.00	12.00	-6.00
875.66	719.82	53.00	12.00	0.00
910.01	720.40	56.00	12.00	0.00
944.29	720.88	59.00	12.00	0.00
978.97	721.52	62.00	12.00	0.00
1013.60	722.08	65.00	12.00	0.00
1048.35	722.54	68.00	12.00	0.00
287.67	743.47	0.00	9.00	0.00
580.71	742.84	24.50	9.00	-12.00
320.20	744.39	3.00	9.00	0.00
352.70	744.84	6.00	9.00	0.00
519.02	744.77	20.00	9.00	-6.00
385.38	745.45	9.00	9.00	0.00
418.00	746.04	12.00	9.00	0.00
450.86	746.61	15.00	9.00	0.00
617.67	746.27	29.00	9.00	-6.00
788.89	746.11	43.50	9.00	-12.00
728.45	748.52	39.00	9.00	-6.00
661.11	750.19	34.00	9.00	0.00
829.23	750.60	48.00	9.00	-6.00
875.99	755.15	53.00	9.00	0.00
909.85	755.11	56.00	9.00	0.00
944.28	755.75	59.00	9.00	0.00
978.58	756.30	62.00	9.00	0.00
1013.46	757.13	65.00	9.00	0.00
1048.07	757.64	68.00	9.00	0.00
580.59	776.14	24.50	6.00	-12.00
287.47	777.55	0.00	6.00	0.00
320.02	778.22	3.00	6.00	0.00
352.54	778.92	6.00	6.00	0.00
518.88	778.41	20.00	6.00	-6.00
385.19	779.51	9.00	6.00	0.00
417.80	779.92	12.00	6.00	0.00
450.91	780.74	15.00	6.00	0.00
617.74	780.54	29.00	6.00	-6.00
788.98	780.10	43.50	6.00	-12.00
728.15	782.52	39.00	6.00	-6.00
829.15	784.57	48.00	6.00	-6.00
661.06	784.96	34.00	6.00	0.00
875.48	789.36	53.00	6.00	0.00
909.74	790.02	56.00	6.00	0.00
944.06	790.77	59.00	6.00	0.00
978.60	791.24	62.00	6.00	0.00
1013.10	791.92	65.00	6.00	0.00
1047.82	792.59	68.00	6.00	0.00
580.44	809.65	24.50	3.00	-12.00
287.32	811.23	0.00	3.00	0.00
319.94	812.03	3.00	3.00	0.00
352.51	812.78	6.00	3.00	0.00
518.95	812.14	20.00	3.00	-6.00
384.97	813.37	9.00	3.00	0.00
417.88	813.98	12.00	3.00	0.00
450.87	814.83	15.00	3.00	0.00
617.64	814.50	29.00	3.00	-6.00
788.99	814.02	43.50	3.00	-12.00
728.24	816.61	39.00	3.00	-6.00
829.00	818.89	48.00	3.00	-6.00
660.94	819.25	34.00	3.00	0.00
875.41	823.95	53.00	3.00	0.00
910.01	824.71	56.00	3.00	0.00
943.94	825.37	59.00	3.00	0.00
978.35	826.22	62.00	3.00	0.00
1013.09	826.97	65.00	3.00	0.00
1047.82	827.80	68.00	3.00	0.00
580.36	843.13	24.50	0.00	-12.00
287.34	845.36	0.00	0.00	0.00
319.89	846.12	3.00	0.00	0.00
352.30	846.78	6.00	0.00	0.00
518.20	846.35	20.00	0.00	-6.00
384.96	847.48	9.00	0.00	0.00
417.93	848.03	12.00	0.00	0.00
617.43	847.85	29.00	0.00	-6.00
788.80	847.99	43.50	0.00	-12.00
450.73	848.92	15.00	0.00	0.00
728.06	850.98	39.00	0.00	-6.00
828.91	853.14	48.00	0.00	-6.00
660.72	853.79	34.00	0.00	0.00
875.12	859.02	53.00	0.00	0.00
909.45	859.53	56.00	0.00	0.00
943.76	860.54	59.00	0.00	0.00
978.18	861.24	62.00	0.00	0.00
1012.88	862.14	65.00	0.00	0.00
1047.71	863.15	68.00	0.00	0.00
