91.64	946.52	6	6	455	0
90.82	980.82	5	5	268	0
90.47	1015.96	5	5	219	0
89.64	1049.84	3	3	70	0
91.67	911.51	5	5	345	0
93.21	877.69	5	5	457	0
94.50	662.70	6	6	688	0
97.94	386.13	7	5	759	0
97.15	729.91	6	5	542	0
96.58	831.20	4	4	134	0
98.39	320.95	6	5	719	0
98.99	419.21	7	5	627	0
98.89	452.11	6	5	638	0
98.73	353.44	5	6	524	0
99.57	520.12	7	5	668	0
100.13	288.24	5	5	611	0
98.98	619.51	3	4	99	0
101.34	790.78	4	4	167	0
124.53	1049.92	5	3	147	0
126.52	946.06	6	5	408	0
126.73	1015.46	6	4	380	0
127.26	877.04	6	5	400	0
127.79	911.58	6	5	518	0
125.81	980.15	3	6	202	0
129.19	662.58	6	6	598	0
131.47	729.89	6	5	497	0
131.51	830.78	4	4	210	0
132.86	320.37	5	5	311	0
132.95	353.83	5	5	463	0
133.24	386.01	6	5	460	0
133.04	419.05	5	5	406	0
133.49	452.05	6	5	495	0
133.57	520.24	6	5	510	0
133.24	287.92	4	5	358	0
133.46	619.39	4	4	142	0
136.08	790.81	3	3	120	0
160.65	980.22	7	5	452	0
161.76	912.02	6	5	400	0
161.09	1015.29	5	4	180	0
162.29	877.54	5	6	295	0
161.60	945.33	4	4	209	0
164.00	661.86	5	5	285	0
165.50	452.03	7	5	619	0
166.41	353.41	6	6	630	0
166.43	729.76	6	5	304	0
166.88	320.84	5	5	349	0
167.48	386.18	6	5	493	0
166.59	418.70	5	5	286	0
169.17	288.70	6	5	517	0
167.62	619.42	4	4	116	0
170.01	790.72	3	3	98	0
196.00	1015.43	5	5	194	0
197.55	877.08	6	5	455	0
197.56	911.49	6	4	329	0
196.71	945.86	5	6	337	0
196.67	980.66	4	4	186	0
198.07	662.52	6	6	581	0
200.19	320.74	7	6	797	0
201.24	353.33	5	6	347	0
200.98	385.99	5	5	330	0
201.57	418.94	6	5	522	0
202.13	452.00	6	5	639	0
202.56	288.60	6	4	425	0
201.51	729.71	4	4	224	0
203.69	791.14	4	3	118	0
231.16	911.30	6	6	532	0
232.29	877.34	5	5	251	0
231.98	945.79	5	5	347	0
231.32	980.63	4	4	169	0
231.84	1014.91	5	5	280	0
233.97	386.17	6	6	837	0
233.67	662.44	5	6	431	0
236.95	288.68	8	5	710	0
235.02	353.47	5	6	332	0
236.28	419.14	7	5	618	0
236.02	451.83	6	4	454	0
234.72	830.24	4	3	130	0
237.14	321.13	6	5	689	0
235.61	729.61	4	4	199	0
236.46	519.88	4	5	226	0
236.31	619.98	3	3	84	0
237.50	790.78	4	3	133	0
266.49	911.61	6	6	403	0
266.62	980.36	6	4	222	0
266.10	1014.40	5	4	317	0
266.84	876.98	5	5	299	0
266.76	945.50	5	4	301	0
268.09	662.66	5	6	449	0
267.36	1049.89	4	3	148	0
270.33	320.99	7	5	589	0
269.11	353.08	5	5	351	0
268.74	386.30	5	6	414	0
269.84	451.87	6	5	500	0
269.77	288.26	5	5	358	0
270.49	419.04	6	5	633	0
269.92	619.47	4	4	118	0
270.04	729.66	5	4	221	0
269.48	830.53	4	4	153	0
270.26	520.47	4	4	196	0
271.19	790.15	4	4	156	0
301.40	911.56	6	4	288	0
302.07	353.34	6	6	815	0
303.53	451.89	7	5	670	0
302.09	661.71	5	5	373	0
301.81	876.18	5	4	213	0
301.37	945.49	4	5	219	0
301.23	979.52	4	4	188	0
301.75	1015.10	4	3	153	0
304.78	320.91	7	5	622	0
303.74	386.29	6	5	785	0
304.29	418.82	7	5	601	0
304.91	288.57	6	4	506	0
304.09	729.53	5	4	236	0
304.54	519.14	4	4	183	0
303.98	619.04	3	3	115	0
305.37	790.39	4	4	175	0
336.16	353.29	6	6	813	0
336.14	662.09	6	5	642	0
336.29	911.82	6	5	417	0
337.94	288.67	7	5	605	0
337.41	321.14	6	5	532	0
337.41	386.42	6	5	351	0
337.54	452.13	6	5	510	0
337.18	877.05	5	5	334	0
337.14	945.65	5	4	344	0
336.63	980.34	4	4	199	0
336.40	1014.56	4	4	227	0
337.60	419.07	5	5	469	0
338.48	520.22	4	3	147	0
338.00	619.81	3	4	127	0
338.61	729.88	4	3	152	0
338.13	830.31	3	4	116	0
339.16	789.90	3	3	102	0
370.37	661.99	7	5	610	0
371.39	320.75	6	6	555	0
370.94	353.69	5	6	428	0
371.47	452.22	6	5	544	0
371.63	910.99	6	5	451	0
371.50	980.27	6	5	333	0
371.50	1014.69	5	4	236	0
371.95	288.63	5	6	485	0
371.96	386.25	5	5	457	0
372.03	419.17	5	5	393	0
372.41	519.85	5	5	274	0
371.90	877.02	5	5	395	0
371.62	945.20	5	5	270	0
372.20	619.14	4	5	189	0
372.40	830.73	4	4	133	0
373.38	789.89	4	3	131	0
404.13	320.48	6	6	688	0
404.25	352.99	6	5	730	0
405.29	287.98	6	5	438	0
405.63	386.14	6	5	407	0
405.64	419.06	6	5	453	0
406.13	451.91	7	6	477	0
406.09	661.82	5	5	290	0
406.59	876.92	6	6	387	0
406.48	911.22	6	5	345	0
406.31	945.40	5	5	277	0
406.17	1014.73	6	5	462	0
406.48	519.82	4	5	234	0
406.33	581.89	4	3	107	0
406.20	618.90	4	4	156	0
406.44	979.82	4	5	239	0
406.84	1048.66	5	4	169	0
407.00	729.99	3	3	91	0
407.49	790.18	4	3	136	0
438.59	288.39	6	5	590	0
439.15	320.85	5	5	487	0
439.30	353.19	6	5	440	0
439.42	386.09	6	5	568	0
439.50	418.62	6	6	592	0
439.13	451.64	5	6	634	0
440.01	519.51	5	4	170	0
440.28	662.12	6	5	411	0
440.40	618.94	4	3	162	0
440.87	728.96	4	3	144	0
441.47	910.82	6	5	453	0
441.57	945.16	6	5	486	0
441.22	979.21	6	6	370	0
441.42	1049.26	6	5	519	0
441.04	789.99	3	3	117	0
440.85	829.92	3	3	100	0
442.32	877.08	5	5	306	0
441.75	1014.22	5	5	326	0
473.10	288.26	5	5	485	0
473.38	321.03	6	6	547	0
473.53	353.16	6	6	560	0
473.58	386.10	6	5	536	0
473.41	419.06	6	5	640	0
472.04	450.98	3	3	89	0
473.94	519.35	3	4	157	0
474.47	619.51	4	4	170	0
474.94	729.20	5	5	269	0
474.69	789.65	4	4	192	0
475.54	830.36	4	4	151	0
476.31	910.78	5	5	374	0
476.69	945.42	6	6	520	0
476.64	979.70	6	6	447	0
477.05	1014.35	5	5	418	0
477.15	1049.16	5	5	513	0
478.01	877.94	3	3	70	0
506.50	288.45	6	6	505	0
506.98	320.18	5	6	650	0
507.18	353.42	6	6	621	0
507.37	386.05	6	5	602	0
507.58	419.00	6	5	646	0
507.51	451.92	6	5	774	0
507.86	519.54	5	4	354	0
507.48	581.28	4	4	155	0
508.67	661.48	7	6	805	0
508.42	618.91	4	5	289	0
509.17	729.11	5	5	403	0
508.73	789.90	4	4	165	0
510.27	829.55	4	4	212	0
511.06	876.31	5	6	417	0
511.19	910.74	5	6	449	0
511.50	945.03	6	6	557	0
511.86	979.68	5	6	530	0
511.87	1014.32	5	6	505	0
512.09	1048.98	5	5	517	0
540.66	288.40	6	5	529	0
541.04	321.07	5	5	502	0
541.03	353.08	5	5	478	0
541.25	386.20	6	5	625	0
542.13	419.06	7	5	700	0
541.65	451.38	6	6	763	0
541.41	519.17	5	5	348	0
541.16	581.10	3	3	105	0
542.55	618.65	4	5	328	0
543.94	661.88	7	6	827	0
543.28	789.69	5	4	159	0
543.62	729.08	4	5	339	0
544.25	829.79	5	5	409	0
545.39	876.57	6	6	652	0
545.61	945.10	6	7	738	0
546.01	910.37	5	6	480	0
546.16	979.19	5	6	512	0
546.75	1013.98	6	5	495	0
546.88	1049.19	7	5	560	0
574.16	288.46	7	4	658	0
574.40	319.57	6	9	635	0
574.95	353.36	7	5	679	0
574.89	385.41	7	6	760	0
575.53	418.25	6	6	610	0
575.56	450.88	6	5	712	0
575.51	519.42	6	6	473	0
574.81	581.33	5	4	242	0
576.19	617.98	4	5	289	0
576.77	789.66	5	4	282	0
578.24	661.39	6	6	519	0
577.65	728.51	5	4	298	0
578.60	829.90	4	5	283	0
580.62	876.18	6	5	501	0
581.05	910.53	5	6	565	0
581.10	944.93	5	5	447	0
581.59	979.72	6	5	460	0
582.08	1013.94	5	5	500	0
582.16	1048.76	5	6	510	0
608.43	287.97	6	5	535	0
608.24	581.53	5	4	241	0
608.70	320.86	5	5	411	0
609.10	352.93	5	5	453	0
609.31	385.59	5	6	444	0
609.10	519.28	5	5	318	0
609.70	418.76	5	5	398	0
610.33	451.42	5	6	438	0
610.36	618.07	5	5	269	0
610.35	789.68	5	5	372	0
612.79	661.62	6	6	593	0
611.90	728.86	5	5	477	0
613.06	829.62	5	6	353	0
615.37	875.89	5	5	440	0
615.63	910.20	6	6	523	0
616.20	944.91	5	5	483	0
616.59	979.13	6	6	553	0
616.99	1013.90	6	5	447	0
617.45	1048.79	6	6	537	0
642.27	288.04	6	5	520	0
641.85	581.03	5	5	272	0
642.74	320.37	5	6	433	0
643.14	353.00	5	5	531	0
643.28	385.61	5	6	483	0
643.28	519.27	5	5	413	0
644.09	418.41	5	6	521	0
644.41	451.07	6	5	539	0
644.06	618.16	5	5	345	0
644.59	789.40	4	5	311	0
645.99	728.82	5	5	458	0
647.04	661.62	5	6	536	0
647.37	829.65	5	5	311	0
650.14	876.19	5	5	490	0
650.72	910.11	6	5	519	0
651.01	944.50	5	6	496	0
651.62	979.03	6	5	580	0
652.05	1013.54	5	6	502	0
652.50	1048.32	6	6	574	0
676.13	288.06	5	5	473	0
676.47	320.22	6	5	491	0
675.52	581.00	4	5	280	0
677.16	352.90	5	5	545	0
677.49	385.48	6	6	571	0
677.00	519.24	5	5	500	0
678.06	418.31	5	5	520	0
678.53	451.20	6	5	552	0
678.27	618.19	5	5	301	0
678.47	789.40	5	4	321	0
680.11	728.74	5	5	484	0
681.47	661.41	6	6	576	0
681.78	829.50	5	4	279	0
685.10	876.00	5	5	483	0
685.50	910.04	6	5	579	0
686.03	944.51	5	6	539	0
686.62	978.97	6	5	540	0
687.21	1013.47	5	6	455	0
687.52	1048.27	6	6	482	0
709.19	580.89	5	5	334	0
709.95	287.99	5	5	446	0
710.44	320.14	6	5	530	0
710.86	519.01	6	5	508	0
710.98	352.97	5	5	462	0
711.18	385.88	5	5	456	0
712.09	418.11	5	5	500	0
712.36	450.95	6	5	525	0
712.19	617.69	5	5	299	0
712.68	789.31	5	5	327	0
714.26	728.67	5	5	443	0
715.97	661.55	5	6	494	0
716.16	829.59	5	4	312	0
719.82	875.66	6	6	524	0
720.40	910.01	6	5	586	0
720.88	944.29	6	6	601	0
721.52	978.97	6	5	599	0
722.08	1013.60	5	6	514	0
722.54	1048.35	6	6	562	0
743.47	287.67	6	5	447	0
742.84	580.71	5	5	316	0
744.39	320.20	6	6	561	0
744.84	352.70	6	6	522	0
744.77	519.02	6	5	496	0
745.45	385.38	6	6	490	0
746.04	418.00	5	5	424	0
746.61	450.86	6	5	563	0
746.27	617.67	5	5	293	0
746.11	788.89	5	5	350	0
748.52	728.45	6	4	418	0
750.19	661.11	5	6	515	0
750.60	829.23	4	5	269	0
755.15	875.99	5	5	405	0
755.11	909.85	5	6	556	0
755.75	944.28	6	6	599	0
756.30	978.58	6	6	596	0
757.13	1013.46	5	6	523	0
757.64	1048.07	6	6	587	0
776.14	580.59	5	4	334	0
777.55	287.47	6	6	514	0
778.22	320.02	5	5	552	0
778.92	352.54	6	6	605	0
778.41	518.88	6	5	468	0
779.51	385.19	6	5	586	0
779.92	417.80	5	6	490	0
780.74	450.91	6	5	598	0
780.54	617.74	6	5	387	0
780.10	788.98	5	5	412	0
782.52	728.15	5	5	376	0
784.57	829.15	6	5	414	0
784.96	661.06	5	5	487	0
789.36	875.48	6	6	497	0
790.02	909.74	5	6	565	0
790.77	944.06	6	5	563	0
791.24	978.60	6	6	609	0
791.92	1013.10	5	6	505	0
792.59	1047.82	6	6	582	0
809.65	580.44	5	5	344	0
811.23	287.32	5	5	480	0
812.03	319.94	5	5	444	0
812.78	352.51	6	6	571	0
812.14	518.95	5	5	411	0
813.37	384.97	6	5	518	0
813.98	417.88	5	5	483	0
814.83	450.87	6	5	618	0
814.50	617.64	6	4	355	0
814.02	788.99	5	5	406	0
816.61	728.24	6	5	487	0
818.89	829.00	6	5	464	0
819.25	660.94	5	5	509	0
823.95	875.41	5	6	482	0
824.71	910.01	6	5	447	0
825.37	943.94	6	5	505	0
826.22	978.35	5	6	471	0
826.97	1013.09	5	5	508	0
827.80	1047.82	6	5	496	0
843.13	580.36	5	5	414	0
845.36	287.34	5	5	413	0
846.12	319.89	5	5	469	0
846.78	352.30	6	5	535	0
846.35	518.20	5	5	302	0
847.48	384.96	6	5	497	0
848.03	417.93	5	5	398	0
847.85	617.43	5	4	254	0
847.99	788.80	5	5	404	0
848.92	450.73	5	6	497	0
850.98	728.06	5	5	517	0
853.14	828.91	5	5	443	0
853.79	660.72	5	5	384	0
859.02	875.12	5	5	451	0
859.53	909.45	6	6	472	0
860.54	943.76	6	6	563	0
861.24	978.18	6	5	548	0
862.14	1012.88	5	5	428	0
863.15	1047.71	5	6	459	0
