0.0	0.0	0.0
0.0	3.0	0.0
0.0	6.0	0.0
0.0	9.0	0.0
0.0	12.0	0.0
0.0	15.0	0.0
0.0	18.0	0.0
0.0	21.0	0.0
0.0	24.0	0.0
0.0	27.0	0.0
0.0	30.0	0.0
0.0	33.0	0.0
0.0	36.0	0.0
0.0	39.0	0.0
0.0	42.0	0.0
0.0	45.0	0.0
0.0	48.0	0.0
0.0	51.0	0.0
0.0	54.0	0.0
0.0	57.0	0.0
0.0	60.0	0.0
0.0	63.0	0.0
0.0	66.0	0.0
3.0	0.0	0.0
3.0	3.0	0.0
3.0	6.0	0.0
3.0	9.0	0.0
3.0	12.0	0.0
3.0	15.0	0.0
3.0	18.0	0.0
3.0	21.0	0.0
3.0	24.0	0.0
3.0	27.0	0.0
3.0	30.0	0.0
3.0	33.0	0.0
3.0	36.0	0.0
3.0	39.0	0.0
3.0	42.0	0.0
3.0	45.0	0.0
3.0	48.0	0.0
3.0	51.0	0.0
3.0	54.0	0.0
3.0	57.0	0.0
3.0	60.0	0.0
3.0	63.0	0.0
3.0	66.0	0.0
6.0	0.0	0.0
6.0	3.0	0.0
6.0	6.0	0.0
6.0	9.0	0.0
6.0	12.0	0.0
6.0	15.0	0.0
6.0	18.0	0.0
6.0	21.0	0.0
6.0	24.0	0.0
6.0	27.0	0.0
6.0	30.0	0.0
6.0	33.0	0.0
6.0	36.0	0.0
6.0	39.0	0.0
6.0	42.0	0.0
6.0	45.0	0.0
6.0	48.0	0.0
6.0	51.0	0.0
6.0	54.0	0.0
6.0	57.0	0.0
6.0	60.0	0.0
6.0	63.0	0.0
6.0	66.0	0.0
9.0	0.0	0.0
9.0	3.0	0.0
9.0	6.0	0.0
9.0	9.0	0.0
9.0	12.0	0.0
9.0	15.0	0.0
9.0	18.0	0.0
9.0	21.0	0.0
9.0	24.0	0.0
9.0	27.0	0.0
9.0	30.0	0.0
9.0	33.0	0.0
9.0	36.0	0.0
9.0	39.0	0.0
9.0	42.0	0.0
9.0	45.0	0.0
9.0	48.0	0.0
9.0	51.0	0.0
9.0	54.0	0.0
9.0	57.0	0.0
9.0	60.0	0.0
9.0	63.0	0.0
9.0	66.0	0.0
12.0	0.0	0.0
12.0	3.0	0.0
12.0	6.0	0.0
12.0	9.0	0.0
12.0	12.0	0.0
12.0	15.0	0.0
12.0	18.0	0.0
12.0	21.0	0.0
12.0	24.0	0.0
12.0	27.0	0.0
12.0	30.0	0.0
12.0	33.0	0.0
12.0	36.0	0.0
12.0	39.0	0.0
12.0	42.0	0.0
12.0	45.0	0.0
12.0	48.0	0.0
12.0	51.0	0.0
12.0	54.0	0.0
12.0	57.0	0.0
12.0	60.0	0.0
12.0	63.0	0.0
12.0	66.0	0.0
15.0	0.0	0.0
15.0	3.0	0.0
15.0	6.0	0.0
15.0	9.0	0.0
15.0	12.0	0.0
15.0	15.0	0.0
15.0	18.0	0.0
15.0	21.0	0.0
15.0	24.0	0.0
15.0	27.0	0.0
15.0	30.0	0.0
15.0	33.0	0.0
15.0	36.0	0.0
15.0	39.0	0.0
15.0	42.0	0.0
15.0	45.0	0.0
15.0	48.0	0.0
15.0	51.0	0.0
15.0	54.0	0.0
15.0	57.0	0.0
15.0	60.0	0.0
15.0	63.0	0.0
15.0	66.0	0.0
20.0	0.0	-6.0
20.0	3.0	-6.0
20.0	6.0	-6.0
20.0	9.0	-6.0
20.0	12.0	-6.0
20.0	15.0	-6.0
20.0	18.0	-6.0
20.0	21.0	-6.0
20.0	24.0	-6.0
20.0	27.0	-6.0
20.0	30.0	-6.0
20.0	33.0	-6.0
20.0	36.0	-6.0
20.0	39.0	-6.0
20.0	42.0	-6.0
20.0	45.0	-6.0
20.0	48.0	-6.0
20.0	51.0	-6.0
20.0	54.0	-6.0
20.0	57.0	-6.0
20.0	60.0	-6.0
20.0	63.0	-6.0
20.0	66.0	-6.0
24.5	0.0	-12.0
24.5	3.0	-12.0
24.5	6.0	-12.0
24.5	9.0	-12.0
24.5	12.0	-12.0
24.5	15.0	-12.0
24.5	18.0	-12.0
24.5	21.0	-12.0
24.5	24.0	-12.0
24.5	27.0	-12.0
24.5	30.0	-12.0
24.5	33.0	-12.0
24.5	36.0	-12.0
24.5	39.0	-12.0
24.5	42.0	-12.0
24.5	45.0	-12.0
24.5	48.0	-12.0
24.5	51.0	-12.0
24.5	54.0	-12.0
24.5	57.0	-12.0
24.5	60.0	-12.0
24.5	63.0	-12.0
24.5	66.0	-12.0
29.0	0.0	-6.0
29.0	3.0	-6.0
29.0	6.0	-6.0
29.0	9.0	-6.0
29.0	12.0	-6.0
29.0	15.0	-6.0
29.0	18.0	-6.0
29.0	21.0	-6.0
29.0	24.0	-6.0
29.0	27.0	-6.0
29.0	30.0	-6.0
29.0	33.0	-6.0
29.0	36.0	-6.0
29.0	39.0	-6.0
29.0	42.0	-6.0
29.0	45.0	-6.0
29.0	48.0	-6.0
29.0	51.0	-6.0
29.0	54.0	-6.0
29.0	57.0	-6.0
29.0	60.0	-6.0
29.0	63.0	-6.0
29.0	66.0	-6.0
34.0	0.0	0.0
34.0	3.0	0.0
34.0	6.0	0.0
34.0	9.0	0.0
34.0	12.0	0.0
34.0	15.0	0.0
34.0	18.0	0.0
34.0	21.0	0.0
34.0	24.0	0.0
34.0	27.0	0.0
34.0	30.0	0.0
34.0	33.0	0.0
34.0	36.0	0.0
34.0	39.0	0.0
34.0	42.0	0.0
34.0	45.0	0.0
34.0	48.0	0.0
34.0	51.0	0.0
34.0	54.0	0.0
34.0	57.0	0.0
34.0	60.0	0.0
34.0	63.0	0.0
34.0	66.0	0.0
39.0	0.0	-6.0
39.0	3.0	-6.0
39.0	6.0	-6.0
39.0	9.0	-6.0
39.0	12.0	-6.0
39.0	15.0	-6.0
39.0	18.0	-6.0
39.0	21.0	-6.0
39.0	24.0	-6.0
39.0	27.0	-6.0
39.0	30.0	-6.0
39.0	33.0	-6.0
39.0	36.0	-6.0
39.0	39.0	-6.0
39.0	42.0	-6.0
39.0	45.0	-6.0
39.0	48.0	-6.0
39.0	51.0	-6.0
39.0	54.0	-6.0
39.0	57.0	-6.0
39.0	60.0	-6.0
39.0	63.0	-6.0
39.0	66.0	-6.0
43.5	0.0	-12.0
43.5	3.0	-12.0
43.5	6.0	-12.0
43.5	9.0	-12.0
43.5	12.0	-12.0
43.5	15.0	-12.0
43.5	18.0	-12.0
43.5	21.0	-12.0
43.5	24.0	-12.0
43.5	27.0	-12.0
43.5	30.0	-12.0
43.5	33.0	-12.0
43.5	36.0	-12.0
43.5	39.0	-12.0
43.5	42.0	-12.0
43.5	45.0	-12.0
43.5	48.0	-12.0
43.5	51.0	-12.0
43.5	54.0	-12.0
43.5	57.0	-12.0
43.5	60.0	-12.0
43.5	63.0	-12.0
43.5	66.0	-12.0
48.0	0.0	-6.0
48.0	3.0	-6.0
48.0	6.0	-6.0
48.0	9.0	-6.0
48.0	12.0	-6.0
48.0	15.0	-6.0
48.0	18.0	-6.0
48.0	21.0	-6.0
48.0	24.0	-6.0
48.0	27.0	-6.0
48.0	30.0	-6.0
48.0	33.0	-6.0
48.0	36.0	-6.0
48.0	39.0	-6.0
48.0	42.0	-6.0
48.0	45.0	-6.0
48.0	48.0	-6.0
48.0	51.0	-6.0
48.0	54.0	-6.0
48.0	57.0	-6.0
48.0	60.0	-6.0
48.0	63.0	-6.0
48.0	66.0	-6.0
53.0	0.0	0.0
53.0	3.0	0.0
53.0	6.0	0.0
53.0	9.0	0.0
53.0	12.0	0.0
53.0	15.0	0.0
53.0	18.0	0.0
53.0	21.0	0.0
53.0	24.0	0.0
53.0	27.0	0.0
53.0	30.0	0.0
53.0	33.0	0.0
53.0	36.0	0.0
53.0	39.0	0.0
53.0	42.0	0.0
53.0	45.0	0.0
53.0	48.0	0.0
53.0	51.0	0.0
53.0	54.0	0.0
53.0	57.0	0.0
53.0	60.0	0.0
53.0	63.0	0.0
53.0	66.0	0.0
56.0	0.0	0.0
56.0	3.0	0.0
56.0	6.0	0.0
56.0	9.0	0.0
56.0	12.0	0.0
56.0	15.0	0.0
56.0	18.0	0.0
56.0	21.0	0.0
56.0	24.0	0.0
56.0	27.0	0.0
56.0	30.0	0.0
56.0	33.0	0.0
56.0	36.0	0.0
56.0	39.0	0.0
56.0	42.0	0.0
56.0	45.0	0.0
56.0	48.0	0.0
56.0	51.0	0.0
56.0	54.0	0.0
56.0	57.0	0.0
56.0	60.0	0.0
56.0	63.0	0.0
56.0	66.0	0.0
59.0	0.0	0.0
59.0	3.0	0.0
59.0	6.0	0.0
59.0	9.0	0.0
59.0	12.0	0.0
59.0	15.0	0.0
59.0	18.0	0.0
59.0	21.0	0.0
59.0	24.0	0.0
59.0	27.0	0.0
59.0	30.0	0.0
59.0	33.0	0.0
59.0	36.0	0.0
59.0	39.0	0.0
59.0	42.0	0.0
59.0	45.0	0.0
59.0	48.0	0.0
59.0	51.0	0.0
59.0	54.0	0.0
59.0	57.0	0.0
59.0	60.0	0.0
59.0	63.0	0.0
59.0	66.0	0.0
62.0	0.0	0.0
62.0	3.0	0.0
62.0	6.0	0.0
62.0	9.0	0.0
62.0	12.0	0.0
62.0	15.0	0.0
62.0	18.0	0.0
62.0	21.0	0.0
62.0	24.0	0.0
62.0	27.0	0.0
62.0	30.0	0.0
62.0	33.0	0.0
62.0	36.0	0.0
62.0	39.0	0.0
62.0	42.0	0.0
62.0	45.0	0.0
62.0	48.0	0.0
62.0	51.0	0.0
62.0	54.0	0.0
62.0	57.0	0.0
62.0	60.0	0.0
62.0	63.0	0.0
62.0	66.0	0.0
65.0	0.0	0.0
65.0	3.0	0.0
65.0	6.0	0.0
65.0	9.0	0.0
65.0	12.0	0.0
65.0	15.0	0.0
65.0	18.0	0.0
65.0	21.0	0.0
65.0	24.0	0.0
65.0	27.0	0.0
65.0	30.0	0.0
65.0	33.0	0.0
65.0	36.0	0.0
65.0	39.0	0.0
65.0	42.0	0.0
65.0	45.0	0.0
65.0	48.0	0.0
65.0	51.0	0.0
65.0	54.0	0.0
65.0	57.0	0.0
65.0	60.0	0.0
65.0	63.0	0.0
65.0	66.0	0.0
68.0	0.0	0.0
68.0	3.0	0.0
68.0	6.0	0.0
68.0	9.0	0.0
68.0	12.0	0.0
68.0	15.0	0.0
68.0	18.0	0.0
68.0	21.0	0.0
68.0	24.0	0.0
68.0	27.0	0.0
68.0	30.0	0.0
68.0	33.0	0.0
68.0	36.0	0.0
68.0	39.0	0.0
68.0	42.0	0.0
68.0	45.0	0.0
68.0	48.0	0.0
68.0	51.0	0.0
68.0	54.0	0.0
68.0	57.0	0.0
68.0	60.0	0.0
68.0	63.0	0.0
68.0	66.0	0.0
