663.64	70.30	295.00	0.00	0.00
646.51	78.73	295.00	10.00	-15.00
664.09	85.10	290.00	0.00	0.00
629.79	86.76	295.00	20.00	-30.00
481.25	91.73	295.00	70.00	-15.00
646.89	93.31	290.00	10.00	-15.00
613.39	94.50	295.00	30.00	-45.00
520.62	95.37	295.00	60.00	-30.00
559.32	98.85	295.00	50.00	-45.00
664.35	99.92	285.00	0.00	0.00
630.04	101.19	290.00	20.00	-30.00
597.42	102.21	295.00	40.00	-60.00
481.66	106.03	290.00	70.00	-15.00
647.16	107.87	285.00	10.00	-15.00
613.76	108.73	290.00	30.00	-45.00
521.07	109.58	290.00	60.00	-30.00
559.60	112.99	290.00	50.00	-45.00
664.72	114.77	280.00	0.00	0.00
630.38	115.50	285.00	20.00	-30.00
597.81	116.27	290.00	40.00	-60.00
481.99	120.39	285.00	70.00	-15.00
614.02	123.09	285.00	30.00	-45.00
647.59	122.47	280.00	10.00	-15.00
521.48	123.80	285.00	60.00	-30.00
560.22	127.16	285.00	50.00	-45.00
630.84	129.92	280.00	20.00	-30.00
665.15	129.60	275.00	0.00	0.00
598.20	130.30	285.00	40.00	-60.00
482.45	134.70	280.00	70.00	-15.00
648.04	137.09	275.00	10.00	-15.00
521.78	137.99	280.00	60.00	-30.00
614.43	137.18	280.00	30.00	-45.00
560.44	141.29	280.00	50.00	-45.00
598.56	144.26	280.00	40.00	-60.00
631.30	144.35	275.00	20.00	-30.00
665.53	144.42	270.00	0.00	0.00
482.87	149.08	275.00	70.00	-15.00
614.90	151.39	275.00	30.00	-45.00
648.24	151.68	270.00	10.00	-15.00
522.12	152.29	275.00	60.00	-30.00
560.82	155.38	275.00	50.00	-45.00
598.95	158.31	275.00	40.00	-60.00
631.49	158.71	270.00	20.00	-30.00
665.71	159.20	265.00	0.00	0.00
483.17	163.42	270.00	70.00	-15.00
615.21	165.54	270.00	30.00	-45.00
522.58	166.50	270.00	60.00	-30.00
648.65	166.32	265.00	10.00	-15.00
561.20	169.40	270.00	50.00	-45.00
599.33	172.31	270.00	40.00	-60.00
631.90	173.17	265.00	20.00	-30.00
666.19	174.00	260.00	0.00	0.00
483.68	177.68	265.00	70.00	-15.00
615.50	179.76	265.00	30.00	-45.00
523.01	180.59	265.00	60.00	-30.00
648.94	180.84	260.00	10.00	-15.00
561.53	183.49	265.00	50.00	-45.00
599.56	186.28	265.00	40.00	-60.00
632.24	187.50	260.00	20.00	-30.00
666.35	188.80	255.00	0.00	0.00
484.08	192.01	260.00	70.00	-15.00
615.80	193.88	260.00	30.00	-45.00
523.21	194.78	260.00	60.00	-30.00
649.27	195.41	255.00	10.00	-15.00
561.93	197.73	260.00	50.00	-45.00
600.03	200.22	260.00	40.00	-60.00
632.62	201.86	255.00	20.00	-30.00
666.81	203.58	250.00	0.00	0.00
484.46	206.27	255.00	70.00	-15.00
523.73	208.95	255.00	60.00	-30.00
616.12	208.06	255.00	30.00	-45.00
649.58	209.93	250.00	10.00	-15.00
562.32	211.56	255.00	50.00	-45.00
600.23	214.09	255.00	40.00	-60.00
632.98	216.17	250.00	20.00	-30.00
667.20	218.49	245.00	0.00	0.00
484.83	220.46	250.00	70.00	-15.00
616.51	222.24	250.00	30.00	-45.00
524.03	223.11	250.00	60.00	-30.00
562.50	225.59	250.00	50.00	-45.00
649.89	224.58	245.00	10.00	-15.00
600.66	228.13	250.00	40.00	-60.00
633.29	230.51	245.00	20.00	-30.00
667.51	233.22	240.00	0.00	0.00
485.18	234.68	245.00	70.00	-15.00
616.89	236.37	245.00	30.00	-45.00
524.34	237.30	245.00	60.00	-30.00
562.95	239.66	245.00	50.00	-45.00
650.30	239.16	240.00	10.00	-15.00
600.87	241.98	245.00	40.00	-60.00
633.52	244.92	240.00	20.00	-30.00
667.78	247.93	235.00	0.00	0.00
485.44	249.20	240.00	70.00	-15.00
617.14	250.35	240.00	30.00	-45.00
524.60	251.46	240.00	60.00	-30.00
563.29	253.76	240.00	50.00	-45.00
650.65	253.65	235.00	10.00	-15.00
601.18	255.98	240.00	40.00	-60.00
633.84	259.22	235.00	20.00	-30.00
485.79	263.32	235.00	70.00	-15.00
668.14	262.65	230.00	0.00	0.00
617.42	264.60	235.00	30.00	-45.00
525.03	265.60	235.00	60.00	-30.00
563.60	267.79	235.00	50.00	-45.00
650.97	268.14	230.00	10.00	-15.00
601.57	269.87	235.00	40.00	-60.00
633.89	273.48	230.00	20.00	-30.00
486.13	277.56	230.00	70.00	-15.00
617.81	278.70	230.00	30.00	-45.00
668.40	277.39	225.00	0.00	0.00
525.37	279.81	230.00	60.00	-30.00
563.90	281.82	230.00	50.00	-45.00
601.99	283.68	230.00	40.00	-60.00
651.30	282.69	225.00	10.00	-15.00
634.52	287.85	225.00	20.00	-30.00
486.51	291.90	225.00	70.00	-15.00
618.11	292.79	225.00	30.00	-45.00
668.78	292.15	220.00	0.00	0.00
525.67	293.85	225.00	60.00	-30.00
564.28	295.85	225.00	50.00	-45.00
602.23	297.70	225.00	40.00	-60.00
651.48	297.21	220.00	10.00	-15.00
634.74	302.24	220.00	20.00	-30.00
486.82	306.09	220.00	70.00	-15.00
618.45	306.97	220.00	30.00	-45.00
669.09	307.03	215.00	0.00	0.00
525.97	308.11	220.00	60.00	-30.00
564.57	309.94	220.00	50.00	-45.00
602.60	311.67	220.00	40.00	-60.00
651.91	311.78	215.00	10.00	-15.00
635.12	316.48	215.00	20.00	-30.00
487.13	320.34	215.00	70.00	-15.00
618.74	321.11	215.00	30.00	-45.00
526.33	322.18	215.00	60.00	-30.00
669.34	321.62	210.00	0.00	0.00
565.00	323.89	215.00	50.00	-45.00
602.85	325.57	215.00	40.00	-60.00
652.21	326.30	210.00	10.00	-15.00
635.37	330.74	210.00	20.00	-30.00
487.40	334.50	210.00	70.00	-15.00
619.04	335.23	210.00	30.00	-45.00
526.53	336.26	210.00	60.00	-30.00
565.15	337.91	210.00	50.00	-45.00
669.69	336.38	205.00	0.00	0.00
603.12	339.44	210.00	40.00	-60.00
652.40	340.80	205.00	10.00	-15.00
635.65	345.10	205.00	20.00	-30.00
487.67	348.80	205.00	70.00	-15.00
619.28	349.29	205.00	30.00	-45.00
526.95	350.35	205.00	60.00	-30.00
669.89	351.14	200.00	0.00	0.00
565.37	351.97	205.00	50.00	-45.00
603.38	353.36	205.00	40.00	-60.00
652.73	355.27	200.00	10.00	-15.00
636.00	359.43	200.00	20.00	-30.00
488.03	363.00	200.00	70.00	-15.00
619.63	363.33	200.00	30.00	-45.00
527.15	364.44	200.00	60.00	-30.00
565.72	365.94	200.00	50.00	-45.00
670.28	365.79	195.00	0.00	0.00
603.66	367.25	200.00	40.00	-60.00
653.04	369.74	195.00	10.00	-15.00
636.26	373.66	195.00	20.00	-30.00
488.41	377.18	195.00	70.00	-15.00
619.67	377.38	195.00	30.00	-45.00
527.57	378.53	195.00	60.00	-30.00
566.03	379.89	195.00	50.00	-45.00
604.00	381.09	195.00	40.00	-60.00
670.53	380.50	190.00	0.00	0.00
653.27	384.23	190.00	10.00	-15.00
636.55	387.99	190.00	20.00	-30.00
488.57	391.37	190.00	70.00	-15.00
620.17	391.47	190.00	30.00	-45.00
527.76	392.62	190.00	60.00	-30.00
566.22	393.87	190.00	50.00	-45.00
604.27	395.04	190.00	40.00	-60.00
670.81	395.26	185.00	0.00	0.00
653.64	398.71	185.00	10.00	-15.00
636.79	402.26	185.00	20.00	-30.00
488.89	405.54	185.00	70.00	-15.00
620.43	405.57	185.00	30.00	-45.00
528.04	406.77	185.00	60.00	-30.00
566.59	407.89	185.00	50.00	-45.00
604.57	408.91	185.00	40.00	-60.00
671.09	409.90	180.00	0.00	0.00
653.91	413.23	180.00	10.00	-15.00
637.14	416.51	180.00	20.00	-30.00
620.68	419.75	180.00	30.00	-45.00
489.12	419.87	180.00	70.00	-15.00
528.30	420.81	180.00	60.00	-30.00
566.82	421.89	180.00	50.00	-45.00
604.91	422.81	180.00	40.00	-60.00
671.38	424.60	175.00	0.00	0.00
654.09	427.75	175.00	10.00	-15.00
637.32	430.86	175.00	20.00	-30.00
489.46	434.04	175.00	70.00	-15.00
621.03	433.88	175.00	30.00	-45.00
528.61	434.98	175.00	60.00	-30.00
567.19	435.89	175.00	50.00	-45.00
605.03	436.75	175.00	40.00	-60.00
671.64	439.35	170.00	0.00	0.00
654.34	442.21	170.00	10.00	-15.00
637.62	445.14	170.00	20.00	-30.00
489.80	448.20	170.00	70.00	-15.00
621.21	447.95	170.00	30.00	-45.00
528.89	449.10	170.00	60.00	-30.00
567.33	449.86	170.00	50.00	-45.00
605.34	450.64	170.00	40.00	-60.00
672.00	453.97	165.00	0.00	0.00
654.77	456.70	165.00	10.00	-15.00
637.87	459.43	165.00	20.00	-30.00
489.95	462.37	165.00	70.00	-15.00
621.60	461.96	165.00	30.00	-45.00
529.08	463.09	165.00	60.00	-30.00
567.64	463.91	165.00	50.00	-45.00
605.67	464.54	165.00	40.00	-60.00
672.25	468.66	160.00	0.00	0.00
655.02	471.22	160.00	10.00	-15.00
638.20	473.65	160.00	20.00	-30.00
490.18	476.60	160.00	70.00	-15.00
621.78	476.02	160.00	30.00	-45.00
529.42	477.19	160.00	60.00	-30.00
567.94	477.84	160.00	50.00	-45.00
605.96	478.35	160.00	40.00	-60.00
672.54	483.37	155.00	0.00	0.00
655.22	485.67	155.00	10.00	-15.00
638.40	488.00	155.00	20.00	-30.00
622.10	490.12	155.00	30.00	-45.00
490.50	490.83	155.00	70.00	-15.00
529.70	491.26	155.00	60.00	-30.00
568.19	491.86	155.00	50.00	-45.00
606.15	492.25	155.00	40.00	-60.00
672.80	498.10	150.00	0.00	0.00
655.56	500.15	150.00	10.00	-15.00
638.76	502.29	150.00	20.00	-30.00
622.35	504.22	150.00	30.00	-45.00
490.73	505.03	150.00	70.00	-15.00
529.89	505.37	150.00	60.00	-30.00
568.50	505.75	150.00	50.00	-45.00
606.22	506.22	150.00	40.00	-60.00
673.06	512.75	145.00	0.00	0.00
655.84	514.63	145.00	10.00	-15.00
639.09	516.54	145.00	20.00	-30.00
622.59	518.27	145.00	30.00	-45.00
491.00	519.23	145.00	70.00	-15.00
530.14	519.51	145.00	60.00	-30.00
568.73	519.77	145.00	50.00	-45.00
606.70	520.13	145.00	40.00	-60.00
673.35	527.47	140.00	0.00	0.00
656.03	529.17	140.00	10.00	-15.00
639.23	530.85	140.00	20.00	-30.00
622.97	532.53	140.00	30.00	-45.00
491.23	533.41	140.00	70.00	-15.00
530.36	533.69	140.00	60.00	-30.00
568.96	533.80	140.00	50.00	-45.00
606.84	533.87	140.00	40.00	-60.00
673.61	542.21	135.00	0.00	0.00
656.25	543.66	135.00	10.00	-15.00
639.55	545.16	135.00	20.00	-30.00
623.23	546.47	135.00	30.00	-45.00
491.44	547.62	135.00	70.00	-15.00
530.67	547.73	135.00	60.00	-30.00
607.14	547.76	135.00	40.00	-60.00
569.20	547.88	135.00	50.00	-45.00
673.83	556.96	130.00	0.00	0.00
656.63	558.16	130.00	10.00	-15.00
639.87	559.41	130.00	20.00	-30.00
623.34	560.57	130.00	30.00	-45.00
607.41	561.67	130.00	40.00	-60.00
491.68	561.91	130.00	70.00	-15.00
530.86	561.88	130.00	60.00	-30.00
569.39	561.82	130.00	50.00	-45.00
674.17	571.65	125.00	0.00	0.00
656.88	572.70	125.00	10.00	-15.00
623.58	574.73	125.00	30.00	-45.00
640.07	573.80	125.00	20.00	-30.00
569.64	575.86	125.00	50.00	-45.00
607.70	575.66	125.00	40.00	-60.00
491.88	576.13	125.00	70.00	-15.00
531.02	575.98	125.00	60.00	-30.00
657.08	587.23	120.00	10.00	-15.00
674.40	586.39	120.00	0.00	0.00
640.27	588.03	120.00	20.00	-30.00
569.87	589.89	120.00	50.00	-45.00
607.91	589.56	120.00	40.00	-60.00
623.92	588.91	120.00	30.00	-45.00
492.07	590.30	120.00	70.00	-15.00
531.30	590.09	120.00	60.00	-30.00
640.53	602.39	115.00	20.00	-30.00
657.32	601.78	115.00	10.00	-15.00
674.68	601.21	115.00	0.00	0.00
570.11	603.90	115.00	50.00	-45.00
608.12	603.56	115.00	40.00	-60.00
624.17	603.01	115.00	30.00	-45.00
531.54	604.22	115.00	60.00	-30.00
492.31	604.72	115.00	70.00	-15.00
674.99	615.86	110.00	0.00	0.00
608.30	617.45	110.00	40.00	-60.00
624.33	617.13	110.00	30.00	-45.00
640.82	616.74	110.00	20.00	-30.00
657.67	616.33	110.00	10.00	-15.00
531.67	618.42	110.00	60.00	-30.00
570.27	617.94	110.00	50.00	-45.00
492.53	618.90	110.00	70.00	-15.00
608.60	631.40	105.00	40.00	-60.00
624.54	631.23	105.00	30.00	-45.00
641.02	631.06	105.00	20.00	-30.00
657.91	630.85	105.00	10.00	-15.00
675.23	630.63	105.00	0.00	0.00
531.93	632.59	105.00	60.00	-30.00
570.53	632.08	105.00	50.00	-45.00
492.71	633.18	105.00	70.00	-15.00
608.81	645.37	100.00	40.00	-60.00
624.86	645.34	100.00	30.00	-45.00
641.22	645.42	100.00	20.00	-30.00
570.78	646.15	100.00	50.00	-45.00
658.10	645.39	100.00	10.00	-15.00
675.43	645.43	100.00	0.00	0.00
492.93	647.46	100.00	70.00	-15.00
532.08	646.73	100.00	60.00	-30.00
609.05	659.40	95.00	40.00	-60.00
625.05	659.60	95.00	30.00	-45.00
571.01	660.11	95.00	50.00	-45.00
641.54	659.87	95.00	20.00	-30.00
658.32	659.99	95.00	10.00	-15.00
675.73	660.23	95.00	0.00	0.00
532.31	660.92	95.00	60.00	-30.00
493.08	661.75	95.00	70.00	-15.00
609.34	673.38	90.00	40.00	-60.00
571.18	674.26	90.00	50.00	-45.00
625.31	673.75	90.00	30.00	-45.00
641.69	674.14	90.00	20.00	-30.00
532.48	675.11	90.00	60.00	-30.00
658.62	674.59	90.00	10.00	-15.00
675.99	675.03	90.00	0.00	0.00
493.29	676.01	90.00	70.00	-15.00
609.44	687.41	85.00	40.00	-60.00
571.34	688.38	85.00	50.00	-45.00
625.50	687.98	85.00	30.00	-45.00
532.69	689.29	85.00	60.00	-30.00
641.96	688.56	85.00	20.00	-30.00
658.87	689.16	85.00	10.00	-15.00
493.42	690.32	85.00	70.00	-15.00
676.26	689.85	85.00	0.00	0.00
609.70	701.39	80.00	40.00	-60.00
571.55	702.49	80.00	50.00	-45.00
625.69	702.16	80.00	30.00	-45.00
642.23	703.00	80.00	20.00	-30.00
532.95	703.57	80.00	60.00	-30.00
659.12	703.83	80.00	10.00	-15.00
493.71	704.71	80.00	70.00	-15.00
676.44	704.68	80.00	0.00	0.00
609.84	715.40	75.00	40.00	-60.00
625.84	716.36	75.00	30.00	-45.00
571.75	716.65	75.00	50.00	-45.00
533.06	717.78	75.00	60.00	-30.00
642.35	717.39	75.00	20.00	-30.00
493.90	719.02	75.00	70.00	-15.00
659.31	718.43	75.00	10.00	-15.00
676.81	719.52	75.00	0.00	0.00
610.09	729.47	70.00	40.00	-60.00
571.99	730.68	70.00	50.00	-45.00
626.18	730.54	70.00	30.00	-45.00
533.23	731.98	70.00	60.00	-30.00
642.62	731.81	70.00	20.00	-30.00
494.02	733.41	70.00	70.00	-15.00
659.57	733.04	70.00	10.00	-15.00
677.04	734.36	70.00	0.00	0.00
610.26	743.45	65.00	40.00	-60.00
572.08	744.97	65.00	50.00	-45.00
626.27	744.84	65.00	30.00	-45.00
533.40	746.33	65.00	60.00	-30.00
642.87	746.21	65.00	20.00	-30.00
494.15	747.69	65.00	70.00	-15.00
659.84	747.71	65.00	10.00	-15.00
677.23	749.31	65.00	0.00	0.00
610.34	757.43	60.00	40.00	-60.00
572.25	759.04	60.00	50.00	-45.00
626.51	759.16	60.00	30.00	-45.00
533.55	760.58	60.00	60.00	-30.00
643.03	760.69	60.00	20.00	-30.00
494.30	762.15	60.00	70.00	-15.00
660.07	762.35	60.00	10.00	-15.00
677.48	764.13	60.00	0.00	0.00
610.65	771.65	55.00	40.00	-60.00
572.43	773.30	55.00	50.00	-45.00
626.73	773.38	55.00	30.00	-45.00
533.73	774.77	55.00	60.00	-30.00
643.27	775.17	55.00	20.00	-30.00
494.46	776.61	55.00	70.00	-15.00
660.24	777.05	55.00	10.00	-15.00
677.75	779.01	55.00	0.00	0.00
610.95	785.72	50.00	40.00	-60.00
572.73	787.47	50.00	50.00	-45.00
626.97	787.77	50.00	30.00	-45.00
533.97	789.07	50.00	60.00	-30.00
643.52	789.62	50.00	20.00	-30.00
494.64	790.91	50.00	70.00	-15.00
660.44	791.81	50.00	10.00	-15.00
677.99	793.93	50.00	0.00	0.00
611.07	799.84	45.00	40.00	-60.00
572.89	801.62	45.00	50.00	-45.00
627.11	801.87	45.00	30.00	-45.00
534.07	803.57	45.00	60.00	-30.00
643.75	804.26	45.00	20.00	-30.00
494.81	805.41	45.00	70.00	-15.00
660.76	806.55	45.00	10.00	-15.00
678.26	808.97	45.00	0.00	0.00
611.21	813.95	40.00	40.00	-60.00
573.00	815.85	40.00	50.00	-45.00
627.26	816.37	40.00	30.00	-45.00
534.21	817.79	40.00	60.00	-30.00
643.96	818.73	40.00	20.00	-30.00
494.95	819.74	40.00	70.00	-15.00
660.97	821.27	40.00	10.00	-15.00
678.42	823.92	40.00	0.00	0.00
611.45	828.09	35.00	40.00	-60.00
573.12	830.16	35.00	50.00	-45.00
627.56	830.73	35.00	30.00	-45.00
534.29	832.24	35.00	60.00	-30.00
644.05	833.33	35.00	20.00	-30.00
495.04	834.38	35.00	70.00	-15.00
661.20	836.07	35.00	10.00	-15.00
678.69	838.92	35.00	0.00	0.00
611.61	842.25	30.00	40.00	-60.00
573.31	844.36	30.00	50.00	-45.00
627.74	844.94	30.00	30.00	-45.00
534.47	846.57	30.00	60.00	-30.00
644.30	847.81	30.00	20.00	-30.00
495.12	848.72	30.00	70.00	-15.00
661.35	850.79	30.00	10.00	-15.00
678.84	853.91	30.00	0.00	0.00
611.78	856.39	25.00	40.00	-60.00
573.53	858.60	25.00	50.00	-45.00
627.85	859.43	25.00	30.00	-45.00
534.62	861.02	25.00	60.00	-30.00
495.23	863.28	25.00	70.00	-15.00
644.52	862.57	25.00	20.00	-30.00
661.58	865.62	25.00	10.00	-15.00
679.13	868.97	25.00	0.00	0.00
611.95	870.50	20.00	40.00	-60.00
573.67	872.96	20.00	50.00	-45.00
628.05	873.73	20.00	30.00	-45.00
534.76	875.36	20.00	60.00	-30.00
644.59	877.04	20.00	20.00	-30.00
495.32	877.88	20.00	70.00	-15.00
661.77	880.50	20.00	10.00	-15.00
679.46	883.95	20.00	0.00	0.00
612.11	884.84	15.00	40.00	-60.00
573.75	887.33	15.00	50.00	-45.00
628.23	888.17	15.00	30.00	-45.00
534.95	889.79	15.00	60.00	-30.00
495.50	892.39	15.00	70.00	-15.00
644.94	891.60	15.00	20.00	-30.00
661.97	895.28	15.00	10.00	-15.00
612.27	899.07	10.00	40.00	-60.00
679.52	899.02	15.00	0.00	0.00
573.87	901.69	10.00	50.00	-45.00
628.35	902.65	10.00	30.00	-45.00
535.06	904.26	10.00	60.00	-30.00
645.05	906.35	10.00	20.00	-30.00
495.57	907.02	10.00	70.00	-15.00
662.23	910.19	10.00	10.00	-15.00
612.50	913.28	5.00	40.00	-60.00
679.74	914.07	10.00	0.00	0.00
574.19	915.98	5.00	50.00	-45.00
628.54	917.07	5.00	30.00	-45.00
535.17	918.72	5.00	60.00	-30.00
495.74	921.46	5.00	70.00	-15.00
645.18	920.99	5.00	20.00	-30.00
662.28	924.93	5.00	10.00	-15.00
612.55	927.48	0.00	40.00	-60.00
679.89	929.10	5.00	0.00	0.00
574.20	930.39	0.00	50.00	-45.00
628.79	931.39	0.00	30.00	-45.00
535.20	933.11	0.00	60.00	-30.00
645.43	935.63	0.00	20.00	-30.00
495.81	936.13	0.00	70.00	-15.00
662.56	939.85	0.00	10.00	-15.00
680.17	944.18	0.00	0.00	0.00
