70.30	663.64	5	4	1117	0
78.73	646.51	4	5	1573	0
85.10	664.09	5	5	1245	0
86.76	629.79	4	5	1086	0
91.73	481.25	4	5	773	0
93.31	646.89	5	5	1498	0
94.50	613.39	3	6	926	0
95.37	520.62	3	6	1273	0
98.85	559.32	3	6	1165	0
99.92	664.35	4	4	1208	0
101.19	630.04	3	5	1019	0
102.21	597.42	3	6	809	0
106.03	481.66	4	6	977	0
107.87	647.16	4	5	1420	0
108.73	613.76	4	5	1071	0
109.58	521.07	4	5	1217	0
112.99	559.60	3	6	1223	0
114.77	664.72	4	5	1580	0
115.50	630.38	4	5	1337	0
116.27	597.81	3	6	915	0
120.39	481.99	4	5	1037	0
123.09	614.02	4	5	1188	0
122.47	647.59	4	4	1513	0
123.80	521.48	4	6	994	0
127.16	560.22	3	6	1072	0
129.92	630.84	4	5	1534	0
129.60	665.15	4	5	1495	0
130.30	598.20	3	7	1453	0
134.70	482.45	4	5	930	0
137.09	648.04	4	5	1694	0
137.99	521.78	4	6	1320	0
137.18	614.43	3	6	1053	0
141.29	560.44	3	6	1425	0
144.26	598.56	4	6	1397	0
144.35	631.30	3	5	1352	0
144.42	665.53	4	4	1334	0
149.08	482.87	4	5	858	0
151.39	614.90	3	5	1207	0
151.68	648.24	4	5	1493	0
152.29	522.12	3	5	1125	0
155.38	560.82	3	6	1427	0
158.31	598.95	3	6	1184	0
158.71	631.49	4	5	1282	0
159.20	665.71	5	4	1603	0
163.42	483.17	4	5	1199	0
165.54	615.21	4	5	1313	0
166.50	522.58	4	6	1213	0
166.32	648.65	4	4	1638	0
169.40	561.20	3	5	1222	0
172.31	599.33	3	6	1183	0
173.17	631.90	3	5	1449	0
174.00	666.19	4	5	1813	0
177.68	483.68	4	6	1306	0
179.76	615.50	4	6	1423	0
180.59	523.01	4	5	1480	0
180.84	648.94	4	5	1545	0
183.49	561.53	4	6	1470	0
186.28	599.56	3	6	1543	0
187.50	632.24	4	5	1441	0
188.80	666.35	4	4	1707	0
192.01	484.08	3	5	773	0
193.88	615.80	4	5	1433	0
194.78	523.21	4	5	1538	0
195.41	649.27	4	5	1584	0
197.73	561.93	4	5	1318	0
200.22	600.03	4	6	1363	0
201.86	632.62	4	5	1472	0
203.58	666.81	4	4	1504	0
206.27	484.46	5	5	1516	0
208.95	523.73	5	6	1708	0
208.06	616.12	4	5	1380	0
209.93	649.58	4	4	1704	0
211.56	562.32	5	6	1793	0
214.09	600.23	4	6	1456	0
216.17	632.98	4	5	1422	0
218.49	667.20	4	4	1498	0
220.46	484.83	5	6	1509	0
222.24	616.51	5	6	1722	0
223.11	524.03	4	5	1751	0
225.59	562.50	5	6	2075	0
224.58	649.89	4	4	1360	0
228.13	600.66	5	6	1624	0
230.51	633.29	5	4	1413	0
233.22	667.51	5	4	1999	0
234.68	485.18	5	5	1540	0
236.37	616.89	5	5	1633	0
237.30	524.34	5	5	1670	0
239.66	562.95	5	5	1611	0
239.16	650.30	5	4	1698	0
241.98	600.87	4	5	1239	0
244.92	633.52	4	4	1409	0
247.93	667.78	5	4	1719	0
249.20	485.44	5	5	1741	0
250.35	617.14	5	5	1705	0
251.46	524.60	5	4	1643	0
253.76	563.29	5	5	1963	0
253.65	650.65	4	4	1388	0
255.98	601.18	6	5	1770	0
259.22	633.84	5	5	1543	0
263.32	485.79	5	5	1573	0
262.65	668.14	4	4	1807	0
264.60	617.42	5	5	1806	0
265.60	525.03	5	5	1803	0
267.79	563.60	5	6	1932	0
268.14	650.97	5	4	1620	0
269.87	601.57	6	6	2308	0
273.48	633.89	4	5	1584	0
277.56	486.13	5	5	1741	0
278.70	617.81	5	5	1816	0
277.39	668.40	4	4	2093	0
279.81	525.37	4	5	1644	0
281.82	563.90	5	6	2106	0
283.68	601.99	6	5	1904	0
282.69	651.30	4	4	1635	0
287.85	634.52	4	4	1520	0
291.90	486.51	5	4	1497	0
292.79	618.11	5	5	1842	0
292.15	668.78	5	4	2096	0
293.85	525.67	5	4	1661	0
295.85	564.28	6	5	1938	0
297.70	602.23	6	5	2325	0
297.21	651.48	5	4	2023	0
302.24	634.74	5	4	1618	0
306.09	486.82	5	5	1744	0
306.97	618.45	6	5	2391	0
307.03	669.09	5	5	2064	0
308.11	525.97	5	5	1941	0
309.94	564.57	6	6	1873	0
311.67	602.60	6	6	2413	0
311.78	651.91	4	5	2270	0
316.48	635.12	5	5	1994	0
320.34	487.13	5	5	1663	0
321.11	618.74	5	5	2181	0
322.18	526.33	5	5	2207	0
321.62	669.34	4	4	1960	0
323.89	565.00	6	5	2078	0
325.57	602.85	6	6	2686	0
326.30	652.21	5	4	1814	0
330.74	635.37	5	4	1756	0
334.50	487.40	5	5	1686	0
335.23	619.04	5	5	2101	0
336.26	526.53	5	5	2219	0
337.91	565.15	6	5	2085	0
336.38	669.69	4	4	2187	0
339.44	603.12	6	5	2549	0
340.80	652.40	4	4	2231	0
345.10	635.65	5	4	1971	0
348.80	487.67	6	4	1873	0
349.29	619.28	5	5	2232	0
350.35	526.95	5	5	2007	0
351.14	669.89	5	4	2011	0
351.97	565.37	5	5	1831	0
353.36	603.38	5	5	2492	0
355.27	652.73	5	4	2087	0
359.43	636.00	5	5	1769	0
363.00	488.03	5	5	2031	0
363.33	619.63	5	5	2287	0
364.44	527.15	5	5	2109	0
365.94	565.72	6	4	2204	0
365.79	670.28	4	4	2194	0
367.25	603.66	5	6	2328	0
369.74	653.04	4	5	2126	0
373.66	636.26	4	4	1804	0
377.18	488.41	5	4	1647	0
377.38	619.67	5	5	2225	0
378.53	527.57	5	4	2222	0
379.89	566.03	6	5	2175	0
381.09	604.00	6	5	2582	0
380.50	670.53	4	4	2126	0
384.23	653.27	5	4	2189	0
387.99	636.55	5	4	2088	0
391.37	488.57	5	4	2069	0
391.47	620.17	5	5	2143	0
392.62	527.76	5	4	2238	0
393.87	566.22	6	5	2262	0
395.04	604.27	6	5	2470	0
395.26	670.81	4	4	2006	0
398.71	653.64	4	4	2179	0
402.26	636.79	5	4	2011	0
405.54	488.89	5	4	2152	0
405.57	620.43	6	5	2369	0
406.77	528.04	6	5	2304	0
407.89	566.59	6	4	1889	0
408.91	604.57	6	6	2828	0
409.90	671.09	5	5	2196	0
413.23	653.91	5	4	2220	0
416.51	637.14	5	4	2008	0
419.75	620.68	6	5	2117	0
419.87	489.12	5	5	1869	0
420.81	528.30	6	5	2600	0
421.89	566.82	6	5	2167	0
422.81	604.91	6	5	2912	0
424.60	671.38	4	4	2383	0
427.75	654.09	4	4	2275	0
430.86	637.32	5	4	2078	0
434.04	489.46	5	5	1968	0
433.88	621.03	5	5	1953	0
434.98	528.61	5	4	2368	0
435.89	567.19	6	5	2326	0
436.75	605.03	6	5	2735	0
439.35	671.64	4	4	2327	0
442.21	654.34	5	4	2351	0
445.14	637.62	5	4	2126	0
448.20	489.80	5	4	2077	0
447.95	621.21	5	5	2152	0
449.10	528.89	5	4	2318	0
449.86	567.33	6	5	2155	0
450.64	605.34	6	5	2734	0
453.97	672.00	5	5	2355	0
456.70	654.77	4	4	2013	0
459.43	637.87	5	4	2030	0
462.37	489.95	5	4	2090	0
461.96	621.60	5	4	2438	0
463.09	529.08	5	5	2204	0
463.91	567.64	5	4	2322	0
464.54	605.67	6	5	2826	0
468.66	672.25	4	4	2290	0
471.22	655.02	5	3	2022	0
473.65	638.20	6	4	2303	0
476.60	490.18	6	5	2345	0
476.02	621.78	5	4	2217	0
477.19	529.42	5	4	2396	0
477.84	567.94	6	5	2421	0
478.35	605.96	6	5	2499	0
483.37	672.54	4	4	2481	0
485.67	655.22	4	4	2049	0
488.00	638.40	5	4	2058	0
490.12	622.10	5	5	2115	0
490.83	490.50	5	4	2131	0
491.26	529.70	5	4	2287	0
491.86	568.19	5	5	2540	0
492.25	606.15	6	5	2041	0
498.10	672.80	5	4	2306	0
500.15	655.56	5	4	2151	0
502.29	638.76	5	4	1864	0
504.22	622.35	5	4	2297	0
505.03	490.73	5	4	2353	0
505.37	529.89	5	4	2489	0
505.75	568.50	6	4	2316	0
506.22	606.22	6	5	2761	0
512.75	673.06	4	5	2232	0
514.63	655.84	4	4	2201	0
516.54	639.09	4	3	2020	0
518.27	622.59	5	4	2358	0
519.23	491.00	5	4	2128	0
519.51	530.14	6	5	2552	0
519.77	568.73	6	4	2781	0
520.13	606.70	5	5	2295	0
527.47	673.35	4	4	2189	0
529.17	656.03	5	3	2011	0
530.85	639.23	5	4	1981	0
532.53	622.97	6	5	2805	0
533.41	491.23	6	5	2389	0
533.69	530.36	6	4	2409	0
533.80	568.96	6	5	2617	0
533.87	606.84	6	5	2259	0
542.21	673.61	4	4	2365	0
543.66	656.25	4	4	2199	0
545.16	639.55	5	4	2088	0
546.47	623.23	6	5	2695	0
547.62	491.44	6	4	2323	0
547.73	530.67	6	4	2426	0
547.76	607.14	6	5	2285	0
547.88	569.20	5	5	2591	0
556.96	673.83	5	4	2177	0
558.16	656.63	5	4	2360	0
559.41	639.87	5	4	2325	0
560.57	623.34	6	4	2513	0
561.67	607.41	6	5	2680	0
561.91	491.68	5	4	2156	0
561.88	530.86	5	4	2515	0
561.82	569.39	5	5	2409	0
571.65	674.17	4	4	2300	0
572.70	656.88	4	4	2347	0
574.73	623.58	6	4	2293	0
573.80	640.07	5	5	2500	0
575.86	569.64	6	4	2590	0
575.66	607.70	6	5	2774	0
576.13	491.88	5	4	2175	0
575.98	531.02	5	4	2461	0
587.23	657.08	5	4	2313	0
586.39	674.40	4	4	2652	0
588.03	640.27	5	4	2388	0
589.89	569.87	6	5	2646	0
589.56	607.91	6	5	2519	0
588.91	623.92	5	5	2644	0
590.30	492.07	5	5	2382	0
590.09	531.30	5	4	2256	0
602.39	640.53	5	4	2220	0
601.78	657.32	5	4	2367	0
601.21	674.68	4	4	2302	0
603.90	570.11	6	5	2792	0
603.56	608.12	6	5	2649	0
603.01	624.17	5	5	2797	0
604.22	531.54	5	4	2339	0
604.72	492.31	5	6	2340	0
615.86	674.99	5	5	2353	0
617.45	608.30	6	5	2519	0
617.13	624.33	6	5	2631	0
616.74	640.82	5	4	2284	0
616.33	657.67	4	4	2223	0
618.42	531.67	6	4	2356	0
617.94	570.27	5	5	2586	0
618.90	492.53	5	4	2233	0
631.40	608.60	6	6	2788	0
631.23	624.54	6	4	2577	0
631.06	641.02	5	5	2464	0
630.85	657.91	5	4	2436	0
630.63	675.23	4	4	2471	0
632.59	531.93	6	4	2490	0
632.08	570.53	6	4	2587	0
633.18	492.71	6	4	2462	0
645.37	608.81	6	5	2396	0
645.34	624.86	6	5	2654	0
645.42	641.22	6	4	2515	0
646.15	570.78	6	5	2759	0
645.39	658.10	4	4	2303	0
645.43	675.43	4	4	2685	0
647.46	492.93	6	5	2267	0
646.73	532.08	5	5	2335	0
659.40	609.05	6	5	2463	0
659.60	625.05	6	5	2541	0
660.11	571.01	6	5	2445	0
659.87	641.54	5	4	2483	0
659.99	658.32	5	4	2331	0
660.23	675.73	5	4	2389	0
660.92	532.31	5	5	2278	0
661.75	493.08	5	5	2312	0
673.38	609.34	6	5	2770	0
674.26	571.18	6	5	2877	0
673.75	625.31	5	5	2382	0
674.14	641.69	5	4	2256	0
675.11	532.48	5	5	2383	0
674.59	658.62	5	4	2467	0
675.03	675.99	5	5	2645	0
676.01	493.29	5	5	2650	0
687.41	609.44	6	6	2734	0
688.38	571.34	6	5	2496	0
687.98	625.50	5	4	2517	0
689.29	532.69	6	4	2294	0
688.56	641.96	5	5	2346	0
689.16	658.87	5	4	2524	0
690.32	493.42	6	5	2310	0
689.85	676.26	5	4	2529	0
701.39	609.70	6	6	2653	0
702.49	571.55	6	5	2626	0
702.16	625.69	6	5	2856	0
703.00	642.23	5	4	2166	0
703.57	532.95	5	5	2476	0
703.83	659.12	5	4	2347	0
704.71	493.71	5	4	2083	0
704.68	676.44	5	4	2566	0
715.40	609.84	6	6	2689	0
716.36	625.84	6	5	2239	0
716.65	571.75	5	6	2582	0
717.78	533.06	5	5	2583	0
717.39	642.35	5	4	2187	0
719.02	493.90	6	5	2522	0
718.43	659.31	5	4	2468	0
719.52	676.81	4	4	2476	0
729.47	610.09	6	5	2981	0
730.68	571.99	5	5	2528	0
730.54	626.18	5	5	2440	0
731.98	533.23	5	5	2282	0
731.81	642.62	5	4	2382	0
733.41	494.02	6	5	2298	0
733.04	659.57	5	4	2670	0
734.36	677.04	5	5	2517	0
743.45	610.26	6	5	2418	0
744.97	572.08	6	5	2824	0
744.84	626.27	5	5	2659	0
746.33	533.40	6	5	2473	0
746.21	642.87	5	5	2083	0
747.69	494.15	5	5	2338	0
747.71	659.84	5	5	2472	0
749.31	677.23	5	4	2548	0
757.43	610.34	6	5	2241	0
759.04	572.25	6	5	2511	0
759.16	626.51	6	6	2693	0
760.58	533.55	5	5	2364	0
760.69	643.03	5	5	2309	0
762.15	494.30	6	5	2531	0
762.35	660.07	4	4	2272	0
764.13	677.48	5	4	2500	0
771.65	610.65	5	6	2611	0
773.30	572.43	6	6	2801	0
773.38	626.73	6	5	2347	0
774.77	533.73	5	6	2287	0
775.17	643.27	5	5	2184	0
776.61	494.46	5	6	2560	0
777.05	660.24	5	4	2256	0
779.01	677.75	5	4	2629	0
785.72	610.95	6	6	2755	0
787.47	572.73	6	6	2835	0
787.77	626.97	6	5	2674	0
789.07	533.97	6	5	2421	0
789.62	643.52	5	4	2162	0
790.91	494.64	6	6	2260	0
791.81	660.44	5	4	2418	0
793.93	677.99	5	5	2705	0
799.84	611.07	6	5	2671	0
801.62	572.89	5	5	2439	0
801.87	627.11	6	5	2382	0
803.57	534.07	5	5	2485	0
804.26	643.75	6	5	2446	0
805.41	494.81	5	6	2602	0
806.55	660.76	5	5	2428	0
808.97	678.26	5	4	2685	0
813.95	611.21	6	6	2669	0
815.85	573.00	6	5	2575	0
816.37	627.26	6	5	2459	0
817.79	534.21	5	5	2530	0
818.73	643.96	5	5	2335	0
819.74	494.95	5	5	2368	0
821.27	660.97	6	5	2499	0
823.92	678.42	5	4	2813	0
828.09	611.45	6	6	2532	0
830.16	573.12	6	6	2599	0
830.73	627.56	6	6	2615	0
832.24	534.29	6	5	2421	0
833.33	644.05	6	5	2458	0
834.38	495.04	6	5	2352	0
836.07	661.20	6	5	2536	0
838.92	678.69	5	5	3107	0
842.25	611.61	6	6	2742	0
844.36	573.31	6	6	2269	0
844.94	627.74	6	6	2150	0
846.57	534.47	5	6	2509	0
847.81	644.30	5	5	2330	0
848.72	495.12	5	5	2311	0
850.79	661.35	5	4	2646	0
853.91	678.84	5	5	3072	0
856.39	611.78	5	6	2373	0
858.60	573.53	5	7	2658	0
859.43	627.85	6	6	2330	0
861.02	534.62	6	6	2609	0
863.28	495.23	6	5	2309	0
862.57	644.52	5	6	2466	0
865.62	661.58	5	4	2676	0
868.97	679.13	6	5	3075	0
870.50	611.95	5	6	2175	0
872.96	573.67	6	7	2448	0
873.73	628.05	6	5	2287	0
875.36	534.76	6	6	2472	0
877.04	644.59	6	6	2439	0
877.88	495.32	6	6	2638	0
880.50	661.77	5	5	2554	0
883.95	679.46	6	5	3332	0
884.84	612.11	6	7	2752	0
887.33	573.75	7	6	2815	0
888.17	628.23	6	6	2317	0
889.79	534.95	6	6	2687	0
892.39	495.50	6	6	2588	0
891.60	644.94	5	5	2437	0
895.28	661.97	6	5	2973	0
899.07	612.27	7	7	2862	0
899.02	679.52	6	5	2979	0
901.69	573.87	6	6	2573	0
902.65	628.35	6	6	2372	0
904.26	535.06	7	6	2579	0
906.35	645.05	7	5	2877	0
907.02	495.57	6	6	2744	0
910.19	662.23	6	6	3062	0
913.28	612.50	7	6	2314	0
914.07	679.74	6	5	3390	0
915.98	574.19	6	6	2748	0
917.07	628.54	6	6	2458	0
918.72	535.17	6	6	2506	0
921.46	495.74	7	6	2684	0
920.99	645.18	6	5	2584	0
924.93	662.28	6	5	2846	0
927.48	612.55	6	6	2319	0
929.10	679.89	6	5	3256	0
930.39	574.20	7	7	2683	0
931.39	628.79	7	6	2220	0
933.11	535.20	6	6	2358	0
935.63	645.43	7	6	2577	0
936.13	495.81	7	6	2755	0
939.85	662.56	6	6	3126	0
944.18	680.17	6	5	3326	0
