122.59	515.99	2	3	176	0
127.80	485.82	3	3	312	0
127.52	539.97	2	3	196	0
132.99	455.21	3	4	249	0
132.58	564.65	2	3	215	0
136.04	516.19	3	4	236	0
138.47	423.87	3	3	217	0
137.71	589.54	3	4	365	0
141.35	486.03	3	4	353	0
141.12	540.19	3	4	276	0
143.07	615.02	3	3	283	0
146.30	564.69	3	3	250	0
146.80	455.50	3	4	262	0
149.58	516.44	2	4	237	0
151.71	589.67	3	3	326	0
152.43	424.09	2	3	222	0
155.00	486.40	3	4	341	0
154.83	540.15	3	4	309	0
157.09	615.23	3	4	359	0
160.13	564.77	3	3	295	0
160.59	455.78	3	3	241	0
162.97	516.55	3	4	267	0
166.23	424.56	3	4	282	0
165.70	589.76	3	3	392	0
168.35	540.39	3	4	257	0
168.61	486.66	3	4	304	0
171.28	614.97	3	4	327	0
174.15	456.14	3	4	309	0
173.92	564.86	3	3	330	0
176.29	516.88	3	3	257	0
179.45	589.66	3	3	415	0
180.11	424.99	3	3	237	0
182.06	486.88	3	3	343	0
181.92	540.64	3	4	309	0
185.23	615.24	3	4	367	0
187.94	456.39	3	4	314	0
187.61	564.99	3	3	306	0
189.88	516.94	3	3	330	0
193.19	589.83	3	3	435	0
193.93	425.18	3	3	242	0
195.54	487.06	3	4	364	0
195.50	540.84	3	3	252	0
199.31	615.25	4	4	428	0
201.55	456.65	4	4	319	0
201.15	565.08	3	3	300	0
203.14	517.05	3	4	403	0
207.01	589.84	3	3	415	0
207.57	425.86	3	3	211	0
209.06	487.26	3	4	380	0
208.91	540.91	3	3	383	0
213.12	615.39	3	4	282	0
215.01	456.93	3	3	342	0
214.87	565.16	3	3	367	0
216.28	517.45	3	4	296	0
221.23	425.98	3	3	247	0
220.91	590.07	3	4	452	0
222.28	487.58	3	4	362	0
222.28	541.03	3	3	246	0
227.09	615.36	3	4	385	0
228.25	565.39	3	4	311	0
228.66	457.30	3	4	365	0
229.76	517.67	3	4	307	0
234.62	590.10	4	3	382	0
234.93	426.55	3	4	210	0
235.80	487.80	3	3	404	0
235.90	541.25	3	4	344	0
240.96	615.50	3	4	406	0
242.01	457.57	3	4	358	0
241.90	565.50	3	3	403	0
242.88	517.81	3	3	325	0
248.13	590.15	3	3	340	0
248.46	426.80	3	3	279	0
249.01	488.08	3	3	409	0
249.03	541.37	3	4	300	0
255.27	457.99	3	3	359	0
255.35	565.73	4	3	269	0
254.80	615.54	3	4	344	0
256.04	518.02	3	4	304	0
262.05	426.96	3	3	342	0
262.28	488.35	3	4	368	0
262.19	541.74	3	3	289	0
261.86	590.27	3	3	331	0
268.59	615.60	4	4	340	0
268.94	458.06	3	3	397	0
269.08	518.16	3	4	373	0
268.85	565.73	3	3	316	0
275.40	590.39	4	4	331	0
275.61	427.33	3	4	300	0
275.64	488.56	3	4	406	0
275.76	541.79	3	3	306	0
282.14	458.45	3	4	360	0
282.18	518.35	3	4	388	0
282.17	565.94	3	3	220	0
282.17	615.77	4	3	289	0
289.04	427.81	3	3	357	0
288.82	488.79	3	3	484	0
288.94	541.92	3	3	325	0
289.01	590.60	3	3	369	0
295.58	458.70	4	3	384	0
295.18	518.59	3	4	390	0
295.67	566.06	3	3	277	0
296.00	615.66	3	3	408	0
302.25	428.06	3	3	350	0
301.97	488.94	3	3	492	0
302.04	542.04	3	3	378	0
302.51	590.74	3	3	261	0
308.18	518.78	3	3	334	0
308.89	458.99	3	3	418	0
308.99	566.12	3	3	221	0
309.66	615.72	4	3	341	0
315.08	489.25	3	4	415	0
315.07	542.27	3	4	336	0
315.90	428.40	3	4	348	0
315.99	590.71	3	3	397	0
321.17	518.88	3	3	393	0
322.08	459.24	3	4	346	0
322.08	566.18	3	3	316	0
323.11	615.82	3	3	370	0
328.13	489.58	3	4	365	0
328.17	542.40	3	4	421	0
329.14	428.78	3	3	273	0
329.36	590.86	4	3	318	0
334.13	519.09	3	4	414	0
335.14	459.61	3	3	417	0
335.26	566.38	3	4	308	0
336.96	615.80	3	3	403	0
341.11	489.83	3	3	396	0
341.28	542.58	4	4	362	0
342.47	429.03	3	3	292	0
342.86	590.86	3	3	419	0
346.98	519.32	3	4	580	0
348.36	459.87	4	3	437	0
348.75	566.50	3	4	390	0
350.25	615.86	4	3	436	0
354.13	490.02	3	3	369	0
354.35	542.78	4	3	330	0
355.86	429.32	3	4	280	0
356.07	590.75	3	3	564	0
359.96	519.41	3	4	429	0
361.51	460.04	4	3	500	0
361.86	566.67	3	3	310	0
363.94	615.93	3	3	419	0
367.09	490.12	3	3	366	0
367.36	542.87	4	3	365	0
369.13	429.74	3	3	305	0
369.33	591.00	4	3	409	0
372.83	519.75	3	3	381	0
374.69	460.38	3	4	497	0
374.98	566.77	3	3	375	0
377.11	616.00	3	3	453	0
380.08	490.44	3	4	440	0
380.24	543.00	3	3	347	0
382.17	430.06	3	3	340	0
382.56	591.07	3	3	562	0
385.69	519.88	4	3	472	0
387.73	460.71	3	3	383	0
388.06	566.84	3	3	351	0
390.71	616.01	3	3	435	0
393.07	490.65	3	4	409	0
393.16	543.14	3	3	412	0
395.28	430.28	3	4	356	0
395.89	591.15	3	4	486	0
398.27	520.00	4	3	382	0
400.74	460.95	3	3	413	0
401.07	566.97	3	3	347	0
403.97	616.06	3	3	526	0
405.92	490.85	3	3	435	0
406.14	543.27	3	4	419	0
408.43	430.86	3	3	286	0
409.01	591.19	3	4	547	0
410.99	520.16	3	4	459	0
413.72	461.14	3	3	429	0
414.08	567.09	3	3	379	0
417.22	616.11	4	3	512	0
418.82	491.06	3	3	338	0
419.03	543.43	3	4	416	0
421.55	431.01	3	3	321	0
422.05	591.34	3	4	553	0
423.81	520.34	3	4	490	0
426.67	461.53	3	4	456	0
427.08	567.18	3	3	428	0
430.58	616.17	4	3	455	0
431.68	491.26	3	4	380	0
431.89	543.60	3	4	405	0
434.67	431.29	3	4	395	0
435.25	591.42	4	4	491	0
436.46	520.52	4	4	390	0
439.46	461.73	3	3	457	0
440.03	567.30	3	4	414	0
444.28	491.62	4	4	360	0
443.95	616.13	3	4	391	0
444.62	543.80	3	3	297	0
447.76	431.66	3	3	271	0
448.40	591.45	4	4	549	0
449.07	520.64	3	4	485	0
452.30	462.01	4	3	467	0
453.05	567.38	3	4	426	0
457.00	491.79	3	3	388	0
457.33	543.79	3	3	393	0
457.10	616.17	3	4	441	0
460.72	431.85	3	3	353	0
461.72	520.90	4	3	458	0
461.38	591.57	4	4	529	0
465.18	462.17	3	3	419	0
465.82	567.62	3	3	390	0
469.80	491.96	3	3	493	0
470.05	543.96	3	3	452	0
470.15	616.30	3	4	558	0
473.57	432.14	3	3	374	0
474.22	521.02	3	3	377	0
474.50	591.77	4	3	377	0
478.05	462.49	3	4	432	0
478.78	567.70	3	3	314	0
482.44	492.14	4	4	382	0
482.75	544.16	3	3	370	0
483.29	616.40	4	4	476	0
486.60	432.46	3	4	317	0
486.87	521.21	3	4	328	0
487.52	591.84	3	3	349	0
490.92	462.77	3	3	459	0
491.54	567.78	4	3	360	0
495.05	492.26	3	4	432	0
495.38	544.26	4	4	328	0
496.57	616.41	3	4	569	0
499.26	521.40	3	4	410	0
499.36	432.83	2	3	415	0
500.34	591.91	4	3	406	0
503.61	462.98	3	3	424	0
504.35	567.88	4	3	341	0
507.75	492.60	3	4	400	0
508.08	544.43	3	4	432	0
509.68	616.41	4	4	450	0
512.18	433.01	3	3	419	0
511.86	521.59	3	4	358	0
513.38	591.98	4	3	375	0
516.32	463.07	4	3	507	0
517.07	567.95	3	3	356	0
520.23	492.76	3	3	519	0
520.71	544.71	3	3	324	0
522.75	616.51	3	4	566	0
524.18	521.77	3	3	338	0
525.12	433.21	3	3	435	0
526.28	591.98	3	3	380	0
529.06	463.45	3	4	464	0
529.78	568.06	3	3	329	0
532.84	492.93	3	3	563	0
533.15	544.68	3	3	478	0
535.85	616.56	3	4	485	0
536.81	521.90	3	3	366	0
537.97	433.55	3	3	344	0
539.16	592.08	3	3	475	0
541.69	463.67	3	3	483	0
542.50	568.13	3	3	311	0
545.34	493.05	4	3	410	0
545.83	544.76	3	3	473	0
549.04	522.07	3	4	425	0
548.82	616.64	3	3	479	0
550.77	433.88	3	3	373	0
552.12	592.20	3	3	373	0
554.26	463.96	3	3	393	0
555.08	568.19	3	3	396	0
557.89	493.26	3	4	584	0
558.31	544.97	3	3	359	0
561.52	522.24	4	4	456	0
561.83	616.73	3	3	400	0
563.40	434.11	3	3	361	0
564.78	592.23	3	3	418	0
567.10	463.97	3	3	606	0
567.82	568.41	3	4	540	0
570.30	493.53	4	4	512	0
570.91	545.10	3	3	336	0
573.94	522.36	3	4	352	0
574.75	616.80	3	3	419	0
576.24	434.28	3	4	470	0
577.61	592.28	3	4	572	0
579.52	464.35	3	4	441	0
580.40	568.39	3	4	594	0
582.88	493.76	3	3	460	0
583.23	545.21	3	4	485	0
586.18	522.56	3	4	359	0
587.68	616.75	3	3	392	0
588.92	434.67	3	3	344	0
590.24	592.35	3	4	544	0
592.06	464.60	3	4	409	0
593.07	568.62	3	3	456	0
595.20	493.90	3	3	458	0
595.73	545.43	3	4	390	0
598.47	522.64	4	4	421	0
600.42	616.91	4	3	402	0
601.52	434.93	3	3	377	0
603.08	592.47	3	4	598	0
604.57	464.88	3	3	411	0
605.79	568.79	3	3	406	0
607.72	494.06	3	3	404	0
608.22	545.48	3	4	422	0
610.84	522.84	3	4	455	0
613.22	616.96	3	3	605	0
614.21	435.08	3	3	434	0
615.82	592.52	3	4	553	0
617.12	465.01	3	3	417	0
618.19	568.82	3	3	415	0
620.06	494.25	3	4	416	0
620.71	545.64	3	4	377	0
622.99	523.05	3	4	368	0
626.14	617.00	3	3	423	0
626.85	435.45	3	4	332	0
628.35	592.78	4	3	360	0
629.68	465.25	3	4	439	0
630.74	568.93	3	3	532	0
632.51	494.50	3	4	438	0
633.06	545.73	3	4	463	0
635.21	523.19	3	4	384	0
639.39	435.80	4	3	320	0
639.01	616.99	3	3	434	0
641.14	592.74	3	3	490	0
642.13	465.40	3	4	503	0
643.27	569.00	3	3	450	0
644.79	494.64	3	4	365	0
645.28	545.89	3	3	366	0
647.48	523.31	4	4	425	0
652.03	435.93	3	3	371	0
651.83	617.01	3	3	509	0
653.82	592.86	3	3	473	0
654.58	465.70	3	4	396	0
655.78	569.12	3	3	400	0
657.10	494.82	3	3	422	0
657.73	546.04	3	3	323	0
659.67	523.43	3	4	383	0
664.53	436.09	3	3	359	0
664.57	617.17	3	4	556	0
666.33	592.95	4	3	428	0
667.06	465.93	3	3	436	0
668.18	569.26	3	4	359	0
669.33	494.98	3	3	323	0
670.03	546.20	3	4	466	0
671.91	523.59	3	4	411	0
677.07	436.46	3	4	523	0
677.30	617.10	3	3	453	0
679.01	592.93	3	3	594	0
679.39	466.03	3	3	399	0
680.70	569.42	3	4	409	0
681.68	495.23	3	4	393	0
682.34	546.30	3	4	434	0
684.09	523.59	3	4	496	0
689.77	436.59	3	4	408	0
690.07	617.25	3	4	603	0
691.76	466.33	3	4	485	0
691.47	593.11	3	3	592	0
693.19	569.46	3	4	330	0
694.00	495.37	3	4	487	0
694.72	546.41	3	4	385	0
696.18	523.92	3	5	473	0
702.12	436.90	3	3	306	0
702.93	617.15	3	4	594	0
704.17	466.56	3	4	463	0
704.16	593.19	3	4	490	0
706.21	495.52	3	4	429	0
705.52	569.57	3	4	346	0
707.04	546.52	3	4	387	0
708.33	524.06	3	5	383	0
714.46	437.14	3	3	439	0
715.37	617.38	4	4	464	0
716.45	466.81	3	3	310	0
716.58	593.29	3	4	481	0
718.03	569.72	3	4	385	0
718.41	495.72	3	4	442	0
719.21	546.58	3	4	388	0
720.37	524.17	3	4	281	0
727.06	437.44	3	4	333	0
728.27	617.43	3	4	524	0
728.74	466.99	3	3	376	0
729.18	593.33	3	4	553	0
730.25	569.85	3	3	324	0
730.64	495.97	3	5	388	0
731.35	546.78	2	4	333	0
732.41	524.37	2	4	369	0
739.37	437.69	2	4	353	0
741.13	467.23	3	4	380	0
740.84	617.49	3	4	485	0
741.57	593.42	3	4	507	0
742.84	496.16	3	4	403	0
742.61	569.90	3	3	307	0
743.59	546.83	3	4	312	0
744.44	524.47	2	4	353	0
751.82	437.94	3	3	421	0
753.24	617.53	3	4	445	0
753.38	467.37	2	4	299	0
754.13	593.53	3	4	401	0
755.00	496.28	3	4	469	0
754.97	570.09	3	4	337	0
755.78	547.04	3	5	422	0
756.66	524.70	3	5	413	0
764.21	438.17	3	4	492	0
765.68	467.62	3	4	406	0
766.00	617.57	3	4	439	0
767.23	496.45	3	4	349	0
767.25	570.10	3	4	299	0
766.57	593.63	3	4	363	0
767.98	547.20	3	4	337	0
768.68	524.79	3	5	435	0
776.68	438.30	3	4	388	0
777.98	467.77	3	4	417	0
779.04	593.62	3	4	427	0
778.57	617.61	3	4	420	0
779.35	496.56	2	4	329	0
780.19	547.37	3	4	284	0
779.54	570.31	3	4	406	0
780.68	524.90	3	5	400	0
788.97	438.63	3	4	433	0
790.20	468.05	3	5	437	0
791.04	617.76	3	4	621	0
791.41	496.83	2	5	347	0
792.31	547.47	3	4	367	0
791.90	570.29	3	4	412	0
791.32	593.71	2	4	482	0
792.73	525.01	3	5	449	0
801.37	438.72	2	4	358	0
802.39	468.23	3	4	356	0
803.56	497.02	3	5	340	0
804.22	570.40	3	4	357	0
803.90	593.83	3	4	433	0
803.58	617.78	3	4	553	0
804.62	525.16	3	5	332	0
804.41	547.49	2	4	293	0
813.59	439.15	3	4	348	0
814.58	468.39	3	4	352	0
815.64	497.18	3	5	353	0
816.24	593.93	3	5	459	0
816.04	617.90	3	5	560	0
816.65	525.18	3	5	371	0
816.36	547.62	2	4	330	0
816.33	570.49	2	4	309	0
825.86	439.25	3	4	353	0
826.94	468.52	3	4	434	0
827.75	497.32	3	4	317	0
828.46	525.45	2	6	333	0
828.49	547.65	3	4	300	0
828.62	570.56	3	4	347	0
828.53	594.03	3	5	477	0
828.61	617.97	3	5	614	0
838.19	439.52	3	4	384	0
839.01	468.81	3	5	367	0
839.67	497.59	3	5	430	0
840.46	525.64	2	5	388	0
840.67	547.89	3	5	281	0
840.99	570.57	3	4	391	0
840.90	594.02	3	5	563	0
841.09	618.09	3	4	523	0
850.47	439.69	3	4	437	0
851.16	468.91	3	5	375	0
851.82	497.70	3	5	342	0
852.36	525.83	2	5	305	0
852.79	547.93	3	5	304	0
853.02	570.82	3	5	375	0
853.25	594.27	3	4	334	0
853.60	618.07	3	5	586	0
862.72	439.99	3	5	405	0
863.31	469.16	3	5	352	0
863.74	497.77	3	5	379	0
864.41	525.98	2	5	275	0
864.81	548.02	3	5	291	0
865.12	570.95	3	5	400	0
865.55	594.22	3	5	549	0
865.91	618.12	3	5	737	0
874.96	440.21	3	5	447	0
875.61	469.26	3	5	340	0
876.08	497.97	3	5	364	0
876.64	548.33	3	4	256	0
877.55	571.03	3	5	398	0
877.77	594.33	3	5	517	0
878.57	618.13	4	5	502	0
887.12	440.41	3	4	377	0
887.50	469.42	2	4	250	0
889.43	571.24	2	4	301	0
890.11	594.41	3	4	312	0
890.83	618.24	3	5	583	0
899.32	440.55	3	4	342	0
902.37	594.47	4	4	424	0
903.27	618.30	4	4	457	0
915.66	618.30	3	5	460	0
