515.99	122.59	295.00	40.00	-60.00
485.82	127.80	295.00	50.00	-45.00
539.97	127.52	295.00	30.00	-45.00
455.21	132.99	295.00	60.00	-30.00
564.65	132.58	295.00	20.00	-30.00
516.19	136.04	290.00	40.00	-60.00
423.87	138.47	295.00	70.00	-15.00
589.54	137.71	295.00	10.00	-15.00
486.03	141.35	290.00	50.00	-45.00
540.19	141.12	290.00	30.00	-45.00
615.02	143.07	295.00	0.00	0.00
564.69	146.30	290.00	20.00	-30.00
455.50	146.80	290.00	60.00	-30.00
516.44	149.58	285.00	40.00	-60.00
589.67	151.71	290.00	10.00	-15.00
424.09	152.43	290.00	70.00	-15.00
486.40	155.00	285.00	50.00	-45.00
540.15	154.83	285.00	30.00	-45.00
615.23	157.09	290.00	0.00	0.00
564.77	160.13	285.00	20.00	-30.00
455.78	160.59	285.00	60.00	-30.00
516.55	162.97	280.00	40.00	-60.00
424.56	166.23	285.00	70.00	-15.00
589.76	165.70	285.00	10.00	-15.00
540.39	168.35	280.00	30.00	-45.00
486.66	168.61	280.00	50.00	-45.00
614.97	171.28	285.00	0.00	0.00
456.14	174.15	280.00	60.00	-30.00
564.86	173.92	280.00	20.00	-30.00
516.88	176.29	275.00	40.00	-60.00
589.66	179.45	280.00	10.00	-15.00
424.99	180.11	280.00	70.00	-15.00
486.88	182.06	275.00	50.00	-45.00
540.64	181.92	275.00	30.00	-45.00
615.24	185.23	280.00	0.00	0.00
456.39	187.94	275.00	60.00	-30.00
564.99	187.61	275.00	20.00	-30.00
516.94	189.88	270.00	40.00	-60.00
589.83	193.19	275.00	10.00	-15.00
425.18	193.93	275.00	70.00	-15.00
487.06	195.54	270.00	50.00	-45.00
540.84	195.50	270.00	30.00	-45.00
615.25	199.31	275.00	0.00	0.00
456.65	201.55	270.00	60.00	-30.00
565.08	201.15	270.00	20.00	-30.00
517.05	203.14	265.00	40.00	-60.00
589.84	207.01	270.00	10.00	-15.00
425.86	207.57	270.00	70.00	-15.00
487.26	209.06	265.00	50.00	-45.00
540.91	208.91	265.00	30.00	-45.00
615.39	213.12	270.00	0.00	0.00
456.93	215.01	265.00	60.00	-30.00
565.16	214.87	265.00	20.00	-30.00
517.45	216.28	260.00	40.00	-60.00
425.98	221.23	265.00	70.00	-15.00
590.07	220.91	265.00	10.00	-15.00
487.58	222.28	260.00	50.00	-45.00
541.03	222.28	260.00	30.00	-45.00
615.36	227.09	265.00	0.00	0.00
565.39	228.25	260.00	20.00	-30.00
457.30	228.66	260.00	60.00	-30.00
517.67	229.76	255.00	40.00	-60.00
590.10	234.62	260.00	10.00	-15.00
426.55	234.93	260.00	70.00	-15.00
487.80	235.80	255.00	50.00	-45.00
541.25	235.90	255.00	30.00	-45.00
615.50	240.96	260.00	0.00	0.00
457.57	242.01	255.00	60.00	-30.00
565.50	241.90	255.00	20.00	-30.00
517.81	242.88	250.00	40.00	-60.00
590.15	248.13	255.00	10.00	-15.00
426.80	248.46	255.00	70.00	-15.00
488.08	249.01	250.00	50.00	-45.00
541.37	249.03	250.00	30.00	-45.00
457.99	255.27	250.00	60.00	-30.00
565.73	255.35	250.00	20.00	-30.00
615.54	254.80	255.00	0.00	0.00
518.02	256.04	245.00	40.00	-60.00
426.96	262.05	250.00	70.00	-15.00
488.35	262.28	245.00	50.00	-45.00
541.74	262.19	245.00	30.00	-45.00
590.27	261.86	250.00	10.00	-15.00
615.60	268.59	250.00	0.00	0.00
458.06	268.94	245.00	60.00	-30.00
518.16	269.08	240.00	40.00	-60.00
565.73	268.85	245.00	20.00	-30.00
590.39	275.40	245.00	10.00	-15.00
427.33	275.61	245.00	70.00	-15.00
488.56	275.64	240.00	50.00	-45.00
541.79	275.76	240.00	30.00	-45.00
458.45	282.14	240.00	60.00	-30.00
518.35	282.18	235.00	40.00	-60.00
565.94	282.17	240.00	20.00	-30.00
615.77	282.17	245.00	0.00	0.00
427.81	289.04	240.00	70.00	-15.00
488.79	288.82	235.00	50.00	-45.00
541.92	288.94	235.00	30.00	-45.00
590.60	289.01	240.00	10.00	-15.00
458.70	295.58	235.00	60.00	-30.00
518.59	295.18	230.00	40.00	-60.00
566.06	295.67	235.00	20.00	-30.00
615.66	296.00	240.00	0.00	0.00
428.06	302.25	235.00	70.00	-15.00
488.94	301.97	230.00	50.00	-45.00
542.04	302.04	230.00	30.00	-45.00
590.74	302.51	235.00	10.00	-15.00
518.78	308.18	225.00	40.00	-60.00
458.99	308.89	230.00	60.00	-30.00
566.12	308.99	230.00	20.00	-30.00
615.72	309.66	235.00	0.00	0.00
489.25	315.08	225.00	50.00	-45.00
542.27	315.07	225.00	30.00	-45.00
428.40	315.90	230.00	70.00	-15.00
590.71	315.99	230.00	10.00	-15.00
518.88	321.17	220.00	40.00	-60.00
459.24	322.08	225.00	60.00	-30.00
566.18	322.08	225.00	20.00	-30.00
615.82	323.11	230.00	0.00	0.00
489.58	328.13	220.00	50.00	-45.00
542.40	328.17	220.00	30.00	-45.00
428.78	329.14	225.00	70.00	-15.00
590.86	329.36	225.00	10.00	-15.00
519.09	334.13	215.00	40.00	-60.00
459.61	335.14	220.00	60.00	-30.00
566.38	335.26	220.00	20.00	-30.00
615.80	336.96	225.00	0.00	0.00
489.83	341.11	215.00	50.00	-45.00
542.58	341.28	215.00	30.00	-45.00
429.03	342.47	220.00	70.00	-15.00
590.86	342.86	220.00	10.00	-15.00
519.32	346.98	210.00	40.00	-60.00
459.87	348.36	215.00	60.00	-30.00
566.50	348.75	215.00	20.00	-30.00
615.86	350.25	220.00	0.00	0.00
490.02	354.13	210.00	50.00	-45.00
542.78	354.35	210.00	30.00	-45.00
429.32	355.86	215.00	70.00	-15.00
590.75	356.07	215.00	10.00	-15.00
519.41	359.96	205.00	40.00	-60.00
460.04	361.51	210.00	60.00	-30.00
566.67	361.86	210.00	20.00	-30.00
615.93	363.94	215.00	0.00	0.00
490.12	367.09	205.00	50.00	-45.00
542.87	367.36	205.00	30.00	-45.00
429.74	369.13	210.00	70.00	-15.00
591.00	369.33	210.00	10.00	-15.00
519.75	372.83	200.00	40.00	-60.00
460.38	374.69	205.00	60.00	-30.00
566.77	374.98	205.00	20.00	-30.00
616.00	377.11	210.00	0.00	0.00
490.44	380.08	200.00	50.00	-45.00
543.00	380.24	200.00	30.00	-45.00
430.06	382.17	205.00	70.00	-15.00
591.07	382.56	205.00	10.00	-15.00
519.88	385.69	195.00	40.00	-60.00
460.71	387.73	200.00	60.00	-30.00
566.84	388.06	200.00	20.00	-30.00
616.01	390.71	205.00	0.00	0.00
490.65	393.07	195.00	50.00	-45.00
543.14	393.16	195.00	30.00	-45.00
430.28	395.28	200.00	70.00	-15.00
591.15	395.89	200.00	10.00	-15.00
520.00	398.27	190.00	40.00	-60.00
460.95	400.74	195.00	60.00	-30.00
566.97	401.07	195.00	20.00	-30.00
616.06	403.97	200.00	0.00	0.00
490.85	405.92	190.00	50.00	-45.00
543.27	406.14	190.00	30.00	-45.00
430.86	408.43	195.00	70.00	-15.00
591.19	409.01	195.00	10.00	-15.00
520.16	410.99	185.00	40.00	-60.00
461.14	413.72	190.00	60.00	-30.00
567.09	414.08	190.00	20.00	-30.00
616.11	417.22	195.00	0.00	0.00
491.06	418.82	185.00	50.00	-45.00
543.43	419.03	185.00	30.00	-45.00
431.01	421.55	190.00	70.00	-15.00
591.34	422.05	190.00	10.00	-15.00
520.34	423.81	180.00	40.00	-60.00
461.53	426.67	185.00	60.00	-30.00
567.18	427.08	185.00	20.00	-30.00
616.17	430.58	190.00	0.00	0.00
491.26	431.68	180.00	50.00	-45.00
543.60	431.89	180.00	30.00	-45.00
431.29	434.67	185.00	70.00	-15.00
591.42	435.25	185.00	10.00	-15.00
520.52	436.46	175.00	40.00	-60.00
461.73	439.46	180.00	60.00	-30.00
567.30	440.03	180.00	20.00	-30.00
491.62	444.28	175.00	50.00	-45.00
616.13	443.95	185.00	0.00	0.00
543.80	444.62	175.00	30.00	-45.00
431.66	447.76	180.00	70.00	-15.00
591.45	448.40	180.00	10.00	-15.00
520.64	449.07	170.00	40.00	-60.00
462.01	452.30	175.00	60.00	-30.00
567.38	453.05	175.00	20.00	-30.00
491.79	457.00	170.00	50.00	-45.00
543.79	457.33	170.00	30.00	-45.00
616.17	457.10	180.00	0.00	0.00
431.85	460.72	175.00	70.00	-15.00
520.90	461.72	165.00	40.00	-60.00
591.57	461.38	175.00	10.00	-15.00
462.17	465.18	170.00	60.00	-30.00
567.62	465.82	170.00	20.00	-30.00
491.96	469.80	165.00	50.00	-45.00
543.96	470.05	165.00	30.00	-45.00
616.30	470.15	175.00	0.00	0.00
432.14	473.57	170.00	70.00	-15.00
521.02	474.22	160.00	40.00	-60.00
591.77	474.50	170.00	10.00	-15.00
462.49	478.05	165.00	60.00	-30.00
567.70	478.78	165.00	20.00	-30.00
492.14	482.44	160.00	50.00	-45.00
544.16	482.75	160.00	30.00	-45.00
616.40	483.29	170.00	0.00	0.00
432.46	486.60	165.00	70.00	-15.00
521.21	486.87	155.00	40.00	-60.00
591.84	487.52	165.00	10.00	-15.00
462.77	490.92	160.00	60.00	-30.00
567.78	491.54	160.00	20.00	-30.00
492.26	495.05	155.00	50.00	-45.00
544.26	495.38	155.00	30.00	-45.00
616.41	496.57	165.00	0.00	0.00
521.40	499.26	150.00	40.00	-60.00
432.83	499.36	160.00	70.00	-15.00
591.91	500.34	160.00	10.00	-15.00
462.98	503.61	155.00	60.00	-30.00
567.88	504.35	155.00	20.00	-30.00
492.60	507.75	150.00	50.00	-45.00
544.43	508.08	150.00	30.00	-45.00
616.41	509.68	160.00	0.00	0.00
433.01	512.18	155.00	70.00	-15.00
521.59	511.86	145.00	40.00	-60.00
591.98	513.38	155.00	10.00	-15.00
463.07	516.32	150.00	60.00	-30.00
567.95	517.07	150.00	20.00	-30.00
492.76	520.23	145.00	50.00	-45.00
544.71	520.71	145.00	30.00	-45.00
616.51	522.75	155.00	0.00	0.00
521.77	524.18	140.00	40.00	-60.00
433.21	525.12	150.00	70.00	-15.00
591.98	526.28	150.00	10.00	-15.00
463.45	529.06	145.00	60.00	-30.00
568.06	529.78	145.00	20.00	-30.00
492.93	532.84	140.00	50.00	-45.00
544.68	533.15	140.00	30.00	-45.00
616.56	535.85	150.00	0.00	0.00
521.90	536.81	135.00	40.00	-60.00
433.55	537.97	145.00	70.00	-15.00
592.08	539.16	145.00	10.00	-15.00
463.67	541.69	140.00	60.00	-30.00
568.13	542.50	140.00	20.00	-30.00
493.05	545.34	135.00	50.00	-45.00
544.76	545.83	135.00	30.00	-45.00
522.07	549.04	130.00	40.00	-60.00
616.64	548.82	145.00	0.00	0.00
433.88	550.77	140.00	70.00	-15.00
592.20	552.12	140.00	10.00	-15.00
463.96	554.26	135.00	60.00	-30.00
568.19	555.08	135.00	20.00	-30.00
493.26	557.89	130.00	50.00	-45.00
544.97	558.31	130.00	30.00	-45.00
522.24	561.52	125.00	40.00	-60.00
616.73	561.83	140.00	0.00	0.00
434.11	563.40	135.00	70.00	-15.00
592.23	564.78	135.00	10.00	-15.00
463.97	567.10	130.00	60.00	-30.00
568.41	567.82	130.00	20.00	-30.00
493.53	570.30	125.00	50.00	-45.00
545.10	570.91	125.00	30.00	-45.00
522.36	573.94	120.00	40.00	-60.00
616.80	574.75	135.00	0.00	0.00
434.28	576.24	130.00	70.00	-15.00
592.28	577.61	130.00	10.00	-15.00
464.35	579.52	125.00	60.00	-30.00
568.39	580.40	125.00	20.00	-30.00
493.76	582.88	120.00	50.00	-45.00
545.21	583.23	120.00	30.00	-45.00
522.56	586.18	115.00	40.00	-60.00
616.75	587.68	130.00	0.00	0.00
434.67	588.92	125.00	70.00	-15.00
592.35	590.24	125.00	10.00	-15.00
464.60	592.06	120.00	60.00	-30.00
568.62	593.07	120.00	20.00	-30.00
493.90	595.20	115.00	50.00	-45.00
545.43	595.73	115.00	30.00	-45.00
522.64	598.47	110.00	40.00	-60.00
616.91	600.42	125.00	0.00	0.00
434.93	601.52	120.00	70.00	-15.00
592.47	603.08	120.00	10.00	-15.00
464.88	604.57	115.00	60.00	-30.00
568.79	605.79	115.00	20.00	-30.00
494.06	607.72	110.00	50.00	-45.00
545.48	608.22	110.00	30.00	-45.00
522.84	610.84	105.00	40.00	-60.00
616.96	613.22	120.00	0.00	0.00
435.08	614.21	115.00	70.00	-15.00
592.52	615.82	115.00	10.00	-15.00
465.01	617.12	110.00	60.00	-30.00
568.82	618.19	110.00	20.00	-30.00
494.25	620.06	105.00	50.00	-45.00
545.64	620.71	105.00	30.00	-45.00
523.05	622.99	100.00	40.00	-60.00
617.00	626.14	115.00	0.00	0.00
435.45	626.85	110.00	70.00	-15.00
592.78	628.35	110.00	10.00	-15.00
465.25	629.68	105.00	60.00	-30.00
568.93	630.74	105.00	20.00	-30.00
494.50	632.51	100.00	50.00	-45.00
545.73	633.06	100.00	30.00	-45.00
523.19	635.21	95.00	40.00	-60.00
435.80	639.39	105.00	70.00	-15.00
616.99	639.01	110.00	0.00	0.00
592.74	641.14	105.00	10.00	-15.00
465.40	642.13	100.00	60.00	-30.00
569.00	643.27	100.00	20.00	-30.00
494.64	644.79	95.00	50.00	-45.00
545.89	645.28	95.00	30.00	-45.00
523.31	647.48	90.00	40.00	-60.00
435.93	652.03	100.00	70.00	-15.00
617.01	651.83	105.00	0.00	0.00
592.86	653.82	100.00	10.00	-15.00
465.70	654.58	95.00	60.00	-30.00
569.12	655.78	95.00	20.00	-30.00
494.82	657.10	90.00	50.00	-45.00
546.04	657.73	90.00	30.00	-45.00
523.43	659.67	85.00	40.00	-60.00
436.09	664.53	95.00	70.00	-15.00
617.17	664.57	100.00	0.00	0.00
592.95	666.33	95.00	10.00	-15.00
465.93	667.06	90.00	60.00	-30.00
569.26	668.18	90.00	20.00	-30.00
494.98	669.33	85.00	50.00	-45.00
546.20	670.03	85.00	30.00	-45.00
523.59	671.91	80.00	40.00	-60.00
436.46	677.07	90.00	70.00	-15.00
617.10	677.30	95.00	0.00	0.00
592.93	679.01	90.00	10.00	-15.00
466.03	679.39	85.00	60.00	-30.00
569.42	680.70	85.00	20.00	-30.00
495.23	681.68	80.00	50.00	-45.00
546.30	682.34	80.00	30.00	-45.00
523.59	684.09	75.00	40.00	-60.00
436.59	689.77	85.00	70.00	-15.00
617.25	690.07	90.00	0.00	0.00
466.33	691.76	80.00	60.00	-30.00
593.11	691.47	85.00	10.00	-15.00
569.46	693.19	80.00	20.00	-30.00
495.37	694.00	75.00	50.00	-45.00
546.41	694.72	75.00	30.00	-45.00
523.92	696.18	70.00	40.00	-60.00
436.90	702.12	80.00	70.00	-15.00
617.15	702.93	85.00	0.00	0.00
466.56	704.17	75.00	60.00	-30.00
593.19	704.16	80.00	10.00	-15.00
495.52	706.21	70.00	50.00	-45.00
569.57	705.52	75.00	20.00	-30.00
546.52	707.04	70.00	30.00	-45.00
524.06	708.33	65.00	40.00	-60.00
437.14	714.46	75.00	70.00	-15.00
617.38	715.37	80.00	0.00	0.00
466.81	716.45	70.00	60.00	-30.00
593.29	716.58	75.00	10.00	-15.00
569.72	718.03	70.00	20.00	-30.00
495.72	718.41	65.00	50.00	-45.00
546.58	719.21	65.00	30.00	-45.00
524.17	720.37	60.00	40.00	-60.00
437.44	727.06	70.00	70.00	-15.00
617.43	728.27	75.00	0.00	0.00
466.99	728.74	65.00	60.00	-30.00
593.33	729.18	70.00	10.00	-15.00
569.85	730.25	65.00	20.00	-30.00
495.97	730.64	60.00	50.00	-45.00
546.78	731.35	60.00	30.00	-45.00
524.37	732.41	55.00	40.00	-60.00
437.69	739.37	65.00	70.00	-15.00
467.23	741.13	60.00	60.00	-30.00
617.49	740.84	70.00	0.00	0.00
593.42	741.57	65.00	10.00	-15.00
496.16	742.84	55.00	50.00	-45.00
569.90	742.61	60.00	20.00	-30.00
546.83	743.59	55.00	30.00	-45.00
524.47	744.44	50.00	40.00	-60.00
437.94	751.82	60.00	70.00	-15.00
617.53	753.24	65.00	0.00	0.00
467.37	753.38	55.00	60.00	-30.00
593.53	754.13	60.00	10.00	-15.00
496.28	755.00	50.00	50.00	-45.00
570.09	754.97	55.00	20.00	-30.00
547.04	755.78	50.00	30.00	-45.00
524.70	756.66	45.00	40.00	-60.00
438.17	764.21	55.00	70.00	-15.00
467.62	765.68	50.00	60.00	-30.00
617.57	766.00	60.00	0.00	0.00
496.45	767.23	45.00	50.00	-45.00
570.10	767.25	50.00	20.00	-30.00
593.63	766.57	55.00	10.00	-15.00
547.20	767.98	45.00	30.00	-45.00
524.79	768.68	40.00	40.00	-60.00
438.30	776.68	50.00	70.00	-15.00
467.77	777.98	45.00	60.00	-30.00
593.62	779.04	50.00	10.00	-15.00
617.61	778.57	55.00	0.00	0.00
496.56	779.35	40.00	50.00	-45.00
547.37	780.19	40.00	30.00	-45.00
570.31	779.54	45.00	20.00	-30.00
524.90	780.68	35.00	40.00	-60.00
438.63	788.97	45.00	70.00	-15.00
468.05	790.20	40.00	60.00	-30.00
617.76	791.04	50.00	0.00	0.00
496.83	791.41	35.00	50.00	-45.00
547.47	792.31	35.00	30.00	-45.00
570.29	791.90	40.00	20.00	-30.00
593.71	791.32	45.00	10.00	-15.00
525.01	792.73	30.00	40.00	-60.00
438.72	801.37	40.00	70.00	-15.00
468.23	802.39	35.00	60.00	-30.00
497.02	803.56	30.00	50.00	-45.00
570.40	804.22	35.00	20.00	-30.00
593.83	803.90	40.00	10.00	-15.00
617.78	803.58	45.00	0.00	0.00
525.16	804.62	25.00	40.00	-60.00
547.49	804.41	30.00	30.00	-45.00
439.15	813.59	35.00	70.00	-15.00
468.39	814.58	30.00	60.00	-30.00
497.18	815.64	25.00	50.00	-45.00
593.93	816.24	35.00	10.00	-15.00
617.90	816.04	40.00	0.00	0.00
525.18	816.65	20.00	40.00	-60.00
547.62	816.36	25.00	30.00	-45.00
570.49	816.33	30.00	20.00	-30.00
439.25	825.86	30.00	70.00	-15.00
468.52	826.94	25.00	60.00	-30.00
497.32	827.75	20.00	50.00	-45.00
525.45	828.46	15.00	40.00	-60.00
547.65	828.49	20.00	30.00	-45.00
570.56	828.62	25.00	20.00	-30.00
594.03	828.53	30.00	10.00	-15.00
617.97	828.61	35.00	0.00	0.00
439.52	838.19	25.00	70.00	-15.00
468.81	839.01	20.00	60.00	-30.00
497.59	839.67	15.00	50.00	-45.00
525.64	840.46	10.00	40.00	-60.00
547.89	840.67	15.00	30.00	-45.00
570.57	840.99	20.00	20.00	-30.00
594.02	840.90	25.00	10.00	-15.00
618.09	841.09	30.00	0.00	0.00
439.69	850.47	20.00	70.00	-15.00
468.91	851.16	15.00	60.00	-30.00
497.70	851.82	10.00	50.00	-45.00
525.83	852.36	5.00	40.00	-60.00
547.93	852.79	10.00	30.00	-45.00
570.82	853.02	15.00	20.00	-30.00
594.27	853.25	20.00	10.00	-15.00
618.07	853.60	25.00	0.00	0.00
439.99	862.72	15.00	70.00	-15.00
469.16	863.31	10.00	60.00	-30.00
497.77	863.74	5.00	50.00	-45.00
525.98	864.41	0.00	40.00	-60.00
548.02	864.81	5.00	30.00	-45.00
570.95	865.12	10.00	20.00	-30.00
594.22	865.55	15.00	10.00	-15.00
618.12	865.91	20.00	0.00	0.00
440.21	874.96	10.00	70.00	-15.00
469.26	875.61	5.00	60.00	-30.00
497.97	876.08	0.00	50.00	-45.00
548.33	876.64	0.00	30.00	-45.00
571.03	877.55	5.00	20.00	-30.00
594.33	877.77	10.00	10.00	-15.00
618.13	878.57	15.00	0.00	0.00
440.41	887.12	5.00	70.00	-15.00
469.42	887.50	0.00	60.00	-30.00
571.24	889.43	0.00	20.00	-30.00
594.41	890.11	5.00	10.00	-15.00
618.24	890.83	10.00	0.00	0.00
440.55	899.32	0.00	70.00	-15.00
594.47	902.37	0.00	10.00	-15.00
618.30	903.27	5.00	0.00	0.00
618.30	915.66	0.00	0.00	0.00
