164.22	516.39	5	4	1003	0
164.11	550.64	5	4	1115	0
164.59	417.02	4	5	691	0
164.49	449.65	4	4	694	0
164.50	482.73	4	5	1222	0
165.74	381.17	4	4	756	0
165.23	399.39	4	4	697	0
166.37	362.54	4	4	622	0
177.58	417.08	4	5	625	0
177.68	449.83	4	5	758	0
177.50	482.94	4	5	880	0
177.43	516.72	4	5	1032	0
177.44	550.82	4	5	1161	0
178.33	399.68	4	5	788	0
179.69	363.02	4	4	677	0
179.07	381.49	3	4	655	0
190.62	417.33	4	4	908	0
190.70	450.14	4	5	644	0
190.63	483.10	4	5	1022	0
190.56	516.72	4	5	1070	0
190.82	550.90	4	5	938	0
191.45	399.80	4	5	733	0
192.27	381.59	4	4	686	0
193.21	363.13	3	4	863	0
203.41	417.48	5	5	1094	0
203.64	450.25	4	4	774	0
203.74	483.29	4	4	992	0
203.86	516.86	4	5	1001	0
204.18	551.03	5	4	1102	0
204.61	400.11	4	5	700	0
205.60	382.11	4	4	707	0
206.55	363.47	4	4	606	0
216.27	417.91	4	5	699	0
216.76	450.37	4	4	1044	0
216.84	483.44	4	4	935	0
217.53	400.27	4	4	783	0
217.21	517.12	4	5	959	0
217.47	551.15	4	4	1089	0
218.70	382.34	4	4	710	0
220.02	363.74	3	3	562	0
229.14	418.01	4	5	737	0
229.71	450.60	4	4	750	0
229.86	483.60	4	4	1004	0
230.27	517.29	5	4	972	0
230.62	400.51	4	4	751	0
230.59	551.34	4	4	769	0
232.00	382.53	4	4	810	0
233.33	364.13	4	4	709	0
242.17	418.38	4	4	649	0
242.55	450.86	4	5	855	0
242.85	483.85	4	5	873	0
243.54	400.94	4	5	739	0
243.39	517.37	4	4	1021	0
243.85	551.43	4	4	1001	0
245.07	382.76	3	5	959	0
246.67	364.38	4	4	589	0
254.77	418.55	4	4	790	0
255.49	451.16	4	4	749	0
255.94	484.09	4	4	848	0
256.45	401.30	4	4	721	0
256.49	517.45	4	4	989	0
257.14	551.53	4	4	865	0
258.29	383.08	4	4	957	0
259.91	364.98	3	4	504	0
267.60	418.98	4	5	698	0
268.18	451.33	5	4	952	0
269.04	484.20	4	4	924	0
269.42	401.31	4	4	813	0
269.57	517.62	4	4	1038	0
270.31	551.65	4	4	905	0
271.32	383.39	4	4	785	0
273.22	365.01	4	4	681	0
280.41	419.22	4	4	700	0
281.15	451.65	4	4	642	0
281.76	484.54	4	4	668	0
282.40	401.44	4	4	933	0
282.56	517.82	4	3	799	0
283.37	551.77	4	3	915	0
284.34	383.66	4	4	735	0
286.39	365.42	4	4	646	0
292.99	419.35	5	4	784	0
293.88	451.78	4	5	794	0
294.82	484.68	4	4	698	0
295.26	401.98	4	4	704	0
295.70	518.10	4	4	775	0
296.52	551.97	4	4	982	0
297.44	384.02	4	4	775	0
299.73	365.60	4	3	762	0
305.71	419.54	4	4	815	0
306.66	452.08	4	4	778	0
307.66	484.89	4	3	616	0
308.11	402.16	4	4	739	0
308.56	518.25	4	4	892	0
309.54	552.12	4	4	1133	0
310.50	384.26	4	4	876	0
312.89	365.94	4	4	773	0
318.51	419.80	4	5	951	0
319.56	452.23	4	4	761	0
320.97	402.35	4	4	864	0
320.65	485.03	4	4	942	0
321.62	518.38	4	4	852	0
322.65	552.23	4	4	876	0
323.49	384.45	4	4	799	0
325.95	366.22	4	4	753	0
331.18	420.15	5	4	773	0
332.34	452.46	4	4	878	0
333.81	402.58	4	4	840	0
333.47	485.42	4	4	549	0
334.63	518.57	4	3	810	0
335.76	552.41	4	4	884	0
336.43	384.77	4	3	730	0
339.18	366.62	4	3	737	0
343.97	420.33	5	4	851	0
345.05	452.61	5	4	979	0
346.54	403.03	4	4	775	0
346.30	485.49	4	4	755	0
347.52	518.75	4	3	790	0
348.96	552.51	6	3	1032	0
349.52	385.11	4	4	847	0
352.26	366.83	4	3	693	0
356.51	420.56	4	4	893	0
357.73	453.04	4	4	860	0
359.37	403.28	4	4	860	0
359.10	485.78	4	3	618	0
360.50	518.94	4	4	807	0
361.88	552.70	4	3	1033	0
362.41	385.33	4	4	975	0
365.44	367.15	4	4	702	0
368.97	420.95	5	5	1024	0
370.49	453.20	4	4	871	0
371.87	485.95	4	4	782	0
372.26	403.50	4	4	820	0
373.44	519.07	4	4	1118	0
374.71	552.85	4	3	841	0
375.30	385.69	4	3	780	0
378.46	367.52	4	3	708	0
381.83	421.18	5	4	1011	0
383.24	453.39	5	4	893	0
384.73	403.79	4	3	764	0
384.59	486.14	4	4	863	0
386.28	519.36	4	4	891	0
387.74	553.09	4	4	927	0
388.23	385.98	4	4	736	0
391.55	367.74	4	3	724	0
394.31	421.42	5	4	878	0
395.70	453.62	4	4	947	0
397.65	404.12	4	4	786	0
397.45	486.35	4	4	824	0
399.14	519.48	4	4	959	0
400.74	553.31	4	4	942	0
401.14	386.30	4	4	857	0
404.63	368.17	4	4	707	0
406.78	421.69	5	4	758	0
408.49	453.98	4	4	786	0
410.35	404.29	4	4	937	0
410.25	486.61	4	3	758	0
412.05	519.70	3	3	844	0
413.99	386.65	4	3	905	0
413.65	553.45	4	4	887	0
417.65	368.47	4	3	688	0
419.44	422.11	4	4	864	0
420.99	454.15	5	4	903	0
422.79	486.79	4	3	784	0
423.15	404.72	4	3	706	0
424.84	519.77	4	3	966	0
426.71	386.91	4	4	799	0
426.52	553.63	4	3	969	0
430.68	368.76	4	3	683	0
431.86	422.21	5	4	803	0
433.70	454.37	4	4	800	0
435.74	404.95	5	4	887	0
435.65	487.10	4	4	803	0
437.58	520.16	4	4	983	0
439.67	387.22	4	4	861	0
439.50	553.73	4	3	856	0
443.67	369.01	4	4	799	0
444.42	422.38	4	4	949	0
446.35	454.72	4	4	756	0
448.37	405.17	4	4	723	0
448.32	487.28	4	4	912	0
450.39	520.35	4	4	1060	0
452.47	387.48	4	4	860	0
452.42	554.01	4	4	753	0
456.53	369.42	4	4	748	0
456.84	422.81	5	5	862	0
458.96	454.85	5	3	813	0
460.97	405.44	5	4	859	0
460.90	487.53	4	4	828	0
463.16	520.53	4	3	1120	0
465.30	387.69	4	3	866	0
465.28	554.22	4	4	928	0
469.33	423.05	5	4	934	0
469.49	369.71	4	3	681	0
471.44	455.19	4	4	694	0
473.62	405.79	4	3	770	0
473.55	487.77	4	3	747	0
475.88	520.74	4	3	846	0
478.05	388.03	4	4	861	0
478.21	554.39	4	4	1031	0
481.85	423.24	5	4	970	0
482.53	369.99	4	4	739	0
484.02	455.38	5	4	830	0
486.26	405.98	4	4	885	0
486.21	487.97	4	4	753	0
488.49	521.00	4	4	926	0
490.75	388.36	4	4	857	0
490.85	554.53	4	3	959	0
494.27	423.51	5	4	976	0
495.43	370.34	4	4	777	0
496.59	455.60	4	4	779	0
498.81	406.23	5	4	928	0
498.74	488.26	4	4	763	0
501.39	521.25	4	4	801	0
503.50	388.68	4	3	831	0
503.76	554.69	4	3	1067	0
506.74	423.97	5	5	806	0
508.33	370.61	4	3	742	0
509.12	455.96	4	4	715	0
511.43	406.56	4	4	845	0
511.53	488.41	4	4	764	0
514.06	521.51	3	4	690	0
516.24	388.95	4	4	957	0
516.62	554.93	4	3	908	0
519.03	424.19	5	4	729	0
521.28	370.87	4	3	795	0
521.60	456.21	4	4	713	0
524.01	407.02	5	4	808	0
524.17	488.75	4	3	701	0
526.72	521.68	4	3	636	0
529.05	389.22	4	4	766	0
529.37	555.19	4	4	1002	0
531.48	424.43	4	4	787	0
534.05	371.27	3	4	754	0
534.16	456.34	4	4	819	0
536.51	407.18	4	4	806	0
536.62	488.96	4	3	587	0
539.43	521.86	4	3	762	0
541.78	389.56	4	4	894	0
542.14	555.46	4	4	855	0
543.97	424.63	5	4	830	0
546.50	456.76	4	4	695	0
547.04	371.57	3	3	764	0
549.18	407.39	4	4	929	0
549.27	489.21	4	4	671	0
552.04	522.14	4	4	877	0
554.33	389.89	4	4	877	0
554.84	555.57	4	3	898	0
556.33	425.00	4	4	784	0
558.87	456.99	5	4	1024	0
559.93	371.80	4	3	723	0
561.70	407.64	5	4	970	0
561.82	489.47	4	4	611	0
564.72	522.41	4	4	799	0
567.11	390.07	4	4	875	0
567.64	555.78	4	3	797	0
568.68	425.25	5	4	852	0
571.54	457.18	4	4	693	0
572.79	372.15	4	4	882	0
574.19	408.05	4	4	882	0
574.38	489.72	4	3	600	0
577.43	522.54	4	4	859	0
579.79	390.47	4	4	859	0
580.99	425.45	5	4	816	0
580.41	556.01	4	4	828	0
584.03	457.49	5	4	674	0
585.60	372.45	4	4	751	0
586.69	408.22	5	4	986	0
587.03	489.91	5	4	795	0
590.13	522.75	4	3	918	0
592.48	390.80	4	3	739	0
593.38	425.82	4	5	765	0
593.18	556.21	4	4	804	0
596.40	457.86	4	3	676	0
598.36	372.76	4	3	765	0
599.26	408.51	4	4	878	0
599.60	490.09	5	4	1036	0
602.78	523.03	5	4	1090	0
605.19	391.02	4	4	817	0
605.68	426.14	5	4	767	0
605.84	556.56	4	4	772	0
608.85	458.03	5	4	900	0
611.14	373.18	3	4	644	0
611.68	409.02	5	4	842	0
612.17	490.33	4	4	990	0
615.42	523.34	4	4	1052	0
617.73	391.44	4	4	760	0
618.14	426.42	5	4	766	0
618.68	556.69	4	3	1003	0
621.25	458.27	4	4	901	0
624.04	373.46	3	4	675	0
624.25	409.26	4	4	824	0
624.59	490.75	4	3	752	0
628.02	523.50	4	4	928	0
630.51	391.69	4	4	774	0
630.44	426.68	4	4	678	0
631.41	556.96	4	4	809	0
633.71	458.57	5	4	867	0
636.84	373.78	4	3	650	0
636.58	409.54	4	4	718	0
637.10	491.03	4	4	663	0
640.53	523.85	4	3	706	0
642.78	427.04	5	5	754	0
643.11	392.00	4	4	750	0
644.08	557.13	4	4	669	0
646.12	458.94	4	3	618	0
649.69	374.05	4	4	808	0
649.24	409.76	4	4	886	0
649.66	491.23	5	4	871	0
653.19	524.10	4	4	861	0
655.70	392.29	4	4	863	0
655.00	427.27	4	4	712	0
656.84	557.42	4	4	883	0
658.51	459.18	4	4	780	0
661.61	410.19	4	4	853	0
662.36	374.44	4	4	743	0
662.22	491.46	4	4	841	0
665.85	524.28	5	4	892	0
667.34	427.54	4	4	657	0
668.43	392.52	4	4	788	0
669.49	557.67	4	4	926	0
671.03	459.36	4	4	783	0
674.01	410.46	3	4	615	0
674.69	491.73	5	4	823	0
675.12	374.74	3	3	610	0
678.35	524.60	4	4	856	0
679.76	427.79	5	5	840	0
681.01	392.94	4	4	778	0
682.19	557.89	4	3	769	0
683.36	459.74	4	5	729	0
686.52	410.63	4	4	726	0
687.05	492.14	4	4	680	0
688.05	375.05	3	4	756	0
691.09	524.77	4	5	1006	0
692.13	428.07	4	5	773	0
693.52	393.28	4	4	809	0
694.90	558.19	5	4	935	0
695.73	460.10	4	5	689	0
699.03	411.12	4	4	712	0
699.61	492.34	4	4	703	0
700.92	375.25	5	4	982	0
703.52	525.15	4	4	945	0
704.35	428.41	4	4	810	0
706.24	393.56	4	4	726	0
707.60	558.43	4	4	867	0
708.22	460.33	4	4	753	0
711.47	411.30	4	4	759	0
712.18	492.66	4	4	572	0
713.57	375.73	4	3	662	0
716.60	428.80	4	5	740	0
716.18	525.41	4	4	792	0
718.95	393.86	3	5	830	0
720.53	460.57	4	4	596	0
720.26	558.69	4	4	912	0
724.10	411.57	4	4	756	0
724.61	492.87	4	4	694	0
726.29	376.04	4	3	550	0
728.76	525.62	4	4	802	0
728.99	429.07	4	5	788	0
731.52	394.20	4	4	801	0
733.12	460.89	4	5	723	0
732.96	559.04	3	4	652	0
736.37	412.00	4	5	738	0
737.13	493.19	4	4	779	0
739.17	376.25	4	4	751	0
741.26	429.39	4	4	750	0
741.32	526.01	4	5	921	0
744.02	394.53	3	4	599	0
745.39	461.23	4	4	704	0
745.58	559.24	4	4	796	0
748.85	412.34	3	4	671	0
749.50	493.58	4	4	474	0
752.01	376.63	3	4	678	0
753.39	429.66	4	4	509	0
753.93	526.25	4	4	796	0
756.69	394.85	4	5	644	0
757.67	461.54	4	4	580	0
758.29	559.52	4	4	789	0
761.29	412.56	4	4	674	0
762.04	493.78	3	4	575	0
764.68	376.99	4	4	760	0
765.80	430.05	3	5	620	0
766.39	526.53	4	4	746	0
769.22	395.11	4	4	788	0
770.02	461.85	3	5	581	0
770.98	559.78	3	4	658	0
773.79	412.92	3	5	692	0
774.40	494.20	4	4	563	0
777.45	377.19	4	4	927	0
778.07	430.34	4	4	604	0
779.08	526.78	4	4	607	0
781.79	395.60	4	4	500	0
782.68	461.96	5	5	939	0
783.62	560.12	4	4	865	0
786.15	413.18	4	5	841	0
786.97	494.45	3	4	467	0
790.20	377.50	4	4	798	0
790.35	430.75	4	5	633	0
791.50	527.15	4	4	676	0
794.45	395.77	4	4	681	0
794.80	462.48	3	4	480	0
796.26	560.40	4	4	794	0
798.54	413.58	4	4	580	0
799.53	494.58	4	4	672	0
802.68	430.92	4	5	637	0
802.98	378.00	3	4	710	0
804.17	527.39	4	4	827	0
806.99	396.11	3	5	741	0
807.20	462.81	3	5	578	0
808.96	560.59	4	4	746	0
810.99	414.01	3	5	588	0
811.93	495.04	3	5	611	0
814.92	431.30	3	5	594	0
815.74	378.25	3	4	706	0
816.76	527.66	3	4	650	0
819.62	396.54	4	4	551	0
819.61	463.11	4	5	557	0
821.53	560.89	4	5	756	0
823.42	414.36	4	4	572	0
824.22	495.43	3	4	461	0
827.15	431.66	3	5	638	0
828.40	378.62	4	4	634	0
829.27	527.94	4	5	784	0
832.11	396.83	3	5	642	0
832.01	463.54	3	4	410	0
834.33	561.17	4	5	982	0
835.84	414.68	3	4	490	0
836.82	495.59	3	4	563	0
839.42	432.03	4	5	513	0
841.03	379.05	3	5	641	0
841.87	528.28	3	5	764	0
844.27	463.76	4	5	555	0
844.80	397.18	3	5	686	0
846.83	561.53	3	4	664	0
848.18	415.06	3	5	582	0
849.41	495.98	4	5	607	0
851.85	432.30	3	5	501	0
853.89	379.30	3	4	685	0
854.45	528.66	4	5	778	0
857.37	397.48	4	4	601	0
856.89	463.99	3	5	562	0
859.62	561.67	5	5	1162	0
860.83	415.33	3	5	537	0
861.83	496.28	3	4	561	0
864.06	432.68	3	5	557	0
866.71	379.61	3	4	573	0
866.93	529.01	3	5	619	0
869.09	464.52	3	4	427	0
869.95	397.93	3	5	556	0
872.19	562.00	4	5	1217	0
873.12	415.66	3	5	555	0
874.11	496.62	3	4	433	0
876.24	433.00	3	5	559	0
879.46	379.93	4	5	884	0
879.53	529.09	4	5	1057	0
881.39	464.67	4	4	417	0
882.48	398.26	4	5	637	0
885.51	416.05	4	5	594	0
884.82	562.44	3	4	599	0
886.76	496.96	3	5	628	0
888.50	433.25	3	5	505	0
892.14	380.25	3	5	856	0
891.96	529.43	3	5	788	0
893.83	465.03	4	5	524	0
895.05	398.61	3	4	542	0
897.43	562.72	4	5	935	0
897.94	416.28	3	5	682	0
899.08	497.44	3	4	444	0
900.83	433.65	3	6	476	0
904.45	529.97	4	5	532	0
904.81	380.71	3	4	649	0
906.35	465.29	4	5	651	0
907.62	398.96	4	5	581	0
910.38	416.84	4	5	602	0
910.08	563.03	4	5	689	0
911.67	497.55	4	4	491	0
917.53	381.06	4	5	803	0
917.01	530.18	3	5	611	0
920.26	399.33	4	5	592	0
922.63	563.23	4	5	782	0
930.28	381.54	4	5	736	0
