516.39	164.22	295.00	10.00	-15.00
550.64	164.11	295.00	0.00	0.00
417.02	164.59	295.00	40.00	-60.00
449.65	164.49	295.00	30.00	-45.00
482.73	164.50	295.00	20.00	-30.00
381.17	165.74	295.00	60.00	-30.00
399.39	165.23	295.00	50.00	-45.00
362.54	166.37	295.00	70.00	-15.00
417.08	177.58	290.00	40.00	-60.00
449.83	177.68	290.00	30.00	-45.00
482.94	177.50	290.00	20.00	-30.00
516.72	177.43	290.00	10.00	-15.00
550.82	177.44	290.00	0.00	0.00
399.68	178.33	290.00	50.00	-45.00
363.02	179.69	290.00	70.00	-15.00
381.49	179.07	290.00	60.00	-30.00
417.33	190.62	285.00	40.00	-60.00
450.14	190.70	285.00	30.00	-45.00
483.10	190.63	285.00	20.00	-30.00
516.72	190.56	285.00	10.00	-15.00
550.90	190.82	285.00	0.00	0.00
399.80	191.45	285.00	50.00	-45.00
381.59	192.27	285.00	60.00	-30.00
363.13	193.21	285.00	70.00	-15.00
417.48	203.41	280.00	40.00	-60.00
450.25	203.64	280.00	30.00	-45.00
483.29	203.74	280.00	20.00	-30.00
516.86	203.86	280.00	10.00	-15.00
551.03	204.18	280.00	0.00	0.00
400.11	204.61	280.00	50.00	-45.00
382.11	205.60	280.00	60.00	-30.00
363.47	206.55	280.00	70.00	-15.00
417.91	216.27	275.00	40.00	-60.00
450.37	216.76	275.00	30.00	-45.00
483.44	216.84	275.00	20.00	-30.00
400.27	217.53	275.00	50.00	-45.00
517.12	217.21	275.00	10.00	-15.00
551.15	217.47	275.00	0.00	0.00
382.34	218.70	275.00	60.00	-30.00
363.74	220.02	275.00	70.00	-15.00
418.01	229.14	270.00	40.00	-60.00
450.60	229.71	270.00	30.00	-45.00
483.60	229.86	270.00	20.00	-30.00
517.29	230.27	270.00	10.00	-15.00
400.51	230.62	270.00	50.00	-45.00
551.34	230.59	270.00	0.00	0.00
382.53	232.00	270.00	60.00	-30.00
364.13	233.33	270.00	70.00	-15.00
418.38	242.17	265.00	40.00	-60.00
450.86	242.55	265.00	30.00	-45.00
483.85	242.85	265.00	20.00	-30.00
400.94	243.54	265.00	50.00	-45.00
517.37	243.39	265.00	10.00	-15.00
551.43	243.85	265.00	0.00	0.00
382.76	245.07	265.00	60.00	-30.00
364.38	246.67	265.00	70.00	-15.00
418.55	254.77	260.00	40.00	-60.00
451.16	255.49	260.00	30.00	-45.00
484.09	255.94	260.00	20.00	-30.00
401.30	256.45	260.00	50.00	-45.00
517.45	256.49	260.00	10.00	-15.00
551.53	257.14	260.00	0.00	0.00
383.08	258.29	260.00	60.00	-30.00
364.98	259.91	260.00	70.00	-15.00
418.98	267.60	255.00	40.00	-60.00
451.33	268.18	255.00	30.00	-45.00
484.20	269.04	255.00	20.00	-30.00
401.31	269.42	255.00	50.00	-45.00
517.62	269.57	255.00	10.00	-15.00
551.65	270.31	255.00	0.00	0.00
383.39	271.32	255.00	60.00	-30.00
365.01	273.22	255.00	70.00	-15.00
419.22	280.41	250.00	40.00	-60.00
451.65	281.15	250.00	30.00	-45.00
484.54	281.76	250.00	20.00	-30.00
401.44	282.40	250.00	50.00	-45.00
517.82	282.56	250.00	10.00	-15.00
551.77	283.37	250.00	0.00	0.00
383.66	284.34	250.00	60.00	-30.00
365.42	286.39	250.00	70.00	-15.00
419.35	292.99	245.00	40.00	-60.00
451.78	293.88	245.00	30.00	-45.00
484.68	294.82	245.00	20.00	-30.00
401.98	295.26	245.00	50.00	-45.00
518.10	295.70	245.00	10.00	-15.00
551.97	296.52	245.00	0.00	0.00
384.02	297.44	245.00	60.00	-30.00
365.60	299.73	245.00	70.00	-15.00
419.54	305.71	240.00	40.00	-60.00
452.08	306.66	240.00	30.00	-45.00
484.89	307.66	240.00	20.00	-30.00
402.16	308.11	240.00	50.00	-45.00
518.25	308.56	240.00	10.00	-15.00
552.12	309.54	240.00	0.00	0.00
384.26	310.50	240.00	60.00	-30.00
365.94	312.89	240.00	70.00	-15.00
419.80	318.51	235.00	40.00	-60.00
452.23	319.56	235.00	30.00	-45.00
402.35	320.97	235.00	50.00	-45.00
485.03	320.65	235.00	20.00	-30.00
518.38	321.62	235.00	10.00	-15.00
552.23	322.65	235.00	0.00	0.00
384.45	323.49	235.00	60.00	-30.00
366.22	325.95	235.00	70.00	-15.00
420.15	331.18	230.00	40.00	-60.00
452.46	332.34	230.00	30.00	-45.00
402.58	333.81	230.00	50.00	-45.00
485.42	333.47	230.00	20.00	-30.00
518.57	334.63	230.00	10.00	-15.00
552.41	335.76	230.00	0.00	0.00
384.77	336.43	230.00	60.00	-30.00
366.62	339.18	230.00	70.00	-15.00
420.33	343.97	225.00	40.00	-60.00
452.61	345.05	225.00	30.00	-45.00
403.03	346.54	225.00	50.00	-45.00
485.49	346.30	225.00	20.00	-30.00
518.75	347.52	225.00	10.00	-15.00
552.51	348.96	225.00	0.00	0.00
385.11	349.52	225.00	60.00	-30.00
366.83	352.26	225.00	70.00	-15.00
420.56	356.51	220.00	40.00	-60.00
453.04	357.73	220.00	30.00	-45.00
403.28	359.37	220.00	50.00	-45.00
485.78	359.10	220.00	20.00	-30.00
518.94	360.50	220.00	10.00	-15.00
552.70	361.88	220.00	0.00	0.00
385.33	362.41	220.00	60.00	-30.00
367.15	365.44	220.00	70.00	-15.00
420.95	368.97	215.00	40.00	-60.00
453.20	370.49	215.00	30.00	-45.00
485.95	371.87	215.00	20.00	-30.00
403.50	372.26	215.00	50.00	-45.00
519.07	373.44	215.00	10.00	-15.00
552.85	374.71	215.00	0.00	0.00
385.69	375.30	215.00	60.00	-30.00
367.52	378.46	215.00	70.00	-15.00
421.18	381.83	210.00	40.00	-60.00
453.39	383.24	210.00	30.00	-45.00
403.79	384.73	210.00	50.00	-45.00
486.14	384.59	210.00	20.00	-30.00
519.36	386.28	210.00	10.00	-15.00
553.09	387.74	210.00	0.00	0.00
385.98	388.23	210.00	60.00	-30.00
367.74	391.55	210.00	70.00	-15.00
421.42	394.31	205.00	40.00	-60.00
453.62	395.70	205.00	30.00	-45.00
404.12	397.65	205.00	50.00	-45.00
486.35	397.45	205.00	20.00	-30.00
519.48	399.14	205.00	10.00	-15.00
553.31	400.74	205.00	0.00	0.00
386.30	401.14	205.00	60.00	-30.00
368.17	404.63	205.00	70.00	-15.00
421.69	406.78	200.00	40.00	-60.00
453.98	408.49	200.00	30.00	-45.00
404.29	410.35	200.00	50.00	-45.00
486.61	410.25	200.00	20.00	-30.00
519.70	412.05	200.00	10.00	-15.00
386.65	413.99	200.00	60.00	-30.00
553.45	413.65	200.00	0.00	0.00
368.47	417.65	200.00	70.00	-15.00
422.11	419.44	195.00	40.00	-60.00
454.15	420.99	195.00	30.00	-45.00
486.79	422.79	195.00	20.00	-30.00
404.72	423.15	195.00	50.00	-45.00
519.77	424.84	195.00	10.00	-15.00
386.91	426.71	195.00	60.00	-30.00
553.63	426.52	195.00	0.00	0.00
368.76	430.68	195.00	70.00	-15.00
422.21	431.86	190.00	40.00	-60.00
454.37	433.70	190.00	30.00	-45.00
404.95	435.74	190.00	50.00	-45.00
487.10	435.65	190.00	20.00	-30.00
520.16	437.58	190.00	10.00	-15.00
387.22	439.67	190.00	60.00	-30.00
553.73	439.50	190.00	0.00	0.00
369.01	443.67	190.00	70.00	-15.00
422.38	444.42	185.00	40.00	-60.00
454.72	446.35	185.00	30.00	-45.00
405.17	448.37	185.00	50.00	-45.00
487.28	448.32	185.00	20.00	-30.00
520.35	450.39	185.00	10.00	-15.00
387.48	452.47	185.00	60.00	-30.00
554.01	452.42	185.00	0.00	0.00
369.42	456.53	185.00	70.00	-15.00
422.81	456.84	180.00	40.00	-60.00
454.85	458.96	180.00	30.00	-45.00
405.44	460.97	180.00	50.00	-45.00
487.53	460.90	180.00	20.00	-30.00
520.53	463.16	180.00	10.00	-15.00
387.69	465.30	180.00	60.00	-30.00
554.22	465.28	180.00	0.00	0.00
423.05	469.33	175.00	40.00	-60.00
369.71	469.49	180.00	70.00	-15.00
455.19	471.44	175.00	30.00	-45.00
405.79	473.62	175.00	50.00	-45.00
487.77	473.55	175.00	20.00	-30.00
520.74	475.88	175.00	10.00	-15.00
388.03	478.05	175.00	60.00	-30.00
554.39	478.21	175.00	0.00	0.00
423.24	481.85	170.00	40.00	-60.00
369.99	482.53	175.00	70.00	-15.00
455.38	484.02	170.00	30.00	-45.00
405.98	486.26	170.00	50.00	-45.00
487.97	486.21	170.00	20.00	-30.00
521.00	488.49	170.00	10.00	-15.00
388.36	490.75	170.00	60.00	-30.00
554.53	490.85	170.00	0.00	0.00
423.51	494.27	165.00	40.00	-60.00
370.34	495.43	170.00	70.00	-15.00
455.60	496.59	165.00	30.00	-45.00
406.23	498.81	165.00	50.00	-45.00
488.26	498.74	165.00	20.00	-30.00
521.25	501.39	165.00	10.00	-15.00
388.68	503.50	165.00	60.00	-30.00
554.69	503.76	165.00	0.00	0.00
423.97	506.74	160.00	40.00	-60.00
370.61	508.33	165.00	70.00	-15.00
455.96	509.12	160.00	30.00	-45.00
406.56	511.43	160.00	50.00	-45.00
488.41	511.53	160.00	20.00	-30.00
521.51	514.06	160.00	10.00	-15.00
388.95	516.24	160.00	60.00	-30.00
554.93	516.62	160.00	0.00	0.00
424.19	519.03	155.00	40.00	-60.00
370.87	521.28	160.00	70.00	-15.00
456.21	521.60	155.00	30.00	-45.00
407.02	524.01	155.00	50.00	-45.00
488.75	524.17	155.00	20.00	-30.00
521.68	526.72	155.00	10.00	-15.00
389.22	529.05	155.00	60.00	-30.00
555.19	529.37	155.00	0.00	0.00
424.43	531.48	150.00	40.00	-60.00
371.27	534.05	155.00	70.00	-15.00
456.34	534.16	150.00	30.00	-45.00
407.18	536.51	150.00	50.00	-45.00
488.96	536.62	150.00	20.00	-30.00
521.86	539.43	150.00	10.00	-15.00
389.56	541.78	150.00	60.00	-30.00
555.46	542.14	150.00	0.00	0.00
424.63	543.97	145.00	40.00	-60.00
456.76	546.50	145.00	30.00	-45.00
371.57	547.04	150.00	70.00	-15.00
407.39	549.18	145.00	50.00	-45.00
489.21	549.27	145.00	20.00	-30.00
522.14	552.04	145.00	10.00	-15.00
389.89	554.33	145.00	60.00	-30.00
555.57	554.84	145.00	0.00	0.00
425.00	556.33	140.00	40.00	-60.00
456.99	558.87	140.00	30.00	-45.00
371.80	559.93	145.00	70.00	-15.00
407.64	561.70	140.00	50.00	-45.00
489.47	561.82	140.00	20.00	-30.00
522.41	564.72	140.00	10.00	-15.00
390.07	567.11	140.00	60.00	-30.00
555.78	567.64	140.00	0.00	0.00
425.25	568.68	135.00	40.00	-60.00
457.18	571.54	135.00	30.00	-45.00
372.15	572.79	140.00	70.00	-15.00
408.05	574.19	135.00	50.00	-45.00
489.72	574.38	135.00	20.00	-30.00
522.54	577.43	135.00	10.00	-15.00
390.47	579.79	135.00	60.00	-30.00
425.45	580.99	130.00	40.00	-60.00
556.01	580.41	135.00	0.00	0.00
457.49	584.03	130.00	30.00	-45.00
372.45	585.60	135.00	70.00	-15.00
408.22	586.69	130.00	50.00	-45.00
489.91	587.03	130.00	20.00	-30.00
522.75	590.13	130.00	10.00	-15.00
390.80	592.48	130.00	60.00	-30.00
425.82	593.38	125.00	40.00	-60.00
556.21	593.18	130.00	0.00	0.00
457.86	596.40	125.00	30.00	-45.00
372.76	598.36	130.00	70.00	-15.00
408.51	599.26	125.00	50.00	-45.00
490.09	599.60	125.00	20.00	-30.00
523.03	602.78	125.00	10.00	-15.00
391.02	605.19	125.00	60.00	-30.00
426.14	605.68	120.00	40.00	-60.00
556.56	605.84	125.00	0.00	0.00
458.03	608.85	120.00	30.00	-45.00
373.18	611.14	125.00	70.00	-15.00
409.02	611.68	120.00	50.00	-45.00
490.33	612.17	120.00	20.00	-30.00
523.34	615.42	120.00	10.00	-15.00
391.44	617.73	120.00	60.00	-30.00
426.42	618.14	115.00	40.00	-60.00
556.69	618.68	120.00	0.00	0.00
458.27	621.25	115.00	30.00	-45.00
373.46	624.04	120.00	70.00	-15.00
409.26	624.25	115.00	50.00	-45.00
490.75	624.59	115.00	20.00	-30.00
523.50	628.02	115.00	10.00	-15.00
391.69	630.51	115.00	60.00	-30.00
426.68	630.44	110.00	40.00	-60.00
556.96	631.41	115.00	0.00	0.00
458.57	633.71	110.00	30.00	-45.00
373.78	636.84	115.00	70.00	-15.00
409.54	636.58	110.00	50.00	-45.00
491.03	637.10	110.00	20.00	-30.00
523.85	640.53	110.00	10.00	-15.00
427.04	642.78	105.00	40.00	-60.00
392.00	643.11	110.00	60.00	-30.00
557.13	644.08	110.00	0.00	0.00
458.94	646.12	105.00	30.00	-45.00
374.05	649.69	110.00	70.00	-15.00
409.76	649.24	105.00	50.00	-45.00
491.23	649.66	105.00	20.00	-30.00
524.10	653.19	105.00	10.00	-15.00
392.29	655.70	105.00	60.00	-30.00
427.27	655.00	100.00	40.00	-60.00
557.42	656.84	105.00	0.00	0.00
459.18	658.51	100.00	30.00	-45.00
410.19	661.61	100.00	50.00	-45.00
374.44	662.36	105.00	70.00	-15.00
491.46	662.22	100.00	20.00	-30.00
524.28	665.85	100.00	10.00	-15.00
427.54	667.34	95.00	40.00	-60.00
392.52	668.43	100.00	60.00	-30.00
557.67	669.49	100.00	0.00	0.00
459.36	671.03	95.00	30.00	-45.00
410.46	674.01	95.00	50.00	-45.00
491.73	674.69	95.00	20.00	-30.00
374.74	675.12	100.00	70.00	-15.00
524.60	678.35	95.00	10.00	-15.00
427.79	679.76	90.00	40.00	-60.00
392.94	681.01	95.00	60.00	-30.00
557.89	682.19	95.00	0.00	0.00
459.74	683.36	90.00	30.00	-45.00
410.63	686.52	90.00	50.00	-45.00
492.14	687.05	90.00	20.00	-30.00
375.05	688.05	95.00	70.00	-15.00
524.77	691.09	90.00	10.00	-15.00
428.07	692.13	85.00	40.00	-60.00
393.28	693.52	90.00	60.00	-30.00
558.19	694.90	90.00	0.00	0.00
460.10	695.73	85.00	30.00	-45.00
411.12	699.03	85.00	50.00	-45.00
492.34	699.61	85.00	20.00	-30.00
375.25	700.92	90.00	70.00	-15.00
525.15	703.52	85.00	10.00	-15.00
428.41	704.35	80.00	40.00	-60.00
393.56	706.24	85.00	60.00	-30.00
558.43	707.60	85.00	0.00	0.00
460.33	708.22	80.00	30.00	-45.00
411.30	711.47	80.00	50.00	-45.00
492.66	712.18	80.00	20.00	-30.00
375.73	713.57	85.00	70.00	-15.00
428.80	716.60	75.00	40.00	-60.00
525.41	716.18	80.00	10.00	-15.00
393.86	718.95	80.00	60.00	-30.00
460.57	720.53	75.00	30.00	-45.00
558.69	720.26	80.00	0.00	0.00
411.57	724.10	75.00	50.00	-45.00
492.87	724.61	75.00	20.00	-30.00
376.04	726.29	80.00	70.00	-15.00
525.62	728.76	75.00	10.00	-15.00
429.07	728.99	70.00	40.00	-60.00
394.20	731.52	75.00	60.00	-30.00
460.89	733.12	70.00	30.00	-45.00
559.04	732.96	75.00	0.00	0.00
412.00	736.37	70.00	50.00	-45.00
493.19	737.13	70.00	20.00	-30.00
376.25	739.17	75.00	70.00	-15.00
429.39	741.26	65.00	40.00	-60.00
526.01	741.32	70.00	10.00	-15.00
394.53	744.02	70.00	60.00	-30.00
461.23	745.39	65.00	30.00	-45.00
559.24	745.58	70.00	0.00	0.00
412.34	748.85	65.00	50.00	-45.00
493.58	749.50	65.00	20.00	-30.00
376.63	752.01	70.00	70.00	-15.00
429.66	753.39	60.00	40.00	-60.00
526.25	753.93	65.00	10.00	-15.00
394.85	756.69	65.00	60.00	-30.00
461.54	757.67	60.00	30.00	-45.00
559.52	758.29	65.00	0.00	0.00
412.56	761.29	60.00	50.00	-45.00
493.78	762.04	60.00	20.00	-30.00
376.99	764.68	65.00	70.00	-15.00
430.05	765.80	55.00	40.00	-60.00
526.53	766.39	60.00	10.00	-15.00
395.11	769.22	60.00	60.00	-30.00
461.85	770.02	55.00	30.00	-45.00
559.78	770.98	60.00	0.00	0.00
412.92	773.79	55.00	50.00	-45.00
494.20	774.40	55.00	20.00	-30.00
377.19	777.45	60.00	70.00	-15.00
430.34	778.07	50.00	40.00	-60.00
526.78	779.08	55.00	10.00	-15.00
395.60	781.79	55.00	60.00	-30.00
461.96	782.68	50.00	30.00	-45.00
560.12	783.62	55.00	0.00	0.00
413.18	786.15	50.00	50.00	-45.00
494.45	786.97	50.00	20.00	-30.00
377.50	790.20	55.00	70.00	-15.00
430.75	790.35	45.00	40.00	-60.00
527.15	791.50	50.00	10.00	-15.00
395.77	794.45	50.00	60.00	-30.00
462.48	794.80	45.00	30.00	-45.00
560.40	796.26	50.00	0.00	0.00
413.58	798.54	45.00	50.00	-45.00
494.58	799.53	45.00	20.00	-30.00
430.92	802.68	40.00	40.00	-60.00
378.00	802.98	50.00	70.00	-15.00
527.39	804.17	45.00	10.00	-15.00
396.11	806.99	45.00	60.00	-30.00
462.81	807.20	40.00	30.00	-45.00
560.59	808.96	45.00	0.00	0.00
414.01	810.99	40.00	50.00	-45.00
495.04	811.93	40.00	20.00	-30.00
431.30	814.92	35.00	40.00	-60.00
378.25	815.74	45.00	70.00	-15.00
527.66	816.76	40.00	10.00	-15.00
396.54	819.62	40.00	60.00	-30.00
463.11	819.61	35.00	30.00	-45.00
560.89	821.53	40.00	0.00	0.00
414.36	823.42	35.00	50.00	-45.00
495.43	824.22	35.00	20.00	-30.00
431.66	827.15	30.00	40.00	-60.00
378.62	828.40	40.00	70.00	-15.00
527.94	829.27	35.00	10.00	-15.00
396.83	832.11	35.00	60.00	-30.00
463.54	832.01	30.00	30.00	-45.00
561.17	834.33	35.00	0.00	0.00
414.68	835.84	30.00	50.00	-45.00
495.59	836.82	30.00	20.00	-30.00
432.03	839.42	25.00	40.00	-60.00
379.05	841.03	35.00	70.00	-15.00
528.28	841.87	30.00	10.00	-15.00
463.76	844.27	25.00	30.00	-45.00
397.18	844.80	30.00	60.00	-30.00
561.53	846.83	30.00	0.00	0.00
415.06	848.18	25.00	50.00	-45.00
495.98	849.41	25.00	20.00	-30.00
432.30	851.85	20.00	40.00	-60.00
379.30	853.89	30.00	70.00	-15.00
528.66	854.45	25.00	10.00	-15.00
397.48	857.37	25.00	60.00	-30.00
463.99	856.89	20.00	30.00	-45.00
561.67	859.62	25.00	0.00	0.00
415.33	860.83	20.00	50.00	-45.00
496.28	861.83	20.00	20.00	-30.00
432.68	864.06	15.00	40.00	-60.00
379.61	866.71	25.00	70.00	-15.00
529.01	866.93	20.00	10.00	-15.00
464.52	869.09	15.00	30.00	-45.00
397.93	869.95	20.00	60.00	-30.00
562.00	872.19	20.00	0.00	0.00
415.66	873.12	15.00	50.00	-45.00
496.62	874.11	15.00	20.00	-30.00
433.00	876.24	10.00	40.00	-60.00
379.93	879.46	20.00	70.00	-15.00
529.09	879.53	15.00	10.00	-15.00
464.67	881.39	10.00	30.00	-45.00
398.26	882.48	15.00	60.00	-30.00
416.05	885.51	10.00	50.00	-45.00
562.44	884.82	15.00	0.00	0.00
496.96	886.76	10.00	20.00	-30.00
433.25	888.50	5.00	40.00	-60.00
380.25	892.14	15.00	70.00	-15.00
529.43	891.96	10.00	10.00	-15.00
465.03	893.83	5.00	30.00	-45.00
398.61	895.05	10.00	60.00	-30.00
562.72	897.43	10.00	0.00	0.00
416.28	897.94	5.00	50.00	-45.00
497.44	899.08	5.00	20.00	-30.00
433.65	900.83	0.00	40.00	-60.00
529.97	904.45	5.00	10.00	-15.00
380.71	904.81	10.00	70.00	-15.00
465.29	906.35	0.00	30.00	-45.00
398.96	907.62	5.00	60.00	-30.00
416.84	910.38	0.00	50.00	-45.00
563.03	910.08	5.00	0.00	0.00
497.55	911.67	0.00	20.00	-30.00
381.06	917.53	5.00	70.00	-15.00
530.18	917.01	0.00	10.00	-15.00
399.33	920.26	0.00	60.00	-30.00
563.23	922.63	0.00	0.00	0.00
381.54	930.28	0.00	70.00	-15.00
