0.00	0.00	0.00
0.00	10.00	-15.00
0.00	20.00	-30.00
0.00	30.00	-45.00
0.00	40.00	-60.00
0.00	50.00	-45.00
0.00	60.00	-30.00
0.00	70.00	-15.00
5.00	0.00	0.00
5.00	10.00	-15.00
5.00	20.00	-30.00
5.00	30.00	-45.00
5.00	40.00	-60.00
5.00	50.00	-45.00
5.00	60.00	-30.00
5.00	70.00	-15.00
10.00	0.00	0.00
10.00	10.00	-15.00
10.00	20.00	-30.00
10.00	30.00	-45.00
10.00	40.00	-60.00
10.00	50.00	-45.00
10.00	60.00	-30.00
10.00	70.00	-15.00
15.00	0.00	0.00
15.00	10.00	-15.00
15.00	20.00	-30.00
15.00	30.00	-45.00
15.00	40.00	-60.00
15.00	50.00	-45.00
15.00	60.00	-30.00
15.00	70.00	-15.00
20.00	0.00	0.00
20.00	10.00	-15.00
20.00	20.00	-30.00
20.00	30.00	-45.00
20.00	40.00	-60.00
20.00	50.00	-45.00
20.00	60.00	-30.00
20.00	70.00	-15.00
25.00	0.00	0.00
25.00	10.00	-15.00
25.00	20.00	-30.00
25.00	30.00	-45.00
25.00	40.00	-60.00
25.00	50.00	-45.00
25.00	60.00	-30.00
25.00	70.00	-15.00
30.00	0.00	0.00
30.00	10.00	-15.00
30.00	20.00	-30.00
30.00	30.00	-45.00
30.00	40.00	-60.00
30.00	50.00	-45.00
30.00	60.00	-30.00
30.00	70.00	-15.00
35.00	0.00	0.00
35.00	10.00	-15.00
35.00	20.00	-30.00
35.00	30.00	-45.00
35.00	40.00	-60.00
35.00	50.00	-45.00
35.00	60.00	-30.00
35.00	70.00	-15.00
40.00	0.00	0.00
40.00	10.00	-15.00
40.00	20.00	-30.00
40.00	30.00	-45.00
40.00	40.00	-60.00
40.00	50.00	-45.00
40.00	60.00	-30.00
40.00	70.00	-15.00
45.00	0.00	0.00
45.00	10.00	-15.00
45.00	20.00	-30.00
45.00	30.00	-45.00
45.00	40.00	-60.00
45.00	50.00	-45.00
45.00	60.00	-30.00
45.00	70.00	-15.00
50.00	0.00	0.00
50.00	10.00	-15.00
50.00	20.00	-30.00
50.00	30.00	-45.00
50.00	40.00	-60.00
50.00	50.00	-45.00
50.00	60.00	-30.00
50.00	70.00	-15.00
55.00	0.00	0.00
55.00	10.00	-15.00
55.00	20.00	-30.00
55.00	30.00	-45.00
55.00	40.00	-60.00
55.00	50.00	-45.00
55.00	60.00	-30.00
55.00	70.00	-15.00
60.00	0.00	0.00
60.00	10.00	-15.00
60.00	20.00	-30.00
60.00	30.00	-45.00
60.00	40.00	-60.00
60.00	50.00	-45.00
60.00	60.00	-30.00
60.00	70.00	-15.00
65.00	0.00	0.00
65.00	10.00	-15.00
65.00	20.00	-30.00
65.00	30.00	-45.00
65.00	40.00	-60.00
65.00	50.00	-45.00
65.00	60.00	-30.00
65.00	70.00	-15.00
70.00	0.00	0.00
70.00	10.00	-15.00
70.00	20.00	-30.00
70.00	30.00	-45.00
70.00	40.00	-60.00
70.00	50.00	-45.00
70.00	60.00	-30.00
70.00	70.00	-15.00
75.00	0.00	0.00
75.00	10.00	-15.00
75.00	20.00	-30.00
75.00	30.00	-45.00
75.00	40.00	-60.00
75.00	50.00	-45.00
75.00	60.00	-30.00
75.00	70.00	-15.00
80.00	0.00	0.00
80.00	10.00	-15.00
80.00	20.00	-30.00
80.00	30.00	-45.00
80.00	40.00	-60.00
80.00	50.00	-45.00
80.00	60.00	-30.00
80.00	70.00	-15.00
85.00	0.00	0.00
85.00	10.00	-15.00
85.00	20.00	-30.00
85.00	30.00	-45.00
85.00	40.00	-60.00
85.00	50.00	-45.00
85.00	60.00	-30.00
85.00	70.00	-15.00
90.00	0.00	0.00
90.00	10.00	-15.00
90.00	20.00	-30.00
90.00	30.00	-45.00
90.00	40.00	-60.00
90.00	50.00	-45.00
90.00	60.00	-30.00
90.00	70.00	-15.00
95.00	0.00	0.00
95.00	10.00	-15.00
95.00	20.00	-30.00
95.00	30.00	-45.00
95.00	40.00	-60.00
95.00	50.00	-45.00
95.00	60.00	-30.00
95.00	70.00	-15.00
100.00	0.00	0.00
100.00	10.00	-15.00
100.00	20.00	-30.00
100.00	30.00	-45.00
100.00	40.00	-60.00
100.00	50.00	-45.00
100.00	60.00	-30.00
100.00	70.00	-15.00
105.00	0.00	0.00
105.00	10.00	-15.00
105.00	20.00	-30.00
105.00	30.00	-45.00
105.00	40.00	-60.00
105.00	50.00	-45.00
105.00	60.00	-30.00
105.00	70.00	-15.00
110.00	0.00	0.00
110.00	10.00	-15.00
110.00	20.00	-30.00
110.00	30.00	-45.00
110.00	40.00	-60.00
110.00	50.00	-45.00
110.00	60.00	-30.00
110.00	70.00	-15.00
115.00	0.00	0.00
115.00	10.00	-15.00
115.00	20.00	-30.00
115.00	30.00	-45.00
115.00	40.00	-60.00
115.00	50.00	-45.00
115.00	60.00	-30.00
115.00	70.00	-15.00
120.00	0.00	0.00
120.00	10.00	-15.00
120.00	20.00	-30.00
120.00	30.00	-45.00
120.00	40.00	-60.00
120.00	50.00	-45.00
120.00	60.00	-30.00
120.00	70.00	-15.00
125.00	0.00	0.00
125.00	10.00	-15.00
125.00	20.00	-30.00
125.00	30.00	-45.00
125.00	40.00	-60.00
125.00	50.00	-45.00
125.00	60.00	-30.00
125.00	70.00	-15.00
130.00	0.00	0.00
130.00	10.00	-15.00
130.00	20.00	-30.00
130.00	30.00	-45.00
130.00	40.00	-60.00
130.00	50.00	-45.00
130.00	60.00	-30.00
130.00	70.00	-15.00
135.00	0.00	0.00
135.00	10.00	-15.00
135.00	20.00	-30.00
135.00	30.00	-45.00
135.00	40.00	-60.00
135.00	50.00	-45.00
135.00	60.00	-30.00
135.00	70.00	-15.00
140.00	0.00	0.00
140.00	10.00	-15.00
140.00	20.00	-30.00
140.00	30.00	-45.00
140.00	40.00	-60.00
140.00	50.00	-45.00
140.00	60.00	-30.00
140.00	70.00	-15.00
145.00	0.00	0.00
145.00	10.00	-15.00
145.00	20.00	-30.00
145.00	30.00	-45.00
145.00	40.00	-60.00
145.00	50.00	-45.00
145.00	60.00	-30.00
145.00	70.00	-15.00
150.00	0.00	0.00
150.00	10.00	-15.00
150.00	20.00	-30.00
150.00	30.00	-45.00
150.00	40.00	-60.00
150.00	50.00	-45.00
150.00	60.00	-30.00
150.00	70.00	-15.00
155.00	0.00	0.00
155.00	10.00	-15.00
155.00	20.00	-30.00
155.00	30.00	-45.00
155.00	40.00	-60.00
155.00	50.00	-45.00
155.00	60.00	-30.00
155.00	70.00	-15.00
160.00	0.00	0.00
160.00	10.00	-15.00
160.00	20.00	-30.00
160.00	30.00	-45.00
160.00	40.00	-60.00
160.00	50.00	-45.00
160.00	60.00	-30.00
160.00	70.00	-15.00
165.00	0.00	0.00
165.00	10.00	-15.00
165.00	20.00	-30.00
165.00	30.00	-45.00
165.00	40.00	-60.00
165.00	50.00	-45.00
165.00	60.00	-30.00
165.00	70.00	-15.00
170.00	0.00	0.00
170.00	10.00	-15.00
170.00	20.00	-30.00
170.00	30.00	-45.00
170.00	40.00	-60.00
170.00	50.00	-45.00
170.00	60.00	-30.00
170.00	70.00	-15.00
175.00	0.00	0.00
175.00	10.00	-15.00
175.00	20.00	-30.00
175.00	30.00	-45.00
175.00	40.00	-60.00
175.00	50.00	-45.00
175.00	60.00	-30.00
175.00	70.00	-15.00
180.00	0.00	0.00
180.00	10.00	-15.00
180.00	20.00	-30.00
180.00	30.00	-45.00
180.00	40.00	-60.00
180.00	50.00	-45.00
180.00	60.00	-30.00
180.00	70.00	-15.00
185.00	0.00	0.00
185.00	10.00	-15.00
185.00	20.00	-30.00
185.00	30.00	-45.00
185.00	40.00	-60.00
185.00	50.00	-45.00
185.00	60.00	-30.00
185.00	70.00	-15.00
190.00	0.00	0.00
190.00	10.00	-15.00
190.00	20.00	-30.00
190.00	30.00	-45.00
190.00	40.00	-60.00
190.00	50.00	-45.00
190.00	60.00	-30.00
190.00	70.00	-15.00
195.00	0.00	0.00
195.00	10.00	-15.00
195.00	20.00	-30.00
195.00	30.00	-45.00
195.00	40.00	-60.00
195.00	50.00	-45.00
195.00	60.00	-30.00
195.00	70.00	-15.00
200.00	0.00	0.00
200.00	10.00	-15.00
200.00	20.00	-30.00
200.00	30.00	-45.00
200.00	40.00	-60.00
200.00	50.00	-45.00
200.00	60.00	-30.00
200.00	70.00	-15.00
205.00	0.00	0.00
205.00	10.00	-15.00
205.00	20.00	-30.00
205.00	30.00	-45.00
205.00	40.00	-60.00
205.00	50.00	-45.00
205.00	60.00	-30.00
205.00	70.00	-15.00
210.00	0.00	0.00
210.00	10.00	-15.00
210.00	20.00	-30.00
210.00	30.00	-45.00
210.00	40.00	-60.00
210.00	50.00	-45.00
210.00	60.00	-30.00
210.00	70.00	-15.00
215.00	0.00	0.00
215.00	10.00	-15.00
215.00	20.00	-30.00
215.00	30.00	-45.00
215.00	40.00	-60.00
215.00	50.00	-45.00
215.00	60.00	-30.00
215.00	70.00	-15.00
220.00	0.00	0.00
220.00	10.00	-15.00
220.00	20.00	-30.00
220.00	30.00	-45.00
220.00	40.00	-60.00
220.00	50.00	-45.00
220.00	60.00	-30.00
220.00	70.00	-15.00
225.00	0.00	0.00
225.00	10.00	-15.00
225.00	20.00	-30.00
225.00	30.00	-45.00
225.00	40.00	-60.00
225.00	50.00	-45.00
225.00	60.00	-30.00
225.00	70.00	-15.00
230.00	0.00	0.00
230.00	10.00	-15.00
230.00	20.00	-30.00
230.00	30.00	-45.00
230.00	40.00	-60.00
230.00	50.00	-45.00
230.00	60.00	-30.00
230.00	70.00	-15.00
235.00	0.00	0.00
235.00	10.00	-15.00
235.00	20.00	-30.00
235.00	30.00	-45.00
235.00	40.00	-60.00
235.00	50.00	-45.00
235.00	60.00	-30.00
235.00	70.00	-15.00
240.00	0.00	0.00
240.00	10.00	-15.00
240.00	20.00	-30.00
240.00	30.00	-45.00
240.00	40.00	-60.00
240.00	50.00	-45.00
240.00	60.00	-30.00
240.00	70.00	-15.00
245.00	0.00	0.00
245.00	10.00	-15.00
245.00	20.00	-30.00
245.00	30.00	-45.00
245.00	40.00	-60.00
245.00	50.00	-45.00
245.00	60.00	-30.00
245.00	70.00	-15.00
250.00	0.00	0.00
250.00	10.00	-15.00
250.00	20.00	-30.00
250.00	30.00	-45.00
250.00	40.00	-60.00
250.00	50.00	-45.00
250.00	60.00	-30.00
250.00	70.00	-15.00
255.00	0.00	0.00
255.00	10.00	-15.00
255.00	20.00	-30.00
255.00	30.00	-45.00
255.00	40.00	-60.00
255.00	50.00	-45.00
255.00	60.00	-30.00
255.00	70.00	-15.00
260.00	0.00	0.00
260.00	10.00	-15.00
260.00	20.00	-30.00
260.00	30.00	-45.00
260.00	40.00	-60.00
260.00	50.00	-45.00
260.00	60.00	-30.00
260.00	70.00	-15.00
265.00	0.00	0.00
265.00	10.00	-15.00
265.00	20.00	-30.00
265.00	30.00	-45.00
265.00	40.00	-60.00
265.00	50.00	-45.00
265.00	60.00	-30.00
265.00	70.00	-15.00
270.00	0.00	0.00
270.00	10.00	-15.00
270.00	20.00	-30.00
270.00	30.00	-45.00
270.00	40.00	-60.00
270.00	50.00	-45.00
270.00	60.00	-30.00
270.00	70.00	-15.00
275.00	0.00	0.00
275.00	10.00	-15.00
275.00	20.00	-30.00
275.00	30.00	-45.00
275.00	40.00	-60.00
275.00	50.00	-45.00
275.00	60.00	-30.00
275.00	70.00	-15.00
280.00	0.00	0.00
280.00	10.00	-15.00
280.00	20.00	-30.00
280.00	30.00	-45.00
280.00	40.00	-60.00
280.00	50.00	-45.00
280.00	60.00	-30.00
280.00	70.00	-15.00
285.00	0.00	0.00
285.00	10.00	-15.00
285.00	20.00	-30.00
285.00	30.00	-45.00
285.00	40.00	-60.00
285.00	50.00	-45.00
285.00	60.00	-30.00
285.00	70.00	-15.00
290.00	0.00	0.00
290.00	10.00	-15.00
290.00	20.00	-30.00
290.00	30.00	-45.00
290.00	40.00	-60.00
290.00	50.00	-45.00
290.00	60.00	-30.00
290.00	70.00	-15.00
295.00	0.00	0.00
295.00	10.00	-15.00
295.00	20.00	-30.00
295.00	30.00	-45.00
295.00	40.00	-60.00
295.00	50.00	-45.00
295.00	60.00	-30.00
295.00	70.00	-15.00