49.20	107.33	10	8	69	67
51.44	107.92	10	9	78	68
53.41	108.70	10	9	81	69
55.83	109.06	11	9	85	70
57.84	109.69	11	10	88	71
59.89	110.49	11	10	91	72
62.26	111.00	12	11	99	73
64.49	111.41	12	10	96	74
66.59	112.06	12	11	100	75
68.89	112.38	11	12	102	76
70.98	112.88	12	11	105	77
73.30	113.21	12	12	105	78
75.40	113.46	12	12	109	79
77.77	113.77	11	13	107	80
79.94	114.15	11	12	101	81
82.02	114.52	12	12	107	82
84.57	114.86	11	13	109	83
86.69	115.10	11	13	108	84
88.92	115.71	11	13	106	85
91.22	116.09	10	13	101	86
93.37	116.54	10	14	106	87
95.53	116.91	10	13	97	88
98.05	116.90	10	13	100	89
100.25	117.20	10	13	97	90
102.68	117.21	9	14	93	91
104.79	117.58	9	14	93	92
106.97	117.90	9	13	91	93
109.09	118.48	8	14	90	94
111.19	118.76	8	14	90	95
113.17	119.25	8	15	96	96
115.29	119.53	8	16	100	97
117.28	120.12	8	15	92	98
119.22	120.84	7	16	96	99
121.33	121.42	7	17	101	100
123.47	121.79	7	18	101	101
125.51	122.61	6	18	97	102
127.40	122.98	7	18	114	103
129.49	123.36	7	19	114	104
131.65	123.66	6	20	117	105
133.77	123.80	6	20	119	106
135.80	123.82	6	20	123	107
138.02	123.80	5	20	119	108
140.08	124.10	6	21	125	109
142.08	124.19	5	21	124	110
144.11	124.29	5	22	124	111
146.03	124.66	6	22	130	112
148.10	124.70	7	22	143	113
150.02	124.90	7	22	144	114
152.05	124.94	7	23	141	115
154.13	125.10	7	23	142	116
156.19	125.38	9	23	149	117
158.18	125.25	9	24	155	118
160.28	125.43	9	24	153	119
162.31	125.28	10	24	157	120
164.60	125.81	10	26	166	121
166.65	125.54	10	26	162	122
168.91	125.65	11	26	169	123
171.08	125.64	11	27	175	124
173.51	126.01	12	27	177	125
175.74	126.09	13	27	182	126
178.16	126.55	13	28	184	127
180.48	126.51	13	28	184	128
183.00	127.05	13	29	191	129
185.15	126.89	13	29	193	130
187.59	127.28	14	29	195	131
189.99	127.70	13	29	194	132
192.41	127.89	13	29	191	133
195.07	128.66	13	28	198	134
197.66	129.16	14	29	201	135
200.21	129.19	14	29	198	136
202.83	129.57	14	28	196	137
205.53	129.65	14	29	196	138
208.42	130.40	14	29	197	139
211.20	130.53	15	28	194	140
213.96	130.56	15	28	192	141
216.72	130.59	15	28	191	142
219.90	131.44	15	28	189	143
222.73	131.58	14	28	190	144
225.62	131.78	14	29	193	145
228.64	132.37	14	29	198	146
231.63	132.90	12	29	193	147
234.35	133.04	12	29	193	148
237.23	133.81	10	30	197	149
239.84	133.95	9	29	193	150
242.41	134.21	8	30	196	151
245.04	134.72	5	29	181	152
247.49	135.05	6	29	190	153
249.96	135.16	7	30	189	154
252.19	135.69	9	28	189	155
254.50	135.52	10	28	190	156
256.76	135.56	11	28	189	157
259.05	135.43	12	28	196	158
261.38	134.97	13	28	188	159
263.65	134.86	14	27	185	160
265.83	134.71	15	27	192	161
268.18	134.23	15	26	185	162
270.51	133.75	15	25	180	163
272.91	133.50	16	26	184	164
275.32	132.77	16	25	184	165
277.76	132.42	17	24	178	166
280.24	131.81	18	25	176	167
282.84	130.99	18	24	180	168
285.40	130.22	18	24	186	169
288.01	129.40	18	24	182	170
290.45	128.59	18	23	176	171
292.88	127.84	17	24	177	172
295.22	127.15	16	24	180	173
297.58	126.20	15	24	180	174
300.06	124.96	14	25	176	175
302.18	124.07	14	25	180	176
304.39	122.81	12	25	177	177
306.51	121.73	11	25	170	178
308.48	120.89	10	25	173	179
310.50	119.41	8	26	172	180
312.50	118.37	8	26	171	181
314.38	117.15	7	26	168	182
316.29	115.79	6	27	165	183
317.95	114.73	6	26	162	184
319.98	113.60	5	26	162	185
321.75	112.09	6	26	176	186
323.31	111.61	6	26	167	187
325.19	110.79	6	26	165	188
326.92	109.22	7	26	169	189
328.86	108.44	7	26	163	190
330.68	107.95	7	25	160	191
332.47	106.88	8	25	161	192
334.34	106.18	8	25	157	193
336.25	105.45	8	24	154	194
338.08	104.92	9	24	152	195
339.94	104.38	9	24	151	196
341.76	104.02	9	23	148	197
343.51	103.20	10	23	142	198
345.23	102.62	10	22	137	199
347.26	102.42	10	22	134	200
349.04	101.69	11	22	136	201
350.96	101.20	11	21	134	202
352.77	101.04	11	21	139	203
354.54	100.40	12	20	132	204
356.51	100.21	12	21	133	205
358.37	99.71	12	20	133	206
360.35	99.39	12	20	132	207
362.34	99.21	12	20	131	208
364.37	98.96	12	19	128	209
366.46	98.83	12	19	129	210
368.31	98.29	12	19	128	211
370.53	98.30	12	18	125	212
372.79	98.29	12	18	121	213
374.80	98.06	11	17	114	214
376.93	98.07	11	17	115	215
379.02	97.67	11	16	107	216
380.96	97.31	11	16	109	217
383.24	97.24	10	16	102	218
385.33	97.01	10	15	100	219
387.23	96.49	9	15	95	220
389.45	96.41	8	14	87	221
391.40	95.97	8	15	86	222
393.42	95.77	8	14	82	223
395.52	95.70	6	14	76	224
397.30	95.10	6	13	77	225
398.95	95.00	5	13	75	226
400.93	94.60	5	13	72	227
402.85	94.33	5	12	68	228
404.60	93.96	6	12	68	229
406.28	93.33	6	12	74	230
408.06	92.50	6	12	70	231
409.83	92.11	7	12	69	232
411.55	91.34	7	12	71	233
413.27	90.71	7	13	70	234
414.91	90.43	7	12	71	235
416.67	89.57	7	12	70	236
418.44	88.91	8	11	69	237
419.93	88.33	9	12	71	238
421.71	87.59	9	12	75	239
423.33	86.75	10	12	81	240
425.03	86.00	11	11	78	241
426.62	85.42	11	12	83	242
428.20	84.56	12	12	90	243
429.83	83.81	13	11	91	244
431.68	83.19	13	12	95	245
433.30	82.57	14	12	98	246
435.15	81.86	14	11	103	247
436.77	81.22	15	11	102	248
438.70	80.51	15	10	103	249
440.73	79.69	15	11	101	250
442.47	79.10	16	10	107	251
444.15	78.40	16	10	105	252
446.29	77.50	16	10	103	253
448.42	76.62	16	9	105	254
450.46	75.85	16	9	105	255
452.41	75.05	16	9	105	256
454.55	74.23	16	9	106	257
456.59	73.61	16	9	102	258
458.82	72.81	15	9	102	259
460.74	72.09	15	9	99	260
462.76	71.31	15	9	97	261
464.94	70.42	15	9	93	262
466.79	69.56	13	9	88	263
468.74	68.67	13	9	86	264
470.71	67.75	13	9	85	265
472.84	66.75	12	9	81	266
474.65	65.77	11	9	74	267
476.64	64.71	10	10	71	268
478.56	63.81	10	9	69	269
480.44	62.75	9	9	61	270
482.38	61.52	8	10	64	271
484.29	60.51	8	10	62	272
486.16	59.33	8	11	65	273
487.88	58.29	7	11	62	274
489.86	57.06	7	11	63	275
491.60	55.98	6	11	61	276
493.65	54.52	5	12	59	277
495.68	53.23	5	12	60	278
497.25	52.33	6	12	62	279
498.98	51.00	5	13	64	280
501.00	49.72	5	12	63	281
502.78	48.41	6	12	64	282
504.70	47.18	6	12	71	283
506.58	45.84	6	12	70	284
508.33	44.33	7	12	69	285
510.33	43.29	7	12	70	286
512.14	41.91	7	12	71	287
514.19	40.74	8	12	74	288
516.00	39.56	9	12	73	289
518.00	38.30	9	12	77	290
519.92	37.08	9	11	76	291
522.03	36.07	9	11	77	292
523.97	34.69	9	11	74	293
525.81	33.44	9	10	75	294
527.79	32.35	9	10	72	295
529.65	30.75	10	11	78	296
531.68	29.68	10	10	77	297
533.67	28.46	10	10	79	298
535.56	27.34	10	10	76	299
537.59	25.94	10	9	80	300
539.78	24.83	10	9	75	301
542.02	23.95	9	9	71	302
544.11	22.81	9	9	73	303
546.14	21.79	9	10	74	304
548.24	20.84	9	9	70	305
550.30	19.83	9	9	69	306
552.17	18.98	7	9	59	307
554.00	18.22	7	10	63	308
555.87	17.64	7	10	58	309
557.60	17.00	6	10	57	310
559.40	16.84	6	10	55	311
561.00	16.62	5	10	50	312
562.72	16.35	5	10	50	313
564.28	16.45	5	10	51	314
565.83	16.40	5	10	53	315
567.34	16.50	6	10	56	316
568.77	16.48	6	12	62	317
570.22	16.27	6	12	62	318
571.52	16.12	6	13	63	319
573.00	15.93	7	13	71	320
574.30	15.84	8	13	73	321
575.62	15.52	8	14	81	322
577.09	15.66	8	13	74	323
578.36	15.39	8	12	78	324
579.67	15.67	9	12	73	325
581.11	15.67	9	12	71	326
582.49	15.54	8	12	73	327
583.72	15.85	9	11	68	328
585.39	15.31	8	12	69	329
586.78	15.60	9	10	64	330
588.40	15.38	8	10	66	331
589.50	15.50	8	10	63	332
591.28	15.48	8	10	64	333
592.52	15.59	8	10	58	334
594.16	15.38	8	10	57	335
595.62	15.43	8	9	54	336
596.90	15.52	7	8	51	337
662.54	8.02	6	10	53	377
665.88	8.31	6	10	53	379
667.69	7.91	6	12	58	380
669.49	7.82	6	12	62	381
671.36	7.73	6	12	59	382
673.10	7.15	7	11	63	383
674.76	6.84	7	12	66	384
676.64	6.64	7	12	65	385
678.60	6.50	7	12	64	386
680.48	6.13	7	12	70	387
682.57	5.90	8	12	67	388
684.75	6.15	8	12	68	389
686.91	5.89	7	11	68	390
689.16	5.71	7	11	66	391
691.14	5.54	7	11	65	392
693.20	5.12	7	10	64	393
695.16	4.63	7	9	56	394
2.33	227.83	4	14	61	406
3.49	227.09	6	15	99	407
5.15	226.42	7	14	109	408
6.99	226.27	7	14	112	409
9.06	226.01	8	14	114	410
11.06	225.64	9	15	113	411
13.05	225.18	9	14	114	412
15.10	224.49	11	15	117	413
17.00	224.28	11	14	118	414
18.98	223.48	13	14	122	415
21.00	222.87	13	13	120	416
22.83	222.11	15	13	124	417
24.93	221.40	15	12	124	418
26.76	220.82	16	11	121	419
28.63	220.23	17	10	122	420
30.50	219.64	18	9	126	421
32.57	219.15	18	9	125	422
34.42	218.53	18	8	124	423
36.72	217.96	19	7	128	424
38.89	217.24	19	6	128	425
41.01	216.72	20	6	128	426
43.03	215.78	20	6	121	427
45.62	215.23	20	7	123	428
47.80	214.49	20	8	127	429
50.43	213.81	20	8	123	430
52.81	213.12	20	9	122	431
55.56	212.63	20	10	123	432
57.93	212.00	19	9	118	433
60.21	211.18	19	10	117	434
63.28	210.72	19	10	114	435
65.60	209.97	18	10	113	436
68.38	209.34	18	10	112	437
71.05	208.59	17	10	107	438
73.81	207.93	17	10	97	439
76.43	207.07	16	9	98	440
79.31	206.34	15	10	89	441
81.75	205.74	14	10	85	442
84.67	205.23	14	9	79	443
87.36	204.70	13	9	73	444
89.79	203.94	11	9	66	445
92.20	203.43	9	9	56	446
94.67	202.86	8	9	55	447
97.12	202.29	7	9	53	448
106.14	198.84	7	9	54	452
108.20	197.98	8	9	59	453
110.31	196.85	8	9	66	454
112.37	195.92	10	9	76	455
114.45	194.65	10	9	80	456
116.53	193.64	12	9	94	457
118.58	192.70	12	9	95	458
120.70	191.87	13	10	99	459
122.93	190.72	13	11	107	460
125.24	189.40	14	11	116	461
127.28	188.33	14	11	120	462
129.64	187.26	14	11	119	463
132.23	185.86	14	11	117	464
134.51	184.89	15	11	122	465
137.04	183.58	14	11	122	466
139.70	182.50	15	11	121	467
142.17	181.43	14	11	119	468
144.80	180.34	14	11	115	469
147.21	179.33	14	11	112	470
150.01	177.95	13	12	112	471
152.63	176.81	13	11	103	472
155.07	175.62	12	11	96	473
157.75	174.38	12	12	97	474
160.03	173.24	11	12	92	475
162.61	171.74	10	11	86	476
165.11	170.34	9	12	83	477
167.60	168.81	9	11	74	478
169.91	167.64	7	11	68	479
172.20	166.27	7	11	67	480
174.56	165.00	6	11	66	481
176.98	163.89	6	11	60	482
179.11	162.42	5	10	57	483
181.51	161.47	6	10	59	484
183.74	159.81	6	9	54	485
186.15	159.12	7	9	52	486
193.12	155.66	9	8	52	489
195.58	154.64	10	8	57	490
197.67	153.60	10	8	53	491
200.45	152.70	10	8	56	492
202.87	151.71	11	7	59	493
205.19	150.56	11	6	61	494
207.51	149.51	12	6	60	495
210.00	148.49	11	6	62	496
212.51	147.38	12	6	68	497
214.82	146.35	11	6	65	498
217.43	145.00	12	5	65	499
219.92	144.04	11	5	63	500
222.90	142.98	11	5	63	501
225.46	142.02	11	5	58	502
227.92	140.92	11	5	61	503
230.50	140.00	10	5	55	504
232.90	139.05	9	5	53	505
309.39	106.68	6	9	52	536
311.75	105.40	7	8	51	537
314.12	104.31	7	9	53	538
316.38	102.98	8	9	61	539
318.98	101.44	9	10	64	540
321.38	100.23	10	10	68	541
323.75	98.89	9	9	69	542
326.02	97.85	10	9	69	543
328.31	96.85	10	9	70	544
330.75	95.49	10	10	74	545
333.15	94.51	10	10	70	546
335.45	93.33	10	10	70	547
337.98	92.23	10	10	72	548
340.49	90.95	10	9	69	549
342.79	89.92	9	9	66	550
345.09	88.78	10	9	70	551
347.55	87.62	10	10	71	552
349.93	86.66	9	10	71	553
352.62	85.42	9	10	67	554
354.93	84.51	9	10	72	555
357.67	83.35	9	10	66	556
359.96	82.70	9	9	64	557
362.41	81.70	8	9	56	558
365.09	80.47	8	8	56	559
367.69	79.54	7	8	50	560
458.49	49.20	8	9	53	601
460.21	48.66	9	11	60	602
462.26	48.32	10	12	69	603
464.15	48.09	11	13	74	604
465.94	47.39	11	13	80	605
467.89	47.05	11	14	80	606
470.00	46.65	13	14	90	607
471.88	46.06	13	15	92	608
473.89	45.35	13	15	95	609
475.77	44.83	13	15	94	610
477.84	44.20	14	15	99	611
479.85	43.41	15	14	96	612
481.84	42.99	15	16	107	613
483.71	42.09	15	15	103	614
485.96	41.95	15	15	106	615
488.08	41.53	17	15	99	616
490.14	41.07	16	15	107	617
492.45	40.85	16	16	109	618
494.54	40.41	17	16	112	619
496.84	40.18	17	16	115	620
499.53	40.07	16	17	115	621
501.78	39.69	17	18	124	622
504.55	39.68	16	18	116	623
506.84	39.03	17	20	121	624
509.48	38.73	16	20	122	625
512.19	38.78	15	21	123	626
515.00	38.53	15	23	127	627
517.48	37.80	16	23	137	628
520.50	37.94	14	24	139	629
523.39	37.62	14	24	144	630
526.07	37.28	13	25	147	631
529.05	37.29	13	26	154	632
531.76	37.00	12	26	149	633
534.79	36.93	12	27	160	634
537.73	36.89	12	28	161	635
540.66	36.85	10	28	157	636
543.60	36.68	10	28	161	637
546.35	36.05	9	29	158	638
549.42	36.57	8	30	164	639
552.25	36.16	8	30	161	640
555.10	36.16	7	30	164	641
558.02	36.07	7	31	165	642
560.85	36.05	6	31	162	643
563.64	36.38	5	30	157	644
566.50	36.25	4	30	149	645
569.17	36.19	5	31	167	646
571.85	35.46	5	30	154	647
574.53	35.82	6	30	157	648
577.27	35.28	6	30	152	649
579.92	35.36	7	30	154	650
582.59	35.20	8	29	153	651
585.25	34.88	9	29	155	652
587.90	34.85	9	30	153	653
590.67	34.21	10	30	157	654
593.26	33.88	10	29	153	655
595.85	33.78	11	30	150	656
598.40	33.43	11	29	151	657
601.11	32.30	11	29	150	658
603.71	31.76	12	28	156	659
606.30	31.37	12	28	145	660
608.92	30.74	13	28	145	661
611.56	30.14	12	28	141	662
614.21	29.35	13	27	146	663
616.90	28.51	13	27	141	664
619.56	27.74	12	28	139	665
622.14	27.05	13	27	138	666
624.55	26.76	12	27	136	667
627.23	25.88	12	26	139	668
629.80	24.91	12	27	138	669
632.43	24.05	12	26	138	670
635.15	22.62	11	27	138	671
637.73	21.62	11	26	138	672
640.24	20.77	10	26	139	673
642.87	19.67	9	26	136	674
645.40	18.41	8	27	134	675
647.93	17.75	7	26	130	676
650.42	16.77	6	26	131	677
652.79	16.31	6	26	135	678
655.14	15.73	5	26	143	679
657.43	14.23	5	26	139	680
659.63	13.88	6	25	143	681
661.76	13.25	7	26	143	682
663.81	12.59	8	25	131	683
666.03	12.03	9	24	130	684
668.21	11.82	9	23	123	685
670.41	11.00	11	22	124	686
672.67	10.73	12	21	118	687
674.99	10.11	12	20	121	688
677.24	9.75	13	19	111	689
679.41	9.32	13	19	114	690
681.89	9.14	13	18	113	691
684.33	9.07	13	18	111	692
686.73	8.78	13	17	105	693
689.25	8.66	14	17	109	694
691.45	8.19	13	16	104	695
693.97	7.83	14	16	103	696
696.45	7.78	13	15	99	697
698.89	7.63	14	15	98	698
701.32	7.58	13	15	89	699
703.85	7.13	13	14	93	700
706.41	7.20	12	14	87	701
708.78	7.06	12	14	85	702
711.20	6.82	11	13	79	703
713.71	6.65	11	13	86	704
715.93	6.33	10	13	79	705
718.25	6.16	11	12	75	706
720.50	6.04	9	12	72	707
722.81	5.74	10	11	70	708
724.96	5.66	8	11	65	709
726.96	5.57	8	11	66	710
729.04	5.46	8	11	61	711
730.82	5.22	6	10	51	712
732.78	5.12	6	10	54	713
734.78	5.28	6	10	51	714
2.53	228.36	5	15	64	815
2.50	225.94	5	20	87	816
2.60	222.87	6	25	122	817
2.79	220.29	6	27	150	818
3.10	218.35	6	27	176	819
3.49	216.69	6	27	198	820
3.88	215.69	7	27	206	821
4.39	214.66	9	27	209	822
4.80	213.41	10	27	212	823
5.17	211.98	11	28	212	824
5.48	210.34	12	27	210	825
5.76	208.81	12	27	205	826
6.16	206.71	13	27	204	827
6.55	204.84	14	26	202	828
6.73	203.29	14	25	190	829
7.08	200.95	15	24	193	830
7.45	198.77	16	24	193	831
7.70	196.81	16	23	186	832
8.21	194.50	17	23	182	833
8.33	192.59	17	22	186	834
8.89	190.31	18	21	197	835
9.49	187.97	19	21	190	836
9.76	185.88	20	20	196	837
10.28	183.68	21	20	200	838
10.61	181.58	22	19	205	839
11.44	179.03	23	19	205	840
12.15	176.59	24	20	214	841
13.26	173.85	24	19	208	842
14.47	170.88	23	19	206	843
15.80	167.71	22	19	200	844
16.91	164.50	22	20	209	845
17.87	161.34	21	20	216	846
18.74	158.38	21	20	203	847
19.82	155.39	19	20	201	848
21.05	152.18	19	20	197	849
21.85	149.35	17	20	192	850
22.86	146.20	17	21	194	851
24.09	143.01	17	21	186	852
24.90	140.13	15	21	184	853
25.97	137.09	15	21	179	854
27.07	133.87	14	19	160	855
28.01	130.88	13	19	155	856
29.03	127.88	12	19	151	857
29.96	124.87	11	17	136	858
30.72	122.14	12	17	136	859
31.72	119.43	11	16	128	860
32.65	116.90	11	15	123	861
33.49	114.64	10	15	114	862
34.61	111.92	11	15	115	863
35.79	109.19	12	14	112	864
36.70	107.00	11	13	110	865
38.00	104.22	13	11	110	866
39.18	101.82	14	11	119	867
40.73	99.24	15	10	128	868
1008.06	7.67	5	13	57	868
42.23	97.07	16	9	129	869
43.79	94.93	17	9	144	870
1010.43	8.70	7	14	58	870
45.65	93.04	18	9	147	871
1012.07	9.04	7	14	54	871
48.05	91.26	19	8	154	872
1013.04	9.44	8	15	50	872
50.04	89.45	20	10	165	873
1014.71	9.50	9	15	57	873
52.60	87.87	20	9	168	874
1016.07	9.85	10	16	58	874
55.07	86.37	21	10	174	875
1017.28	10.24	10	16	67	875
57.91	84.78	21	9	177	876
1018.59	10.96	10	16	63	876
60.49	83.31	22	10	183	877
63.52	81.67	22	10	182	878
66.79	80.04	21	11	183	879
69.80	78.59	21	11	177	880
72.81	77.02	21	10	169	881
75.86	75.39	21	11	166	882
78.95	73.62	19	11	165	883
82.15	72.10	20	12	165	884
85.53	70.47	18	12	151	885
88.75	69.14	17	12	149	886
91.88	67.50	17	12	147	887
95.03	66.18	16	12	140	888
98.26	64.76	16	11	134	889
101.42	63.68	14	11	119	890
104.43	62.87	13	10	111	891
107.34	62.41	12	10	94	892
110.24	62.03	10	10	86	893
112.78	61.91	9	10	75	894
115.28	61.76	8	10	69	895
117.71	61.78	7	11	63	896
120.09	61.91	7	11	59	897
122.32	62.23	6	10	57	898
126.92	62.79	5	10	51	900
134.51	62.23	9	10	50	904
137.74	62.16	11	9	54	906
139.76	62.51	11	9	55	907
140.89	62.54	11	9	51	908
142.42	62.98	12	9	61	909
144.45	63.57	13	10	67	910
145.92	63.76	13	10	68	911
147.96	64.37	14	11	72	912
149.56	64.39	14	11	77	913
151.48	64.67	14	11	79	914
153.15	64.66	15	11	84	915
155.46	64.98	15	10	73	916
156.79	64.21	15	11	80	917
158.82	64.27	15	11	77	918
161.08	64.17	15	11	75	919
163.10	64.16	13	11	68	920
164.96	63.85	13	10	65	921
166.90	64.07	12	10	54	922
169.12	63.98	11	9	56	923
170.62	63.49	10	9	50	924
179.60	61.80	6	9	52	929
181.07	61.24	7	10	54	930
182.67	60.50	8	10	63	931
183.75	60.22	9	10	75	932
185.15	59.82	10	11	87	933
186.85	59.08	12	12	93	934
188.22	58.60	12	11	103	935
189.49	58.25	13	12	112	936
191.24	57.71	14	11	118	937
192.66	57.42	15	11	121	938
194.29	56.68	16	11	133	939
196.11	56.08	16	10	131	940
197.52	55.79	17	11	138	941
199.55	55.21	17	10	140	942
201.20	54.88	18	10	149	943
203.17	54.68	18	9	149	944
204.90	54.57	19	9	156	945
206.92	54.34	20	8	159	946
208.62	54.42	21	8	165	947
210.75	54.60	21	8	171	948
212.62	54.99	21	7	163	949
214.89	55.16	21	7	167	950
216.57	55.84	21	8	182	951
219.04	56.25	22	8	178	952
221.26	56.68	22	9	184	953
223.49	57.27	22	10	185	954
226.01	57.96	22	11	188	955
228.51	58.59	22	12	191	956
231.24	59.64	23	13	192	957
233.67	60.38	23	14	195	958
236.52	61.66	22	15	197	959
238.89	62.58	23	17	210	960
241.74	63.84	23	17	209	961
244.53	65.15	23	18	211	962
247.50	66.68	24	19	215	963
250.47	68.16	24	20	219	964
253.33	69.66	24	21	221	965
256.44	71.55	23	21	210	966
259.59	73.41	24	22	220	967
262.63	75.39	22	22	191	968
265.62	77.31	22	22	193	969
268.92	79.49	21	22	188	970
271.98	81.27	21	22	186	971
275.18	83.35	20	22	187	972
278.59	85.55	20	22	185	973
281.81	87.58	19	22	181	974
284.62	89.39	19	22	178	975
287.84	91.66	17	22	169	976
290.74	93.80	17	22	169	977
293.65	95.86	15	22	163	978
296.44	98.10	14	23	165	979
299.05	100.18	13	23	161	980
301.48	102.39	14	23	166	981
303.98	104.47	13	23	168	982
306.13	106.47	13	24	177	983
308.47	108.48	13	24	185	984
310.66	110.73	12	25	191	985
3.52	71.78	7	11	60	986
312.77	112.75	12	25	198	986
4.25	70.25	9	13	79	987
314.64	114.86	12	25	201	987
5.51	69.19	10	13	90	988
316.33	116.87	11	25	199	988
7.37	68.84	10	14	91	989
317.79	119.05	10	26	202	989
9.42	68.51	8	14	89	990
319.10	121.12	9	26	201	990
11.13	67.79	7	15	99	991
320.48	123.44	8	25	190	991
13.16	67.63	7	16	97	992
321.47	125.83	8	25	191	992
14.74	66.97	6	17	110	993
322.27	128.39	7	26	184	993
16.72	66.52	7	18	115	994
322.97	130.83	7	25	187	994
18.37	65.91	8	19	131	995
323.53	133.16	6	25	173	995
20.14	65.67	9	19	134	996
324.44	135.72	6	24	173	996
21.78	65.11	10	20	139	997
324.66	137.86	6	23	166	997
23.59	64.54	11	20	144	998
325.48	139.93	6	23	175	998
25.39	64.00	12	21	153	999
326.13	141.89	7	23	177	999
27.16	63.41	13	22	161	1000
326.68	144.18	7	23	170	1000
28.96	62.97	13	21	157	1001
327.23	146.73	8	23	174	1001
30.97	61.94	15	21	164	1002
327.98	148.57	9	23	172	1002
32.83	61.13	16	22	166	1003
328.62	150.82	9	23	171	1003
34.49	60.54	16	21	172	1004
329.16	152.99	10	23	171	1004
36.38	59.62	17	21	169	1005
329.94	154.63	10	23	167	1005
38.16	58.87	17	21	179	1006
330.49	156.65	11	23	183	1006
40.34	57.56	18	21	177	1007
331.22	158.49	10	23	177	1007
42.40	56.46	19	22	180	1008
331.82	160.50	11	23	184	1008
44.29	55.52	19	21	182	1009
332.67	162.00	11	24	182	1009
46.33	54.43	19	22	180	1010
333.44	163.64	12	24	183	1010
48.52	53.08	18	21	174	1011
334.09	165.46	12	24	186	1011
50.73	51.88	19	22	173	1012
334.89	167.03	11	24	181	1012
52.99	50.42	19	22	179	1013
335.68	168.47	11	24	181	1013
55.18	49.03	19	21	177	1014
336.35	170.26	11	25	184	1014
57.59	47.44	18	22	178	1015
337.04	171.47	11	24	185	1015
60.16	45.66	19	22	183	1016
337.72	172.83	11	25	187	1016
62.58	44.14	18	23	172	1017
338.39	173.86	10	25	189	1017
65.12	42.34	17	22	173	1018
339.15	174.85	10	25	181	1018
67.43	40.88	18	23	179	1019
339.84	175.78	9	25	187	1019
70.23	38.78	17	23	176	1020
340.53	176.89	10	26	192	1020
72.59	37.24	18	23	175	1021
341.16	177.82	9	27	206	1021
75.33	35.13	16	23	175	1022
341.87	178.88	9	27	209	1022
78.17	33.01	17	23	172	1023
342.59	179.73	9	27	216	1023
80.72	30.95	16	23	178	1024
343.31	180.83	8	27	212	1024
83.32	29.23	16	23	180	1025
344.05	181.69	8	27	216	1025
86.19	27.00	17	23	176	1026
344.86	182.67	7	27	215	1026
89.05	24.92	16	23	174	1027
345.72	183.40	7	27	221	1027
92.08	22.50	15	23	175	1028
346.45	184.89	7	27	207	1028
94.76	20.95	16	23	171	1029
347.33	185.67	7	27	216	1029
97.68	18.73	16	24	176	1030
348.14	186.51	7	27	224	1030
100.75	16.31	15	24	175	1031
348.97	187.87	7	27	222	1031
103.79	14.01	15	24	178	1032
349.62	188.79	7	27	205	1032
106.56	12.00	14	24	171	1033
350.50	189.84	6	27	208	1033
108.93	10.85	14	22	163	1034
351.51	191.01	6	28	207	1034
111.63	9.63	12	20	139	1035
352.53	191.93	6	28	206	1035
114.08	8.53	10	17	119	1036
353.51	193.18	6	28	207	1036
116.70	7.47	9	15	102	1037
354.52	194.42	6	28	206	1037
119.33	6.67	8	13	84	1038
355.64	195.46	7	28	197	1038
122.08	5.22	7	11	66	1039
357.20	196.66	7	26	186	1039
358.48	197.42	6	26	199	1040
359.52	198.42	6	26	199	1041
360.96	199.37	7	26	185	1042
362.49	200.17	6	26	195	1043
363.55	201.06	6	25	187	1044
365.36	201.51	6	25	181	1045
366.51	202.83	6	25	186	1046
367.80	204.01	7	25	176	1047
369.50	204.75	6	24	177	1048
370.54	205.99	6	23	173	1049
372.42	206.47	6	23	163	1050
373.67	207.61	7	22	159	1051
375.47	208.52	6	21	152	1052
376.87	209.30	6	20	127	1053
378.54	210.17	6	19	137	1054
380.27	211.03	6	18	122	1055
381.85	212.16	6	17	111	1056
383.59	213.36	6	16	111	1057
385.51	213.98	6	15	107	1058
387.48	215.28	6	14	95	1059
389.49	216.61	6	14	86	1060
391.51	217.73	6	13	79	1061
393.61	219.17	7	12	75	1062
395.79	220.71	7	11	73	1063
398.08	221.86	7	11	66	1064
400.27	223.23	6	10	56	1065
402.42	225.22	6	9	51	1066
2.81	294.35	6	15	73	1069
3.53	290.51	8	18	107	1070
4.30	286.02	9	23	143	1071
5.27	281.98	11	24	167	1072
6.48	278.67	13	24	186	1073
7.87	275.65	15	25	201	1074
9.78	273.36	14	24	198	1075
11.61	271.02	14	25	199	1076
423.55	240.64	8	8	56	1076
13.27	268.54	13	25	198	1077
425.76	242.31	9	8	63	1077
14.98	266.24	13	24	200	1078
427.84	244.05	9	10	71	1078
16.55	264.04	13	25	202	1079
430.24	245.57	10	11	81	1079
18.05	261.30	12	24	198	1080
432.50	247.21	10	12	84	1080
19.70	259.13	11	24	191	1081
434.68	249.28	10	12	89	1081
21.19	256.62	11	23	190	1082
437.18	250.80	10	13	97	1082
22.73	254.20	10	24	186	1083
439.49	252.48	11	14	104	1083
24.10	251.64	9	23	190	1084
441.93	254.09	11	14	106	1084
25.58	249.55	9	24	189	1085
444.57	255.45	12	14	108	1085
26.84	247.39	8	24	189	1086
447.05	257.18	12	14	108	1086
28.08	244.73	8	23	193	1087
449.41	258.75	12	15	112	1087
29.25	241.98	8	23	190	1088
452.05	260.26	13	15	113	1088
30.41	239.24	8	22	181	1089
454.78	261.67	13	15	115	1089
31.57	236.77	10	21	178	1090
457.32	263.23	14	16	125	1090
32.72	234.41	11	20	166	1091
459.73	265.21	15	16	127	1091
33.84	231.81	11	19	161	1092
462.38	266.81	14	17	130	1092
34.87	230.04	12	19	152	1093
464.93	268.39	15	16	130	1093
35.95	228.03	13	17	143	1094
467.72	269.75	15	17	136	1094
36.98	226.19	13	17	141	1095
470.25	271.22	16	18	144	1095
37.94	224.51	13	16	140	1096
473.13	272.36	17	18	144	1096
39.12	222.51	14	16	144	1097
475.78	273.59	17	18	140	1097
40.06	220.82	15	17	148	1098
478.32	274.85	18	17	143	1098
41.18	218.82	15	17	150	1099
481.19	275.81	18	17	138	1099
42.06	216.88	15	17	155	1100
484.37	276.66	18	17	139	1100
43.22	214.87	15	17	151	1101
487.50	277.43	19	16	133	1101
44.35	212.89	15	17	148	1102
490.05	278.44	19	16	140	1102
45.52	210.84	14	17	149	1103
493.12	279.20	20	17	147	1103
46.62	208.88	14	17	153	1104
496.44	279.88	20	17	146	1104
48.12	206.82	13	17	146	1105
499.53	280.61	20	16	143	1105
49.37	205.07	12	18	144	1106
502.67	281.53	20	16	141	1106
50.45	203.41	12	18	147	1107
506.12	282.33	21	16	145	1107
51.86	201.68	11	17	145	1108
509.53	283.40	20	16	148	1108
53.13	200.08	10	18	138	1109
512.78	284.64	21	15	138	1109
54.52	198.68	9	17	130	1110
516.25	285.79	20	15	139	1110
55.78	197.16	8	17	127	1111
520.24	286.80	20	15	139	1111
57.06	195.54	7	16	121	1112
523.48	288.38	20	14	135	1112
58.52	194.20	7	16	113	1113
527.27	289.55	20	15	137	1113
59.86	192.75	8	15	109	1114
530.97	290.90	19	15	134	1114
61.30	191.21	9	15	109	1115
534.74	292.28	19	14	128	1115
62.63	189.67	10	15	113	1116
538.45	293.60	18	14	126	1116
63.94	188.11	11	15	115	1117
541.99	295.17	18	14	127	1117
65.28	186.61	12	16	120	1118
545.67	296.62	18	14	123	1118
66.68	184.99	14	15	123	1119
549.31	298.11	18	15	124	1119
68.11	183.49	15	16	132	1120
553.15	299.44	17	14	121	1120
69.50	181.90	16	15	135	1121
556.93	300.90	17	15	123	1121
71.28	180.52	17	16	143	1122
560.46	302.26	16	15	121	1122
72.91	179.10	19	15	149	1123
564.09	303.74	15	15	116	1123
74.28	177.40	20	14	154	1124
567.60	305.46	14	16	119	1124
76.40	176.26	21	14	156	1125
571.25	307.01	14	15	115	1125
78.15	174.87	21	13	155	1126
574.86	308.55	13	16	112	1126
79.85	173.36	21	14	158	1127
578.16	310.60	13	16	113	1127
81.81	172.07	21	13	153	1128
581.52	312.69	12	16	109	1128
83.58	170.84	20	13	155	1129
584.76	314.92	12	17	111	1129
85.51	169.49	20	14	150	1130
587.94	317.09	11	17	114	1130
87.09	168.40	19	14	148	1131
590.75	319.68	11	18	118	1131
88.55	167.36	18	14	144	1132
593.60	321.79	11	17	114	1132
90.07	166.41	19	14	139	1133
596.34	323.91	10	17	116	1133
91.78	165.97	17	15	137	1134
599.08	325.99	10	17	113	1134
93.12	165.27	17	15	136	1135
601.46	328.26	10	17	114	1135
94.24	164.62	17	15	139	1136
604.06	330.01	9	17	110	1136
95.43	163.86	16	15	141	1137
606.44	332.00	8	17	109	1137
97.05	163.61	17	16	142	1138
608.89	334.07	8	18	110	1138
98.59	163.23	16	16	141	1139
611.43	335.45	8	18	116	1139
99.69	162.59	16	17	140	1140
613.77	337.37	8	18	119	1140
101.04	162.22	15	16	134	1141
616.01	339.19	7	20	127	1141
102.51	162.00	14	17	136	1142
618.45	341.01	6	21	131	1142
103.53	161.46	14	18	135	1143
620.86	343.03	7	21	141	1143
104.76	161.17	12	18	133	1144
623.17	344.32	6	22	146	1144
105.64	160.73	10	19	134	1145
625.95	346.32	5	24	141	1145
106.49	160.23	10	20	143	1146
627.97	348.30	5	24	150	1146
107.32	160.11	9	20	149	1147
630.50	349.98	6	24	156	1147
107.93	159.76	7	21	150	1148
632.97	352.30	5	24	150	1148
108.53	159.47	7	22	156	1149
635.26	354.02	6	24	153	1149
109.08	159.03	7	22	160	1150
637.63	356.01	6	24	152	1150
109.37	158.52	8	23	164	1151
639.94	358.17	6	24	147	1151
109.72	157.70	9	23	167	1152
642.26	359.85	6	25	155	1152
109.68	157.26	10	24	175	1153
644.46	361.52	6	25	160	1153
110.05	156.41	11	24	180	1154
646.60	363.45	7	26	163	1154
110.16	155.74	12	24	185	1155
648.75	364.92	8	26	172	1155
110.36	155.40	12	24	184	1156
650.77	366.74	8	26	171	1156
110.83	154.36	13	25	192	1157
652.90	368.57	9	26	176	1157
111.09	154.09	13	24	187	1158
654.84	370.36	10	26	181	1158
111.55	153.26	14	25	194	1159
656.87	372.36	11	26	181	1159
112.00	152.89	15	25	193	1160
658.94	374.38	13	26	184	1160
112.67	152.04	16	25	198	1161
660.96	376.13	13	26	179	1161
113.27	151.59	16	24	196	1162
662.99	377.90	14	25	179	1162
113.95	151.00	15	25	193	1163
665.15	379.76	15	25	183	1163
114.78	150.35	17	24	195	1164
667.33	381.57	15	25	180	1164
115.62	149.62	16	24	191	1165
669.47	383.42	15	24	175	1165
116.59	148.65	16	24	197	1166
671.51	385.12	16	25	181	1166
117.63	147.81	16	24	195	1167
673.63	387.03	15	25	176	1167
118.68	146.84	15	25	202	1168
675.68	388.78	14	25	181	1168
119.68	145.66	15	26	198	1169
677.66	390.88	14	25	179	1169
120.85	144.43	15	26	204	1170
679.59	392.59	14	26	181	1170
121.88	143.08	13	26	203	1171
681.46	394.54	13	26	178	1171
122.96	141.89	13	27	207	1172
683.35	396.63	13	27	180	1172
123.84	140.88	12	27	199	1173
685.13	398.55	13	26	176	1173
124.93	139.10	11	28	212	1174
686.84	400.43	12	26	173	1174
125.73	137.95	10	27	203	1175
688.69	402.76	12	27	174	1175
126.71	136.09	9	28	203	1176
690.35	404.56	11	27	172	1176
127.43	135.10	8	28	200	1177
692.04	406.51	11	27	173	1177
128.25	133.29	8	28	204	1178
693.74	408.55	11	27	176	1178
129.01	132.16	8	28	200	1179
695.31	410.44	11	27	180	1179
129.75	130.35	7	28	201	1180
696.98	412.45	11	28	182	1180
130.45	129.12	7	28	198	1181
698.44	413.92	10	28	177	1181
131.23	127.12	7	28	200	1182
700.12	416.21	9	28	183	1182
131.67	125.94	6	27	191	1183
701.62	417.85	8	28	177	1183
132.51	124.59	6	28	194	1184
703.24	420.26	8	28	180	1184
132.85	122.59	6	27	179	1185
704.83	422.00	7	28	180	1185
133.51	121.52	6	26	185	1186
706.41	423.57	7	28	186	1186
133.74	119.83	6	26	173	1187
707.87	425.07	6	28	188	1187
134.39	119.27	7	24	168	1188
709.01	427.40	5	28	177	1188
134.56	117.63	7	23	163	1189
710.84	428.78	6	28	171	1189
135.16	116.56	7	22	153	1190
712.19	430.61	6	28	166	1190
135.42	115.49	7	20	136	1191
713.44	432.33	7	28	163	1191
135.79	114.09	7	19	125	1192
714.68	434.36	8	28	169	1192
136.23	113.43	7	18	117	1193
715.90	435.93	8	27	160	1193
136.46	112.32	7	16	102	1194
716.98	438.07	8	27	159	1194
136.81	110.91	6	15	90	1195
718.23	439.03	8	27	154	1195
137.16	109.97	7	14	90	1196
719.34	440.66	8	27	160	1196
137.56	108.91	6	13	81	1197
720.44	441.94	9	26	158	1197
137.69	107.33	6	13	74	1198
721.52	443.40	8	26	155	1198
138.07	106.23	7	13	78	1199
722.61	444.80	9	26	153	1199
138.36	105.20	7	13	75	1200
723.79	446.40	8	26	158	1200
138.70	104.08	6	12	67	1201
724.93	447.55	8	26	154	1201
138.96	103.11	7	11	69	1202
726.16	448.73	8	26	154	1202
139.19	102.02	7	11	67	1203
727.26	449.54	8	26	153	1203
139.96	101.51	7	10	60	1204
728.39	450.68	8	26	152	1204
140.27	100.55	7	10	56	1205
729.52	451.73	8	26	147	1205
140.80	99.82	8	10	58	1206
730.62	452.51	9	26	147	1206
141.26	98.98	7	9	54	1207
731.81	453.33	9	26	145	1207
141.95	98.22	7	9	52	1208
733.00	454.05	9	25	143	1208
142.69	97.43	8	8	54	1209
734.25	454.88	10	25	148	1209
143.41	96.51	8	8	52	1210
735.43	455.36	10	26	148	1210
143.77	95.42	8	8	55	1211
736.66	455.90	11	25	151	1211
144.53	94.53	9	8	58	1212
737.92	456.36	11	26	156	1212
145.33	93.84	9	9	62	1213
739.12	457.04	11	26	151	1213
146.30	93.04	10	9	69	1214
740.50	457.36	10	26	149	1214
147.46	92.32	10	9	72	1215
741.78	457.85	11	27	157	1215
148.62	91.65	10	10	76	1216
743.03	458.67	11	27	160	1216
149.53	90.66	12	10	87	1217
744.47	458.89	12	27	161	1217
150.76	90.00	12	11	91	1218
745.78	459.60	11	28	161	1218
152.48	89.36	12	10	94	1219
747.23	459.86	12	28	168	1219
154.16	88.57	13	10	97	1220
748.77	459.99	11	28	166	1220
155.98	87.91	15	11	113	1221
750.16	460.57	12	27	166	1221
157.87	87.12	15	11	117	1222
751.66	460.76	12	27	166	1222
160.41	86.66	17	11	125	1223
753.08	460.83	11	27	166	1223
162.64	86.09	18	11	135	1224
754.52	461.05	12	27	166	1224
165.21	85.76	19	11	137	1225
755.97	461.02	11	27	166	1225
167.99	85.47	19	12	147	1226
757.35	461.13	10	26	158	1226
170.79	85.10	19	11	146	1227
758.83	460.88	11	26	157	1227
173.35	84.53	19	11	139	1228
760.30	460.66	10	25	153	1228
176.41	84.14	18	11	143	1229
761.74	460.65	9	25	147	1229
179.17	83.48	19	10	138	1230
763.26	460.24	9	24	149	1230
182.21	83.11	17	11	132	1231
764.70	460.09	8	23	141	1231
185.02	82.62	17	10	122	1232
766.23	459.69	8	23	136	1232
187.74	82.18	16	11	114	1233
767.87	459.09	7	22	134	1233
190.55	81.84	14	11	107	1234
769.43	458.44	6	22	130	1234
193.16	81.55	13	11	97	1235
771.12	457.69	6	21	132	1235
195.75	81.27	12	11	91	1236
772.91	456.92	5	22	129	1236
198.13	80.97	11	11	86	1237
774.24	456.20	6	21	128	1237
200.75	80.91	11	12	83	1238
775.94	455.52	6	21	128	1238
203.15	80.69	11	12	83	1239
777.60	454.99	6	20	118	1239
205.52	80.34	10	12	83	1240
779.27	454.56	7	19	117	1240
207.77	80.18	10	11	78	1241
781.02	454.13	9	19	120	1241
210.05	80.05	9	11	77	1242
782.83	453.76	10	18	112	1242
212.07	79.80	9	11	77	1243
784.57	453.27	10	17	106	1243
214.39	80.00	8	11	71	1244
786.37	452.80	12	15	103	1244
216.67	80.09	8	11	69	1245
788.10	452.40	13	14	95	1245
218.65	80.44	8	10	66	1246
790.03	452.09	13	15	96	1246
220.86	80.59	9	10	65	1247
791.91	451.95	15	13	105	1247
223.18	80.95	9	11	71	1248
793.77	451.56	16	12	99	1248
225.13	81.44	9	10	69	1249
795.80	451.33	17	12	102	1249
227.39	81.58	10	10	73	1250
797.84	451.10	17	11	103	1250
229.38	82.03	11	11	81	1251
799.99	450.83	19	10	105	1251
231.37	82.31	12	11	87	1252
802.52	450.80	20	9	113	1252
233.41	82.81	12	12	94	1253
804.60	450.45	20	8	113	1253
235.61	83.43	12	13	99	1254
807.11	450.19	21	7	116	1254
237.69	83.92	13	13	97	1255
809.65	449.97	22	5	117	1255
239.73	84.55	14	14	110	1256
812.27	449.52	22	5	108	1256
241.78	85.08	14	13	106	1257
814.86	449.36	23	6	121	1257
243.75	85.88	14	14	104	1258
817.34	449.26	22	8	119	1258
6.12	726.54	13	12	147	1259
245.90	86.70	14	14	111	1259
820.29	449.08	23	9	118	1259
7.24	726.72	16	14	184	1260
247.90	87.48	13	14	111	1260
823.22	448.97	24	11	124	1260
8.36	727.14	18	16	220	1261
249.79	88.30	13	15	111	1261
826.13	448.89	23	11	120	1261
9.51	727.39	20	19	256	1262
251.62	89.00	12	15	111	1262
829.04	448.82	23	13	127	1262
11.08	727.56	23	20	296	1263
253.66	89.95	12	15	111	1263
832.09	448.60	21	14	122	1263
13.20	727.30	24	19	292	1264
255.64	91.06	12	16	116	1264
834.95	448.64	21	14	124	1264
15.68	726.88	23	20	292	1265
257.71	91.96	12	17	123	1265
838.04	448.52	21	16	126	1265
18.47	726.21	23	21	292	1266
259.83	93.05	12	17	119	1266
841.06	448.45	21	16	127	1266
20.88	725.42	23	21	292	1267
261.78	93.92	12	17	125	1267
844.20	448.34	20	16	130	1267
23.20	724.87	22	22	288	1268
264.14	94.97	12	17	120	1268
847.26	448.28	20	16	127	1268
25.80	723.91	22	25	299	1269
266.34	95.92	12	17	123	1269
850.46	448.02	20	17	139	1269
28.14	722.87	19	26	293	1270
268.57	96.83	12	17	124	1270
853.35	448.01	20	18	136	1270
30.31	721.83	18	27	302	1271
270.75	97.46	10	17	109	1271
856.41	447.70	20	20	144	1271
32.38	720.71	16	28	303	1272
272.92	98.34	10	17	115	1272
859.49	447.33	18	21	149	1272
34.20	719.45	15	28	303	1273
275.06	99.05	9	17	112	1273
862.62	446.79	18	22	158	1273
35.92	718.25	13	29	310	1274
277.37	100.20	8	17	109	1274
865.73	446.03	18	23	164	1274
37.60	716.94	12	28	296	1275
279.25	101.19	7	16	111	1275
868.76	445.17	16	23	166	1275
39.11	715.63	11	29	294	1276
281.35	102.36	6	16	105	1276
871.53	444.64	16	24	171	1276
40.37	714.34	10	29	294	1277
283.32	103.19	6	16	99	1277
874.55	443.59	14	24	171	1277
41.53	713.09	8	30	288	1278
285.16	104.03	7	15	97	1278
877.32	442.87	14	25	188	1278
42.52	711.64	8	29	282	1279
287.07	104.99	9	15	100	1279
880.22	441.69	13	26	187	1279
43.34	710.57	10	29	291	1280
288.88	105.77	9	15	105	1280
882.97	440.87	13	27	196	1280
44.20	709.56	10	29	294	1281
290.87	106.79	11	15	101	1281
885.67	440.15	12	27	195	1281
44.91	708.34	11	29	284	1282
292.58	107.80	11	15	107	1282
888.53	439.10	12	27	202	1282
45.54	707.67	11	29	284	1283
294.37	108.89	12	15	108	1283
891.31	438.03	11	27	206	1283
46.18	706.57	11	29	277	1284
296.38	109.64	12	15	109	1284
894.13	436.94	11	27	205	1284
46.79	705.43	12	29	279	1285
298.06	110.94	13	15	114	1285
896.88	435.75	10	27	204	1285
47.37	704.67	12	29	279	1286
300.09	111.86	13	15	110	1286
899.59	435.03	10	27	202	1286
47.94	703.55	12	29	275	1287
301.81	113.04	13	15	110	1287
902.36	433.96	9	27	211	1287
48.59	702.65	12	29	272	1288
303.63	113.93	13	15	114	1288
905.30	432.88	9	27	212	1288
49.43	702.04	15	29	293	1289
305.31	115.00	12	15	110	1289
908.10	431.75	9	28	216	1289
49.88	700.99	13	29	271	1290
307.14	115.82	12	15	110	1290
910.98	430.34	9	28	225	1290
50.45	700.05	12	30	275	1291
308.85	116.58	11	16	109	1291
913.86	429.58	9	28	219	1291
51.15	699.42	12	29	270	1292
310.69	117.00	11	16	109	1292
916.72	428.55	8	28	225	1292
51.72	698.63	12	29	272	1293
312.58	117.53	11	16	112	1293
919.61	427.50	8	28	224	1293
52.24	697.93	12	30	286	1294
314.08	118.20	11	16	112	1294
922.51	426.33	8	28	220	1294
52.88	697.28	13	30	295	1295
316.05	118.15	10	16	112	1295
925.42	425.28	9	28	221	1295
53.61	696.39	12	30	272	1296
317.78	118.65	9	17	113	1296
928.23	424.32	9	28	221	1296
54.27	695.79	12	29	272	1297
319.68	118.82	9	17	117	1297
931.19	422.89	9	28	218	1297
54.86	695.04	13	30	279	1298
321.53	119.17	9	18	121	1298
933.98	421.75	9	28	210	1298
55.45	694.46	12	30	272	1299
323.46	119.45	8	18	122	1299
936.74	420.60	10	28	208	1299
56.14	694.00	13	30	276	1300
325.65	119.73	7	19	125	1300
939.84	419.10	11	27	216	1300
56.74	693.29	13	30	274	1301
327.91	120.27	7	20	128	1301
942.77	417.59	11	27	212	1301
57.33	692.86	13	30	273	1302
330.14	120.75	7	21	135	1302
945.55	416.47	12	26	213	1302
58.01	692.43	13	31	269	1303
332.35	121.29	6	20	135	1303
948.46	414.87	12	28	217	1303
58.51	691.78	14	30	265	1304
334.70	122.19	6	21	140	1304
951.19	413.53	12	26	215	1304
59.22	691.26	13	30	253	1305
337.47	122.79	6	21	145	1305
953.90	412.48	13	26	214	1305
59.76	690.91	14	30	267	1306
339.93	123.75	6	19	127	1306
956.70	410.92	12	27	217	1306
60.40	690.55	14	29	260	1307
342.60	124.75	6	19	133	1307
959.41	409.43	12	26	215	1307
60.92	689.97	15	30	265	1308
345.39	126.06	7	19	126	1308
962.01	408.30	13	26	216	1308
61.63	689.74	14	29	257	1309
348.05	127.13	7	18	122	1309
964.71	406.59	12	26	214	1309
62.21	689.34	15	29	258	1310
350.62	128.19	8	17	114	1310
967.32	405.14	12	26	215	1310
62.87	688.77	15	29	260	1311
353.20	129.29	7	16	110	1311
969.72	403.96	12	26	219	1311
63.49	688.22	16	29	257	1312
355.73	130.19	7	15	100	1312
972.29	402.41	12	26	216	1312
64.22	687.81	16	29	259	1313
358.21	131.13	7	15	101	1313
974.68	401.12	12	26	215	1313
64.90	687.14	16	28	256	1314
360.42	131.88	7	15	98	1314
977.07	399.63	11	26	216	1314
65.83	686.93	16	28	250	1315
362.67	132.26	6	14	94	1315
979.40	398.48	11	26	216	1315
66.62	686.49	16	28	254	1316
364.87	132.89	6	15	92	1316
981.65	397.27	10	26	215	1316
67.38	685.75	16	27	248	1317
366.96	133.46	6	14	85	1317
983.98	395.60	11	26	224	1317
68.26	685.38	16	28	242	1318
369.26	133.59	6	14	87	1318
986.28	394.30	10	26	225	1318
69.03	684.85	15	27	242	1319
371.20	134.27	6	14	83	1319
988.43	393.38	10	26	226	1319
70.00	684.70	15	27	238	1320
372.98	134.67	7	13	83	1320
990.63	392.08	9	27	225	1320
70.87	684.22	15	27	236	1321
374.57	135.16	6	13	86	1321
992.66	390.99	8	26	222	1321
71.70	683.67	14	27	230	1322
376.37	135.51	6	14	85	1322
994.85	389.64	8	26	227	1322
72.41	683.07	14	27	240	1323
378.12	135.91	6	13	84	1323
997.00	388.58	8	26	230	1323
73.16	682.65	13	27	240	1324
379.65	136.62	6	13	86	1324
999.01	387.42	8	26	231	1324
73.88	682.36	13	28	241	1325
381.30	136.85	6	13	84	1325
679.88	5.07	6	10	56	1325
1001.03	386.51	8	26	234	1325
74.58	681.88	12	28	244	1326
382.67	137.35	6	14	89	1326
680.92	5.40	6	11	63	1326
1003.06	385.53	9	26	236	1326
75.13	681.36	11	28	246	1327
384.40	137.49	6	14	93	1327
681.76	5.73	6	11	67	1327
1005.07	384.68	9	26	234	1327
75.93	681.25	11	28	249	1328
385.79	137.70	6	15	95	1328
682.70	6.13	6	12	71	1328
1006.99	383.80	9	26	233	1328
76.50	681.05	10	28	245	1329
387.36	138.00	6	15	97	1329
683.69	6.49	6	13	76	1329
1008.98	382.99	9	26	233	1329
76.97	680.55	9	28	243	1330
388.76	138.71	6	15	94	1330
684.55	6.84	7	13	81	1330
1011.00	382.32	10	27	244	1330
77.53	680.32	8	28	240	1331
390.26	138.84	6	16	105	1331
685.56	7.31	6	14	82	1331
1012.96	381.39	9	26	244	1331
78.07	679.81	9	29	247	1332
391.66	139.56	7	16	108	1332
686.47	7.52	6	15	82	1332
1014.84	380.65	9	26	244	1332
78.49	679.23	8	28	250	1333
393.27	139.93	6	16	105	1333
687.34	8.01	6	15	86	1333
1016.79	380.16	9	27	249	1333
79.02	678.88	7	29	245	1334
394.69	140.49	7	16	110	1334
688.43	8.90	6	15	89	1334
1018.72	379.53	9	27	249	1334
79.62	678.54	8	28	248	1335
396.15	141.26	7	16	106	1335
689.23	9.20	6	16	85	1335
1020.18	378.26	7	27	223	1335
80.03	678.03	7	29	241	1336
397.73	141.60	7	16	109	1336
690.14	9.86	5	15	81	1336
1021.17	377.35	5	27	160	1336
80.55	677.16	8	28	249	1337
399.02	142.39	7	16	108	1337
691.06	10.71	5	16	83	1337
1022.01	377.34	3	26	96	1337
81.02	676.80	7	27	243	1338
400.67	142.81	7	17	106	1338
691.97	11.67	5	16	83	1338
81.69	676.22	8	28	238	1339
402.05	143.45	7	16	108	1339
692.90	12.49	5	14	77	1339
82.08	675.74	7	27	234	1340
403.51	144.06	7	17	110	1340
693.86	13.14	5	15	81	1340
82.94	674.86	7	27	234	1341
405.07	144.45	7	16	112	1341
694.86	13.53	5	14	74	1341
83.13	674.47	7	26	222	1342
406.47	145.14	6	17	111	1342
695.63	14.40	5	14	74	1342
83.99	673.36	8	27	232	1343
408.12	145.84	7	17	112	1343
696.44	14.98	4	14	67	1343
84.86	673.09	7	27	224	1344
409.54	146.34	6	16	112	1344
697.36	15.64	6	14	74	1344
85.37	672.03	8	27	219	1345
411.21	146.66	7	17	114	1345
698.11	16.19	5	14	73	1345
86.14	671.00	7	26	218	1346
412.58	147.69	6	17	116	1346
699.09	16.79	5	14	74	1346
86.99	670.40	7	27	222	1347
414.33	147.81	6	17	116	1347
699.95	17.35	5	13	70	1347
87.89	670.14	7	27	213	1348
415.58	148.65	6	17	120	1348
700.86	18.05	5	13	72	1348
88.82	669.02	8	27	218	1349
417.47	149.09	6	17	119	1349
701.80	18.85	5	13	70	1349
89.74	668.50	7	26	208	1350
418.62	149.71	6	17	120	1350
702.66	18.93	6	13	72	1350
90.47	666.99	8	26	206	1351
420.44	150.15	7	17	123	1351
703.53	19.27	6	14	78	1351
91.31	665.73	7	26	206	1352
421.54	150.84	6	17	120	1352
704.43	19.79	6	14	74	1352
92.22	665.12	7	26	208	1353
422.98	151.26	7	16	114	1353
705.35	20.49	6	14	71	1353
93.21	664.01	7	26	207	1354
424.45	152.02	6	17	118	1354
706.32	20.67	6	14	73	1354
94.17	662.87	7	25	205	1355
425.50	152.50	6	16	115	1355
707.02	21.34	7	14	76	1355
95.13	661.84	7	25	202	1356
426.69	153.39	7	16	115	1356
707.95	21.88	7	13	77	1356
96.28	660.99	7	26	201	1357
427.94	153.74	7	17	113	1357
708.92	22.48	7	14	78	1357
97.60	660.41	7	25	189	1358
428.87	154.48	7	16	108	1358
709.89	23.11	7	13	73	1358
98.70	659.38	8	25	201	1359
429.96	154.94	7	16	108	1359
710.77	23.27	7	14	77	1359
99.89	658.29	8	25	195	1360
430.77	155.71	7	16	106	1360
711.68	23.89	7	13	73	1360
101.14	657.16	8	26	199	1361
431.49	155.95	7	15	104	1361
712.78	24.47	7	14	76	1361
102.47	656.11	8	25	207	1362
432.21	156.90	7	15	99	1362
713.53	24.76	8	13	82	1362
103.88	655.23	9	26	200	1363
432.96	157.28	7	14	97	1363
714.65	25.12	8	14	85	1363
105.23	654.36	9	26	210	1364
433.66	157.99	8	15	94	1364
715.62	25.82	8	14	85	1364
106.62	653.06	8	26	203	1365
434.15	158.68	8	14	94	1365
716.58	26.04	8	15	87	1365
108.12	652.26	9	26	211	1366
434.68	159.39	9	14	98	1366
717.56	26.29	8	15	87	1366
109.50	651.31	8	26	205	1367
435.26	160.03	8	13	89	1367
718.71	26.94	8	15	86	1367
110.96	650.27	9	26	212	1368
435.82	160.53	9	14	94	1368
719.69	27.07	8	15	90	1368
112.37	649.23	9	26	206	1369
436.43	161.21	10	13	89	1369
720.74	27.53	8	16	90	1369
113.63	648.01	8	26	204	1370
437.07	161.77	10	13	90	1370
721.86	27.62	8	15	93	1370
114.95	646.99	9	27	204	1371
437.42	162.21	10	14	93	1371
723.19	28.44	9	16	94	1371
116.10	646.01	8	27	210	1372
437.97	162.80	11	13	90	1372
724.34	28.73	8	16	94	1372
117.18	644.82	8	27	212	1373
438.41	163.47	12	12	89	1373
725.42	28.97	9	17	102	1373
118.09	643.55	7	27	205	1374
438.90	163.78	11	13	87	1374
726.57	29.31	8	17	100	1374
119.12	642.44	7	27	209	1375
439.44	164.25	12	12	92	1375
727.75	29.69	9	17	105	1375
120.02	641.25	7	26	206	1376
439.67	165.06	11	11	81	1376
728.95	30.32	9	18	104	1376
120.77	640.58	7	26	212	1377
440.40	165.35	12	11	81	1377
730.22	31.00	9	17	106	1377
121.50	638.92	6	27	204	1378
440.82	165.89	11	11	80	1378
731.35	31.09	9	18	111	1378
122.47	637.84	6	27	201	1379
441.27	166.59	12	10	76	1379
732.62	31.67	10	18	109	1379
123.00	636.68	7	27	211	1380
441.64	167.13	12	9	70	1380
734.00	32.73	9	18	109	1380
123.84	635.57	7	27	207	1381
442.42	167.64	12	9	68	1381
735.13	33.11	9	18	108	1381
124.33	634.50	8	28	212	1382
442.96	168.20	11	8	62	1382
736.26	33.35	9	18	110	1382
125.02	633.24	9	28	217	1383
443.49	168.76	12	8	63	1383
737.36	34.00	9	18	109	1383
125.76	631.99	9	27	210	1384
443.70	169.43	11	8	60	1384
738.63	34.91	10	17	114	1384
126.34	630.60	10	28	219	1385
444.15	169.87	11	7	59	1385
739.93	35.82	9	18	106	1385
127.03	629.03	10	28	214	1386
444.55	170.27	10	7	56	1386
740.96	35.89	9	17	107	1386
127.64	628.03	11	28	216	1387
742.23	36.77	9	17	104	1387
128.28	626.63	12	28	215	1388
743.42	37.34	9	16	98	1388
128.91	625.11	11	28	216	1389
744.61	38.13	10	17	98	1389
129.61	623.72	12	27	211	1390
746.00	38.73	9	16	97	1390
130.31	622.04	13	27	214	1391
747.07	38.89	9	16	98	1391
131.02	620.31	13	28	218	1392
748.49	39.78	8	16	95	1392
131.68	618.86	13	27	218	1393
749.64	39.97	8	15	92	1393
132.36	617.08	14	27	212	1394
750.93	40.72	8	16	93	1394
133.12	615.31	13	28	212	1395
752.14	41.35	7	16	92	1395
133.74	613.72	14	27	213	1396
753.34	41.80	7	15	90	1396
134.54	611.97	14	27	215	1397
754.63	42.75	6	15	86	1397
135.17	610.30	14	28	221	1398
755.65	43.15	6	15	83	1398
136.16	608.18	14	28	216	1399
757.09	44.13	7	15	87	1399
136.98	606.49	14	28	217	1400
449.82	175.59	8	7	50	1400
758.35	44.98	6	15	86	1400
137.74	604.64	15	28	222	1401
450.23	175.84	9	7	56	1401
759.74	45.71	6	14	80	1401
138.69	602.60	14	28	215	1402
450.57	176.20	10	8	59	1402
761.00	46.50	5	14	78	1402
139.65	600.54	14	28	216	1403
450.96	176.77	11	8	67	1403
762.06	47.34	5	14	81	1403
140.53	598.55	14	28	216	1404
451.44	177.16	11	8	71	1404
763.33	47.89	5	13	71	1404
141.62	596.20	13	28	221	1405
452.12	177.57	11	9	76	1405
764.74	48.54	5	14	73	1405
142.58	594.07	13	28	219	1406
452.66	178.05	12	9	83	1406
765.91	49.19	5	13	72	1406
143.58	592.14	12	28	211	1407
452.99	178.67	13	10	88	1407
767.13	49.75	5	12	66	1407
144.55	589.90	12	28	210	1408
453.57	179.20	12	10	89	1408
768.53	49.96	6	13	69	1408
145.43	587.85	12	28	214	1409
454.26	179.84	13	11	99	1409
769.98	50.39	5	12	64	1409
146.28	585.83	11	29	220	1410
454.87	180.53	13	12	102	1410
771.21	50.47	5	12	60	1410
147.16	583.81	10	29	218	1411
455.43	181.50	13	13	109	1411
772.70	50.36	6	12	64	1411
147.92	581.90	11	29	222	1412
456.11	182.36	13	14	117	1412
773.96	50.37	6	12	59	1412
148.74	579.87	10	29	218	1413
456.69	183.31	12	14	117	1413
775.35	50.14	6	12	64	1413
149.69	577.49	9	29	219	1414
457.23	184.28	11	16	128	1414
776.63	50.29	6	12	66	1414
150.49	575.64	8	29	210	1415
457.88	185.25	11	16	133	1415
777.89	50.07	6	11	57	1415
151.37	573.29	8	29	215	1416
458.45	186.38	10	18	138	1416
779.09	50.07	5	11	57	1416
152.12	571.63	7	29	210	1417
459.06	187.54	9	19	141	1417
780.48	49.73	6	11	62	1417
152.93	569.27	7	28	216	1418
459.58	188.65	8	19	145	1418
781.67	49.87	6	11	58	1418
153.64	567.76	6	28	203	1419
460.22	190.27	9	20	154	1419
782.89	49.76	6	11	58	1419
154.53	565.34	6	28	213	1420
460.72	191.22	8	20	156	1420
784.00	49.87	5	12	58	1420
155.51	563.26	6	28	211	1421
461.16	192.70	7	21	161	1421
785.31	49.80	6	11	58	1421
156.40	561.64	6	28	198	1422
461.78	194.06	8	21	164	1422
786.60	49.28	6	11	61	1422
157.11	559.40	7	28	203	1423
462.20	195.37	7	22	171	1423
787.96	49.00	5	11	60	1423
157.89	557.30	7	28	204	1424
462.53	196.76	6	23	164	1424
789.04	49.04	5	11	57	1424
158.73	555.89	7	29	197	1425
463.07	198.04	7	22	179	1425
790.23	48.93	5	11	56	1425
159.66	554.06	8	28	188	1426
463.50	199.67	6	23	171	1426
791.25	48.90	5	11	52	1426
160.39	552.01	8	28	193	1427
463.88	200.96	7	23	182	1427
792.62	48.78	5	10	51	1427
161.21	550.28	8	28	191	1428
464.47	202.69	6	23	170	1428
793.91	48.56	5	11	57	1428
162.07	548.58	9	28	188	1429
464.93	203.85	7	23	180	1429
794.93	48.78	5	10	51	1429
162.97	546.82	9	27	185	1430
465.25	205.86	7	24	174	1430
796.05	48.55	5	10	50	1430
163.79	545.11	10	27	186	1431
465.80	206.80	7	24	180	1431
797.27	48.68	6	10	52	1431
164.55	543.20	11	26	181	1432
466.12	208.27	8	24	182	1432
798.31	48.79	6	10	53	1432
165.56	541.59	9	26	173	1433
466.34	209.94	8	24	185	1433
799.30	48.58	7	10	51	1433
166.48	540.02	9	26	167	1434
466.71	211.59	9	24	183	1434
800.36	48.60	7	10	54	1434
167.37	538.16	9	26	167	1435
467.07	212.41	9	24	188	1435
801.55	48.80	8	10	59	1435
168.30	536.60	9	25	167	1436
467.43	214.01	8	25	182	1436
802.70	48.72	8	10	59	1436
169.25	535.06	9	25	163	1437
467.75	215.33	9	24	186	1437
803.74	48.57	8	10	59	1437
170.25	533.58	9	25	159	1438
467.99	216.74	9	25	190	1438
804.72	48.57	8	10	59	1438
171.22	531.70	9	25	157	1439
468.33	217.94	10	25	188	1439
805.67	48.61	8	10	58	1439
172.27	530.17	9	24	158	1440
468.66	218.78	10	25	193	1440
806.65	48.78	10	9	62	1440
173.26	528.45	9	24	155	1441
468.88	219.91	10	25	191	1441
807.65	48.76	10	9	64	1441
174.41	526.89	9	23	149	1442
469.21	221.40	10	26	186	1442
808.83	48.94	10	9	65	1442
175.53	525.54	10	24	149	1443
469.39	222.42	10	25	189	1443
809.98	48.96	11	9	69	1443
176.63	524.04	10	23	151	1444
469.79	223.09	11	25	184	1444
810.89	49.00	11	9	70	1444
177.82	522.55	9	22	145	1445
469.90	224.30	11	24	182	1445
811.95	48.84	11	9	71	1445
178.89	520.88	9	23	147	1446
470.21	225.17	12	24	184	1446
813.12	48.93	11	9	72	1446
1.82	214.82	3	29	92	1447
180.01	519.46	9	22	141	1447
470.40	226.04	12	24	181	1447
814.17	48.87	11	9	68	1447
2.53	212.97	5	28	141	1448
181.15	518.34	9	22	143	1448
470.72	226.71	13	23	175	1448
815.39	48.75	11	9	65	1448
3.23	211.19	6	28	175	1449
182.15	516.87	9	23	141	1449
470.94	227.48	13	23	172	1449
816.62	48.46	10	8	63	1449
4.27	209.42	8	29	196	1450
183.12	515.61	9	22	142	1450
471.20	228.26	14	22	169	1450
817.65	48.38	10	9	66	1450
5.60	207.98	8	28	197	1451
184.09	514.37	9	22	142	1451
471.20	229.09	14	22	169	1451
819.02	48.35	11	8	66	1451
7.01	207.21	8	29	194	1452
184.96	512.94	7	23	139	1452
471.80	229.47	15	22	163	1452
819.98	48.08	11	8	65	1452
8.49	206.09	8	29	203	1453
185.86	511.61	8	23	143	1453
472.18	229.79	16	21	164	1453
820.90	47.84	11	8	63	1453
9.88	205.47	8	28	194	1454
186.76	510.68	7	22	141	1454
472.40	230.74	16	21	162	1454
822.30	47.56	11	8	69	1454
11.10	203.89	7	28	199	1455
187.62	509.47	7	22	140	1455
472.82	231.24	17	20	155	1455
823.39	47.57	11	8	63	1455
12.62	203.66	7	28	188	1456
188.49	508.43	6	22	138	1456
473.14	231.95	18	19	156	1456
824.63	47.54	10	7	58	1456
13.94	202.76	7	27	202	1457
189.29	507.68	6	22	145	1457
473.56	232.41	18	20	151	1457
825.51	47.27	10	7	57	1457
15.33	202.28	6	27	190	1458
190.10	506.38	6	22	136	1458
474.06	232.94	18	19	153	1458
826.69	47.00	10	7	57	1458
16.67	201.05	6	28	205	1459
190.92	505.22	6	22	141	1459
474.86	233.28	19	18	144	1459
827.75	46.64	10	6	56	1459
17.83	200.49	6	28	190	1460
191.44	504.19	6	23	153	1460
475.25	233.86	18	17	138	1460
829.00	46.57	11	6	56	1460
19.25	199.49	7	27	198	1461
192.06	502.81	5	23	140	1461
475.88	234.31	18	16	133	1461
830.30	46.47	10	6	55	1461
20.53	199.03	6	28	198	1462
193.04	501.81	5	23	142	1462
476.92	234.50	19	17	140	1462
831.56	46.19	10	6	55	1462
21.85	198.13	8	28	200	1463
193.66	500.76	6	24	160	1463
477.47	235.13	19	16	132	1463
832.56	45.95	10	5	51	1463
22.94	197.93	7	27	200	1464
194.04	499.31	5	24	147	1464
478.01	235.60	18	15	127	1464
833.92	45.82	9	6	50	1464
24.31	197.16	8	28	207	1465
194.65	498.48	6	24	167	1465
478.87	235.78	19	15	121	1465
834.98	45.60	9	6	53	1465
25.58	196.25	9	28	203	1466
195.25	496.87	6	25	153	1466
479.49	236.22	18	14	117	1466
836.05	45.44	9	6	51	1466
26.76	195.58	10	28	206	1467
195.81	495.98	6	25	162	1467
480.51	236.27	18	14	115	1467
27.93	195.09	11	28	211	1468
196.28	494.09	6	24	161	1468
480.94	236.85	17	13	108	1468
29.01	194.58	11	27	204	1469
196.63	493.34	6	25	164	1469
481.79	236.93	17	13	111	1469
30.30	193.39	12	27	208	1470
197.20	491.95	6	25	157	1470
482.51	237.16	16	13	106	1470
31.30	192.78	13	27	208	1471
197.54	490.71	6	25	161	1471
483.26	237.51	16	12	100	1471
32.58	191.79	13	27	204	1472
197.81	489.72	7	25	161	1472
484.04	237.85	15	13	102	1472
33.61	190.99	13	27	210	1473
198.36	488.21	6	24	158	1473
484.67	238.37	14	12	97	1473
34.95	189.88	14	26	206	1474
198.51	487.20	6	24	159	1474
485.45	238.84	13	13	98	1474
36.15	188.77	14	26	212	1475
198.76	486.60	7	24	156	1475
486.21	239.40	12	14	96	1475
37.38	187.98	15	26	210	1476
199.23	485.10	7	24	160	1476
486.76	240.14	11	14	98	1476
38.65	186.89	15	26	213	1477
199.45	483.87	6	24	153	1477
487.50	240.65	10	14	101	1477
39.87	186.03	15	26	206	1478
199.74	483.39	6	24	147	1478
488.27	241.29	10	15	103	1478
41.10	185.03	16	26	208	1479
200.06	482.32	7	24	155	1479
488.95	241.89	9	15	111	1479
42.34	184.28	15	25	210	1480
200.44	481.04	6	23	147	1480
489.50	242.35	8	16	114	1480
43.80	183.01	16	25	207	1481
200.62	480.30	6	22	144	1481
490.41	242.88	6	17	121	1481
45.16	182.13	16	24	202	1482
201.04	479.88	7	22	142	1482
490.86	243.60	7	17	127	1482
46.48	181.10	16	25	207	1483
201.44	478.56	6	22	139	1483
491.44	243.82	8	17	130	1483
47.92	180.17	16	24	202	1484
201.67	477.95	7	21	136	1484
492.00	244.35	9	18	138	1484
49.43	178.77	15	25	208	1485
202.18	477.11	7	21	138	1485
492.57	244.80	10	19	146	1485
50.70	178.14	15	24	200	1486
202.55	476.39	6	21	129	1486
493.15	245.41	11	20	151	1486
52.01	176.98	15	25	198	1487
203.07	475.42	7	20	133	1487
493.85	246.21	13	20	157	1487
53.61	175.57	15	25	198	1488
203.63	474.88	7	21	128	1488
494.41	246.50	14	21	159	1488
54.94	174.30	15	24	198	1489
204.10	474.15	7	20	130	1489
494.95	247.12	15	22	171	1489
56.19	173.48	14	24	193	1490
204.74	473.29	7	20	125	1490
495.66	248.05	16	22	172	1490
57.70	172.25	13	24	192	1491
205.29	472.52	8	20	131	1491
496.43	248.97	16	22	171	1491
58.94	171.24	13	25	191	1492
206.05	471.80	7	20	123	1492
496.94	249.52	17	23	180	1492
60.29	170.14	13	24	188	1493
206.77	471.23	8	20	128	1493
497.78	250.60	17	23	182	1493
61.82	168.84	13	25	186	1494
207.43	470.37	8	20	124	1494
498.48	251.68	18	23	184	1494
63.12	167.90	12	25	184	1495
208.16	469.85	8	20	123	1495
499.34	252.82	18	23	184	1495
64.49	166.95	12	25	186	1496
209.01	468.77	7	19	122	1496
500.08	253.74	17	23	185	1496
65.82	165.87	11	23	169	1497
209.90	467.75	7	19	118	1497
500.96	254.91	17	23	183	1497
67.21	164.78	10	25	169	1498
210.80	467.14	7	18	113	1498
501.89	256.22	17	23	185	1498
68.54	164.08	10	22	164	1499
211.78	466.27	7	18	110	1499
502.86	257.60	18	24	188	1499
69.94	162.93	9	22	156	1500
212.88	465.19	7	18	108	1500
503.75	258.82	18	23	186	1500
71.17	162.37	8	23	150	1501
213.95	464.32	7	17	98	1501
504.95	260.53	17	24	193	1501
72.64	161.70	6	21	131	1502
214.96	463.38	7	16	98	1502
505.82	261.75	17	24	191	1502
73.92	161.40	6	21	133	1503
215.96	462.32	7	16	98	1503
506.74	263.31	16	24	188	1503
75.03	160.50	5	20	120	1504
217.04	461.15	7	16	97	1504
507.73	264.84	16	25	195	1504
76.21	160.04	7	19	120	1505
218.03	460.19	7	16	96	1505
508.68	266.35	16	25	195	1505
77.31	159.90	8	19	114	1506
219.00	459.00	7	17	99	1506
509.68	268.16	16	25	194	1506
78.35	159.62	8	19	110	1507
219.97	457.95	7	16	98	1507
510.57	269.77	14	26	189	1507
895.05	39.80	9	6	51	1507
79.36	159.08	10	19	116	1508
221.03	456.45	7	16	99	1508
511.43	271.49	14	26	199	1508
80.43	158.92	10	19	113	1509
221.97	455.39	7	16	102	1509
512.24	273.27	13	26	194	1509
897.88	39.65	9	6	51	1509
81.35	158.49	12	18	110	1510
222.96	453.91	7	17	95	1510
512.83	274.79	13	27	193	1510
899.20	39.54	9	6	52	1510
82.44	158.70	12	18	114	1511
223.92	452.68	7	16	97	1511
513.55	276.59	12	26	197	1511
900.90	39.50	9	6	53	1511
83.31	158.27	12	19	118	1512
224.89	451.51	7	16	95	1512
514.20	278.26	11	26	191	1512
902.10	39.50	9	6	53	1512
84.72	158.75	13	19	119	1513
225.83	450.49	6	16	91	1513
514.71	279.88	11	27	197	1513
903.60	39.35	10	6	60	1513
85.62	158.26	14	19	125	1514
226.85	449.06	5	16	87	1514
515.32	281.96	10	27	197	1514
904.93	39.27	9	7	56	1514
86.78	158.41	14	19	121	1515
227.90	448.20	5	15	88	1515
515.80	283.44	10	28	202	1515
906.78	39.31	10	6	57	1515
88.07	158.48	15	19	126	1516
228.59	447.44	6	15	84	1516
516.27	284.96	9	27	197	1516
907.90	39.16	11	7	65	1516
89.20	158.60	15	19	126	1517
229.52	446.41	6	14	82	1517
516.68	286.75	8	27	200	1517
909.44	39.08	10	7	61	1517
90.44	158.47	16	19	133	1518
230.37	445.22	6	14	76	1518
517.14	288.28	7	28	204	1518
910.84	39.00	11	7	65	1518
91.58	158.11	16	19	134	1519
231.16	443.95	7	13	71	1519
517.50	289.84	6	27	205	1519
912.46	39.02	10	7	61	1519
92.85	158.34	18	20	136	1520
232.19	443.09	8	13	73	1520
517.66	291.58	6	28	197	1520
914.04	38.85	11	8	67	1520
94.26	158.41	17	20	132	1521
233.00	442.00	9	13	73	1521
518.07	292.79	7	27	200	1521
915.09	38.62	11	8	69	1521
95.56	158.41	17	20	137	1522
233.91	441.22	10	12	71	1522
518.35	293.85	8	27	204	1522
916.77	38.65	11	8	66	1522
97.07	158.56	18	21	143	1523
234.75	440.13	11	11	67	1523
518.50	295.05	9	27	197	1523
918.17	38.79	11	8	60	1523
98.56	158.74	16	21	137	1524
235.93	439.40	11	11	70	1524
518.62	296.28	10	27	199	1524
919.61	38.69	10	8	62	1524
99.89	158.75	17	22	142	1525
236.62	438.55	12	10	72	1525
518.76	297.56	10	27	197	1525
920.96	38.70	11	8	64	1525
101.44	158.92	16	21	140	1526
237.57	437.74	12	10	67	1526
519.05	298.36	11	26	197	1526
922.61	38.78	10	9	65	1526
103.00	159.37	17	21	142	1527
238.65	437.20	13	10	69	1527
519.12	299.37	11	26	197	1527
924.00	38.83	11	9	67	1527
104.54	159.65	16	22	153	1528
239.98	436.71	14	9	75	1528
519.38	300.32	12	26	188	1528
925.46	38.79	10	9	66	1528
106.17	159.98	15	23	146	1529
240.77	435.88	14	9	74	1529
519.57	301.20	12	26	191	1529
926.88	38.78	11	9	65	1529
107.85	160.47	16	24	148	1530
242.02	435.32	14	8	72	1530
519.89	301.96	13	26	188	1530
928.69	38.92	10	9	61	1530
109.30	160.91	14	24	148	1531
243.14	434.59	14	8	73	1531
520.29	302.51	12	26	186	1531
929.94	38.81	9	9	61	1531
111.15	161.63	15	25	156	1532
244.55	434.09	15	7	72	1532
520.63	303.38	12	26	188	1532
931.23	38.60	9	9	60	1532
112.62	161.81	14	25	151	1533
245.80	433.64	14	7	70	1533
521.05	304.18	13	26	193	1533
933.00	38.84	9	9	57	1533
114.32	162.84	14	26	150	1534
246.98	433.22	13	7	66	1534
521.59	304.81	13	26	190	1534
934.31	38.83	9	9	53	1534
115.91	163.40	13	26	159	1535
248.33	432.88	13	7	67	1535
522.15	305.44	13	26	186	1535
935.83	38.71	9	8	53	1535
117.59	164.35	12	26	155	1536
249.94	432.92	13	7	65	1536
522.70	306.17	13	26	188	1536
119.32	165.40	12	27	158	1537
251.47	432.79	12	7	60	1537
523.28	306.92	13	25	186	1537
120.76	165.90	12	27	163	1538
252.78	432.80	12	7	57	1538
523.90	307.17	13	26	190	1538
122.39	166.98	10	27	155	1539
254.33	432.88	11	7	54	1539
524.40	307.91	12	26	188	1539
123.89	167.79	9	27	157	1540
255.65	432.92	10	7	51	1540
524.96	308.44	13	26	189	1540
125.31	168.51	9	28	166	1541
525.51	309.05	12	26	187	1541
126.71	169.01	8	28	170	1542
526.14	309.32	12	26	190	1542
128.21	170.09	7	27	163	1543
526.49	309.99	12	26	192	1543
129.64	171.35	6	28	166	1544
527.02	310.18	11	26	188	1544
130.79	171.67	6	28	176	1545
527.43	310.70	12	26	187	1545
132.09	172.47	7	28	179	1546
527.85	311.17	11	26	190	1546
133.33	173.04	8	28	181	1547
528.36	311.20	10	26	194	1547
134.60	173.46	10	29	184	1548
528.73	311.64	10	27	194	1548
135.80	173.83	11	27	191	1549
529.10	312.23	10	26	191	1549
136.85	174.47	13	28	200	1550
529.47	312.41	10	26	196	1550
137.99	175.12	14	27	196	1551
529.79	312.76	9	27	199	1551
139.26	174.97	15	26	199	1552
530.07	313.03	9	26	193	1552
140.33	175.41	16	26	199	1553
530.45	313.25	8	26	188	1553
141.48	175.37	17	26	202	1554
530.75	313.46	8	26	195	1554
142.51	175.60	18	25	193	1555
531.17	313.83	7	27	191	1555
143.90	175.49	19	24	191	1556
274.70	437.62	9	7	50	1556
531.50	313.59	8	27	192	1556
144.85	175.58	20	23	204	1557
275.80	437.98	11	7	58	1557
531.76	314.13	7	27	201	1557
146.42	175.09	20	23	197	1558
276.74	438.41	12	6	59	1558
532.42	314.05	8	26	201	1558
147.81	174.98	21	22	195	1559
277.68	438.96	13	7	68	1559
532.52	314.26	6	26	199	1559
149.12	175.02	21	23	187	1560
278.34	439.57	14	7	73	1560
532.96	314.41	7	27	202	1560
150.68	174.47	22	22	194	1561
279.35	440.05	14	7	77	1561
533.34	314.60	7	27	196	1561
152.43	173.91	21	23	192	1562
280.21	440.62	16	8	81	1562
533.85	314.94	9	27	204	1562
153.92	173.38	21	22	192	1563
281.07	441.27	17	8	91	1563
534.43	315.37	8	27	199	1563
155.51	172.95	21	22	184	1564
281.79	441.86	17	9	93	1564
534.77	315.59	8	27	201	1564
157.17	172.27	20	22	183	1565
282.70	442.22	17	10	96	1565
535.45	315.94	8	27	201	1565
158.92	171.41	20	23	191	1566
283.67	442.58	18	10	102	1566
536.05	316.13	9	28	208	1566
160.20	171.05	20	22	190	1567
284.32	443.01	18	11	104	1567
536.63	316.52	8	27	198	1567
162.08	169.87	20	23	187	1568
285.29	443.29	18	10	103	1568
537.35	316.89	9	27	204	1568
163.87	168.63	19	24	194	1569
286.37	443.40	18	10	105	1569
538.09	317.18	9	27	201	1569
165.38	167.74	18	25	193	1570
287.22	443.86	18	11	106	1570
539.00	317.71	9	27	206	1570
166.83	166.50	17	26	197	1571
288.29	444.10	18	11	110	1571
539.90	318.06	9	27	203	1571
168.38	165.42	16	26	191	1572
289.36	444.44	18	10	105	1572
540.71	318.68	9	27	196	1572
169.66	164.30	15	26	190	1573
290.23	444.90	18	11	105	1573
541.41	318.66	9	27	200	1573
170.88	163.11	14	26	185	1574
291.44	445.25	17	12	104	1574
542.15	318.93	9	27	205	1574
172.07	161.74	12	27	182	1575
292.24	445.84	16	11	99	1575
542.99	319.72	9	27	203	1575
173.21	160.41	12	26	174	1576
293.51	446.15	16	12	102	1576
543.66	319.79	9	27	201	1576
989.65	39.88	9	8	51	1576
174.13	158.94	10	27	172	1577
294.73	446.40	15	12	97	1577
544.20	320.09	9	28	204	1577
991.02	40.00	10	8	53	1577
174.89	157.92	9	27	171	1578
295.56	447.00	15	12	94	1578
544.95	320.76	9	27	204	1578
992.50	39.89	10	9	60	1578
175.70	156.30	8	26	163	1579
296.41	447.45	14	12	96	1579
545.52	320.81	8	27	200	1579
993.50	39.80	10	8	59	1579
176.40	155.19	6	26	155	1580
297.57	447.67	14	12	93	1580
546.11	321.31	9	28	206	1580
994.73	39.67	11	8	65	1580
176.95	153.77	5	27	147	1581
298.55	448.03	13	13	89	1581
546.68	321.60	8	27	201	1581
996.22	39.80	12	9	70	1581
177.54	152.60	6	25	136	1582
299.27	448.64	12	12	85	1582
547.30	322.08	8	27	200	1582
997.28	39.53	12	10	74	1582
178.08	151.29	6	26	155	1583
300.48	448.79	12	13	91	1583
547.75	322.22	8	28	204	1583
998.67	39.49	13	10	78	1583
178.68	150.21	6	24	142	1584
301.35	449.03	10	13	82	1584
548.30	322.19	8	28	197	1584
999.98	39.17	13	9	81	1584
179.25	149.26	7	24	133	1585
302.43	449.11	10	13	82	1585
548.74	322.61	8	27	202	1585
1001.31	39.15	14	10	84	1585
179.76	148.67	7	24	132	1586
303.26	449.50	9	14	84	1586
549.19	322.51	8	27	196	1586
1002.54	39.19	14	9	81	1586
180.33	148.07	8	24	133	1587
304.12	449.81	8	14	83	1587
549.65	322.79	8	27	199	1587
1003.88	39.08	15	9	83	1587
180.70	146.73	9	24	133	1588
304.91	450.04	7	15	86	1588
550.17	322.56	7	27	198	1588
1005.51	39.13	14	9	80	1588
181.17	145.79	10	24	130	1589
305.67	450.47	6	15	83	1589
550.64	322.42	8	27	195	1589
1006.40	38.87	14	10	87	1589
181.58	144.75	10	24	133	1590
306.38	450.45	6	14	85	1590
550.95	322.56	7	27	193	1590
1008.03	38.89	15	9	81	1590
182.11	144.17	11	23	133	1591
307.20	451.18	5	15	84	1591
551.46	322.54	7	27	202	1591
1009.45	39.09	14	11	85	1591
182.62	143.41	11	23	135	1592
307.88	451.27	5	15	85	1592
551.95	322.55	6	27	171	1592
1010.38	38.81	14	10	82	1592
183.07	142.61	11	24	133	1593
308.56	451.23	6	15	87	1593
552.43	322.08	7	28	202	1593
1012.31	38.87	14	11	87	1593
183.66	142.20	12	23	137	1594
309.20	451.31	6	15	82	1594
552.79	322.05	7	27	195	1594
1013.43	38.85	14	11	87	1594
184.26	141.73	12	22	134	1595
309.82	451.72	7	15	79	1595
553.26	321.70	7	27	188	1595
1014.68	38.88	13	10	74	1595
184.94	141.25	13	23	136	1596
310.47	451.77	8	15	84	1596
553.68	321.55	8	27	191	1596
1016.16	38.90	13	11	75	1596
185.45	140.78	12	23	137	1597
311.21	452.05	8	15	81	1597
554.26	320.78	8	27	190	1597
1017.60	39.15	12	10	67	1597
186.00	140.08	13	23	143	1598
311.81	452.12	9	15	83	1598
554.58	320.38	9	27	188	1598
1018.73	39.00	10	10	58	1598
186.66	139.46	13	23	137	1599
312.58	452.18	9	15	85	1599
555.15	319.89	9	27	187	1599
1019.51	38.61	9	11	54	1599
187.23	138.75	13	22	133	1600
313.33	452.21	10	15	87	1600
555.57	319.22	10	26	188	1600
187.96	138.37	13	23	135	1601
314.30	452.56	10	14	81	1601
556.09	318.26	11	27	190	1601
188.76	137.86	13	23	137	1602
315.08	452.57	11	14	82	1602
556.55	317.73	12	27	190	1602
189.26	137.24	13	23	133	1603
315.89	452.58	11	14	85	1603
556.95	317.04	11	26	182	1603
189.99	136.89	13	24	141	1604
316.81	452.69	11	14	83	1604
557.44	316.16	13	26	196	1604
190.77	136.51	13	24	134	1605
317.80	452.83	11	15	86	1605
557.82	315.34	13	26	188	1605
191.43	135.97	14	23	147	1606
318.70	452.86	12	15	90	1606
558.32	314.14	13	27	187	1606
192.59	136.23	13	23	137	1607
319.67	452.99	12	15	95	1607
558.94	313.12	13	26	187	1607
193.09	135.61	13	24	147	1608
320.64	452.89	12	15	93	1608
559.43	312.04	13	27	190	1608
194.03	135.77	13	24	140	1609
321.79	453.06	12	15	93	1609
559.97	311.12	13	26	189	1609
194.90	135.46	13	24	143	1610
323.18	453.51	12	16	95	1610
560.59	309.86	13	26	182	1610
195.81	135.73	12	24	140	1611
324.52	453.68	12	16	98	1611
560.99	309.18	13	26	186	1611
196.59	135.12	12	24	132	1612
325.61	453.66	12	16	98	1612
561.73	307.76	13	27	187	1612
197.46	135.12	10	23	129	1613
327.00	453.77	11	16	96	1613
562.43	306.54	13	27	186	1613
198.14	134.43	10	23	125	1614
328.37	454.07	12	17	106	1614
563.08	305.24	13	27	189	1614
198.87	134.16	9	23	127	1615
329.81	454.25	11	17	105	1615
563.71	304.17	13	26	190	1615
199.82	133.85	9	22	121	1616
331.12	454.30	11	18	106	1616
564.39	302.96	12	27	192	1616
200.85	134.05	7	22	116	1617
332.80	454.87	11	18	111	1617
565.03	301.84	11	27	197	1617
201.53	133.58	6	21	111	1618
334.25	454.93	11	18	105	1618
565.82	300.39	11	28	199	1618
202.42	133.44	6	21	113	1619
336.00	455.38	11	18	114	1619
566.49	299.03	10	27	202	1619
203.48	133.31	5	23	108	1620
337.48	455.44	10	18	111	1620
567.23	297.63	10	27	200	1620
204.31	133.35	6	21	117	1621
339.18	455.76	10	19	114	1621
567.83	296.61	9	27	205	1621
205.03	133.31	6	21	114	1622
340.80	455.92	9	19	115	1622
568.48	294.84	8	28	208	1622
205.73	133.16	7	21	120	1623
342.56	456.51	8	20	113	1623
569.06	293.88	7	27	202	1623
206.20	132.87	8	22	129	1624
344.26	456.70	8	20	118	1624
569.56	292.88	7	27	198	1624
206.86	132.47	9	21	133	1625
345.98	457.02	7	21	117	1625
570.38	290.80	7	28	202	1625
207.64	132.03	9	22	130	1626
347.68	457.37	7	20	119	1626
570.64	289.46	6	27	192	1626
208.04	131.62	10	21	140	1627
349.41	457.65	6	20	119	1627
571.13	288.48	7	27	201	1627
208.66	130.91	11	21	141	1628
351.06	457.78	5	21	122	1628
571.63	287.36	9	26	202	1628
209.31	130.36	11	22	146	1629
353.01	458.10	5	21	128	1629
571.99	285.97	9	27	197	1629
209.84	129.91	11	21	144	1630
354.51	458.27	6	22	131	1630
572.41	284.89	9	27	196	1630
210.64	128.91	11	21	138	1631
356.28	458.62	6	21	125	1631
572.89	283.52	10	27	198	1631
211.10	128.72	12	21	145	1632
357.95	459.01	7	21	129	1632
573.33	282.57	10	26	196	1632
211.50	128.16	12	22	148	1633
359.52	459.45	8	22	131	1633
573.66	281.18	10	26	194	1633
212.18	127.46	12	21	144	1634
361.20	459.59	9	22	132	1634
574.10	280.25	11	26	194	1634
212.52	127.05	12	22	146	1635
362.91	459.82	9	22	133	1635
574.58	279.33	12	26	182	1635
212.94	126.57	12	22	148	1636
364.51	460.22	10	23	136	1636
575.01	278.57	11	25	184	1636
213.69	125.19	12	22	153	1637
366.16	460.40	11	23	138	1637
575.41	277.43	12	25	190	1637
214.17	124.64	10	23	144	1638
367.91	460.43	11	23	140	1638
575.86	276.58	12	25	187	1638
214.66	123.73	10	23	141	1639
369.61	460.52	12	23	142	1639
576.39	275.79	12	25	184	1639
215.07	123.30	10	23	140	1640
371.46	460.58	12	24	142	1640
576.88	274.80	12	25	185	1640
215.42	122.75	9	23	140	1641
373.18	460.85	13	24	148	1641
577.48	274.23	12	24	184	1641
215.87	121.67	9	23	139	1642
375.02	460.78	13	24	146	1642
578.11	273.42	13	24	183	1642
216.17	121.53	8	23	142	1643
376.85	461.02	15	23	151	1643
578.60	272.57	12	25	182	1643
216.62	120.84	7	25	134	1644
378.80	460.90	15	23	147	1644
579.20	271.83	13	25	186	1644
217.07	119.83	6	23	127	1645
380.67	461.03	15	23	152	1645
579.82	271.23	12	24	179	1645
217.50	119.52	4	23	116	1646
382.51	461.17	15	23	148	1646
580.44	270.39	12	24	181	1646
218.00	118.58	5	23	121	1647
384.62	460.88	15	23	149	1647
581.05	269.92	13	25	185	1647
218.56	117.83	6	22	111	1648
386.73	460.52	15	22	145	1648
581.79	269.39	12	24	186	1648
219.01	116.67	7	21	116	1649
388.59	460.44	16	22	145	1649
582.40	268.55	12	25	183	1649
219.59	116.33	8	21	109	1650
390.77	459.72	16	22	139	1650
583.17	268.17	11	24	180	1650
220.10	115.69	9	21	102	1651
392.32	459.69	16	22	140	1651
583.96	267.54	11	24	180	1651
220.51	114.78	9	20	101	1652
394.52	458.70	16	22	137	1652
584.66	267.08	10	24	177	1652
221.22	114.46	12	20	105	1653
396.39	458.08	16	21	133	1653
585.34	266.35	10	24	180	1653
221.44	113.83	12	19	93	1654
398.41	457.19	16	21	134	1654
586.04	265.77	10	24	175	1654
222.51	113.72	14	18	93	1655
400.36	456.30	18	21	137	1655
586.89	265.71	9	24	173	1655
223.28	112.71	14	17	94	1656
402.46	455.33	18	21	139	1656
587.59	264.74	9	24	173	1656
224.37	112.34	16	16	95	1657
404.35	454.46	18	20	139	1657
588.38	264.60	8	24	174	1657
225.20	111.52	15	15	88	1658
406.52	453.24	18	21	133	1658
589.07	263.84	8	24	174	1658
226.32	110.89	16	16	93	1659
408.70	452.02	19	20	136	1659
589.88	263.71	8	23	172	1659
227.29	110.34	16	15	88	1660
410.97	450.80	19	20	131	1660
590.55	263.06	7	22	162	1660
228.11	109.33	17	14	94	1661
413.05	449.75	19	20	133	1661
591.44	262.65	7	23	169	1661
229.55	109.02	18	13	85	1662
415.21	448.53	18	20	132	1662
592.13	261.73	7	22	162	1662
230.47	108.24	18	13	83	1663
417.88	446.83	19	20	133	1663
592.64	261.55	7	23	167	1663
231.86	107.62	17	13	78	1664
420.29	445.38	18	20	135	1664
593.39	261.23	8	22	159	1664
232.91	106.61	17	12	76	1665
422.56	444.06	18	21	135	1665
593.99	260.92	7	21	154	1665
234.14	105.53	17	12	80	1666
424.99	442.50	17	21	134	1666
594.76	260.17	8	22	149	1666
234.79	104.28	18	12	75	1667
427.40	440.95	17	21	137	1667
595.43	259.46	9	21	153	1667
236.65	103.57	18	12	82	1668
429.84	439.26	17	21	138	1668
596.02	259.16	9	20	150	1668
237.44	102.03	17	11	80	1669
432.27	437.75	16	22	141	1669
596.85	258.22	10	20	149	1669
239.10	101.17	17	11	75	1670
434.57	436.08	14	23	138	1670
597.47	257.79	10	21	143	1670
240.61	100.13	17	11	84	1671
437.07	434.32	13	23	139	1671
598.24	257.09	11	20	144	1671
241.62	98.65	17	10	72	1672
439.25	432.78	12	24	140	1672
598.90	256.67	11	20	142	1672
242.38	97.00	17	9	73	1673
441.67	430.86	11	24	145	1673
599.63	255.89	12	19	143	1673
244.20	95.85	16	9	71	1674
443.84	429.39	9	24	143	1674
600.42	255.19	12	20	141	1674
245.35	94.48	17	8	68	1675
446.01	427.58	7	24	140	1675
601.13	254.66	11	19	137	1675
247.35	93.37	16	9	69	1676
448.04	426.19	7	25	147	1676
601.94	253.79	12	19	141	1676
248.45	91.86	17	8	77	1677
450.03	424.30	5	25	152	1677
602.78	253.06	12	19	140	1677
249.66	90.55	17	8	74	1678
451.96	422.69	7	25	150	1678
603.63	252.41	12	20	139	1678
251.85	89.56	17	8	80	1679
453.71	421.09	8	25	151	1679
604.45	251.79	12	19	140	1679
253.47	88.32	18	8	79	1680
455.58	419.89	10	25	152	1680
605.45	250.79	12	19	140	1680
254.77	86.98	18	8	81	1681
457.13	417.97	11	25	156	1681
606.45	249.70	12	19	140	1681
256.71	85.98	19	8	81	1682
458.87	416.66	12	26	155	1682
607.30	248.74	12	19	144	1682
258.41	84.75	19	8	83	1683
460.32	414.81	13	25	155	1683
608.17	248.13	12	20	143	1683
260.30	83.66	18	8	83	1684
462.12	413.71	15	25	160	1684
609.18	247.21	11	20	142	1684
262.05	82.44	20	8	81	1685
463.65	411.91	14	25	152	1685
610.10	246.35	11	20	146	1685
263.77	81.38	19	9	78	1686
465.33	410.79	15	25	164	1686
611.14	245.22	11	20	150	1686
266.05	80.34	19	8	80	1687
467.13	409.36	15	25	156	1687
612.13	244.25	11	20	149	1687
267.80	79.14	19	9	86	1688
468.98	408.04	15	25	160	1688
613.16	243.36	11	20	152	1688
269.52	78.03	19	10	81	1689
470.76	406.65	16	25	156	1689
614.16	242.53	11	20	154	1689
271.65	77.33	20	10	77	1690
472.70	405.39	16	24	159	1690
615.21	241.54	11	20	149	1690
273.19	76.24	20	11	79	1691
474.53	403.85	15	25	160	1691
616.29	240.44	10	20	149	1691
275.21	75.53	20	11	78	1692
476.58	402.76	14	25	155	1692
617.39	239.52	10	20	149	1692
277.09	74.62	20	12	77	1693
478.50	401.56	14	26	160	1693
618.35	238.77	10	19	141	1693
279.80	74.02	20	11	79	1694
480.27	400.22	13	26	165	1694
619.38	237.94	9	19	146	1694
281.74	73.09	21	11	76	1695
482.12	398.93	13	25	162	1695
620.43	236.96	8	19	137	1695
284.48	72.28	20	11	88	1696
484.00	398.16	11	26	159	1696
621.56	235.93	8	19	137	1696
286.38	71.21	20	10	78	1697
485.68	397.21	10	26	156	1697
622.58	235.22	8	18	129	1697
287.88	69.73	18	10	78	1698
487.28	396.41	10	26	152	1698
623.68	234.35	7	18	131	1698
290.71	68.90	17	10	69	1699
488.77	395.37	9	26	150	1699
624.74	233.56	7	18	132	1699
291.98	67.02	16	9	62	1700
490.17	394.37	9	26	157	1700
625.97	232.68	7	17	128	1700
294.12	65.74	14	9	56	1701
491.61	393.40	8	26	157	1701
627.15	231.84	7	16	117	1701
492.78	392.17	8	26	155	1702
628.19	231.12	7	16	110	1702
494.03	391.55	7	26	155	1703
629.27	230.34	7	15	102	1703
495.16	390.90	7	27	164	1704
630.33	229.86	8	14	95	1704
496.22	390.02	7	27	164	1705
631.25	229.43	9	13	89	1705
497.28	389.31	6	27	160	1706
632.34	229.00	9	12	79	1706
498.22	388.11	6	28	166	1707
633.22	228.49	9	11	71	1707
499.22	386.96	6	28	171	1708
634.64	228.25	10	10	71	1708
500.07	386.27	5	28	168	1709
635.86	227.84	10	9	64	1709
501.03	385.81	5	27	172	1710
636.84	227.36	10	8	57	1710
502.01	385.40	5	28	177	1711
638.50	227.32	10	8	56	1711
503.14	385.15	6	28	166	1712
639.46	226.71	10	7	52	1712
504.17	384.35	5	28	163	1713
640.88	226.45	10	7	53	1713
505.14	383.69	5	28	162	1714
642.28	226.23	10	6	50	1714
309.91	45.70	9	7	57	1715
506.23	382.25	6	28	171	1715
310.18	43.76	10	8	72	1716
507.29	381.24	6	28	171	1716
310.25	41.80	12	9	80	1717
508.30	380.22	6	28	169	1717
646.07	225.24	11	5	52	1717
310.86	40.06	13	10	91	1718
509.35	379.43	6	28	163	1718
647.31	225.07	10	5	52	1718
311.35	38.13	14	11	104	1719
510.31	379.05	7	28	160	1719
648.88	224.91	11	5	54	1719
311.58	36.36	14	10	100	1720
511.23	378.41	7	28	164	1720
650.17	224.95	11	5	53	1720
312.13	34.51	15	11	107	1721
512.33	377.52	8	28	166	1721
651.51	224.85	10	5	51	1721
312.68	32.89	15	9	101	1722
513.39	376.37	8	28	164	1722
653.07	224.78	11	7	59	1722
313.11	30.79	16	10	113	1723
514.31	375.80	8	27	159	1723
654.42	224.71	10	7	61	1723
313.51	29.24	16	10	114	1724
515.30	374.79	8	27	154	1724
655.83	224.77	11	7	61	1724
314.54	27.74	16	9	108	1725
516.23	373.88	9	27	157	1725
657.36	224.82	10	7	58	1725
314.86	25.85	17	9	113	1726
517.34	372.46	10	26	159	1726
658.68	225.00	10	6	52	1726
315.77	24.29	17	8	109	1727
518.34	371.45	10	26	160	1727
660.29	224.95	10	5	51	1727
316.33	22.63	18	8	114	1728
519.30	370.40	10	26	155	1728
317.19	20.92	17	7	109	1729
520.27	369.34	10	26	154	1729
663.10	225.15	10	6	52	1729
317.95	19.28	17	7	111	1730
521.22	368.38	10	26	154	1730
664.71	225.24	10	6	52	1730
318.94	17.63	17	8	109	1731
522.29	367.14	10	27	155	1731
665.88	225.48	9	6	50	1731
320.11	15.97	17	7	113	1732
523.46	365.47	10	26	151	1732
321.06	14.26	16	7	109	1733
524.36	364.50	10	26	152	1733
322.06	12.62	15	8	106	1734
525.33	363.50	10	26	158	1734
323.01	11.10	15	7	100	1735
526.34	362.37	10	26	156	1735
324.35	9.45	14	8	102	1736
527.28	361.16	10	26	152	1736
325.34	7.86	14	8	95	1737
528.32	359.95	10	25	149	1737
326.17	6.26	13	9	91	1738
529.23	358.51	11	26	155	1738
327.37	4.65	12	8	84	1739
530.21	357.15	10	26	156	1739
677.45	227.64	8	7	53	1739
328.33	3.35	12	6	68	1740
531.09	355.98	9	26	153	1740
678.77	228.00	9	7	50	1740
532.03	354.66	9	26	154	1741
532.96	353.21	9	26	157	1742
681.65	228.92	9	7	52	1742
533.88	351.73	9	26	157	1743
683.23	229.15	8	6	50	1743
534.75	350.47	8	26	158	1744
535.65	349.05	8	27	158	1745
536.53	347.66	8	26	159	1746
687.55	229.86	9	7	54	1746
537.34	346.30	7	26	154	1747
538.24	344.99	7	27	163	1748
539.02	343.67	5	26	147	1749
539.89	342.20	6	26	158	1750
540.83	340.70	5	26	148	1751
541.05	339.72	5	25	154	1752
542.02	338.61	5	26	158	1753
542.82	337.77	6	26	156	1754
543.56	336.20	6	26	159	1755
544.39	335.38	6	25	153	1756
545.11	334.18	7	25	157	1757
545.92	333.17	7	25	157	1758
546.65	332.20	8	24	152	1759
547.44	331.28	8	24	154	1760
548.28	330.36	8	24	153	1761
549.13	329.38	8	24	151	1762
549.95	328.56	9	24	153	1763
550.76	327.71	8	23	149	1764
551.63	327.11	8	23	145	1765
552.62	326.39	8	23	142	1766
553.56	325.55	8	22	140	1767
554.45	324.81	8	22	140	1768
555.48	324.36	8	22	138	1769
723.25	230.60	9	7	52	1769
556.41	323.35	8	22	135	1770
557.44	322.81	8	21	133	1771
726.12	229.79	9	7	55	1771
558.39	322.18	8	21	128	1772
727.60	229.40	9	7	53	1772
559.41	321.60	8	20	127	1773
729.08	228.90	9	7	54	1773
560.39	320.89	8	19	123	1774
730.58	228.53	10	8	55	1774
561.37	320.06	8	19	122	1775
732.16	227.95	9	8	55	1775
562.48	319.55	8	18	119	1776
733.80	227.66	10	7	57	1776
563.49	318.82	8	19	122	1777
735.22	227.33	10	8	60	1777
564.54	318.32	8	18	116	1778
736.38	226.76	10	7	57	1778
565.62	317.37	8	18	113	1779
737.76	226.27	10	8	62	1779
566.64	316.99	7	17	112	1780
739.36	225.82	11	7	64	1780
567.66	316.11	7	17	105	1781
740.83	225.64	10	7	61	1781
568.73	315.58	7	16	104	1782
742.10	225.02	11	8	65	1782
569.89	315.27	7	16	103	1783
743.72	224.55	10	7	61	1783
570.93	314.59	7	16	106	1784
744.67	223.73	10	7	61	1784
571.97	313.88	7	15	97	1785
746.32	223.34	11	7	61	1785
573.00	313.61	5	15	88	1786
747.70	222.57	10	7	58	1786
574.00	313.00	5	15	90	1787
748.88	221.71	11	7	62	1787
575.03	312.40	5	14	85	1788
750.49	221.28	10	6	55	1788
575.98	312.22	5	14	83	1789
751.98	220.33	10	6	58	1789
576.92	311.42	5	14	83	1790
753.61	219.63	10	7	60	1790
577.89	311.24	6	14	86	1791
754.81	219.19	10	6	56	1791
578.66	310.95	6	13	82	1792
756.22	218.42	9	6	50	1792
579.55	310.42	7	14	83	1793
580.52	309.90	7	13	79	1794
759.24	217.34	9	6	52	1794
581.33	309.62	8	13	80	1795
582.23	309.15	8	13	77	1796
762.13	216.21	9	6	50	1796
583.08	308.78	8	13	77	1797
584.10	308.40	8	12	75	1798
584.90	308.08	9	13	80	1799
586.07	307.41	9	12	78	1800
587.10	307.03	9	13	80	1801
588.15	306.74	10	13	79	1802
589.22	306.30	10	12	82	1803
590.23	305.73	10	13	79	1804
591.23	305.52	10	12	79	1805
592.25	304.97	10	13	80	1806
593.35	304.56	10	12	79	1807
594.51	304.22	11	12	81	1808
595.55	303.65	11	12	83	1809
596.73	303.26	11	13	85	1810
597.94	302.75	11	12	85	1811
599.19	302.14	12	13	89	1812
600.40	301.82	12	13	88	1813
601.69	301.23	11	13	90	1814
602.89	300.82	11	13	92	1815
604.17	300.23	12	13	91	1816
605.38	299.90	12	13	88	1817
606.64	299.43	11	12	88	1818
607.75	299.10	11	13	87	1819
609.05	298.50	11	12	84	1820
610.45	298.03	11	12	84	1821
611.62	297.56	11	12	82	1822
612.84	297.06	11	12	83	1823
614.17	296.48	10	12	82	1824
805.92	204.88	9	8	62	1824
615.33	295.94	10	12	82	1825
616.48	295.42	10	12	83	1826
808.88	203.83	9	7	66	1826
617.64	294.88	10	13	83	1827
810.12	203.75	9	7	66	1827
618.89	294.40	9	12	81	1828
620.11	293.68	10	12	81	1829
813.34	203.13	10	8	69	1829
621.19	293.30	9	12	80	1830
814.71	202.60	10	8	70	1830
622.40	292.51	8	12	83	1831
816.28	202.56	10	8	69	1831
623.52	292.39	8	12	82	1832
817.66	202.48	10	8	71	1832
624.73	291.55	8	12	82	1833
819.34	202.24	10	8	73	1833
625.79	291.10	7	12	81	1834
820.84	202.24	9	8	74	1834
627.02	290.35	7	12	84	1835
822.34	202.24	10	8	73	1835
628.18	289.88	7	13	83	1836
823.77	202.18	9	8	71	1836
629.40	289.31	6	12	86	1837
825.27	202.22	10	8	75	1837
630.48	288.77	6	13	93	1838
827.00	202.07	10	8	75	1838
631.53	288.27	6	14	98	1839
828.33	202.25	10	8	70	1839
632.57	287.67	6	14	97	1840
829.98	202.10	10	8	77	1840
633.88	287.21	7	14	98	1841
831.35	202.23	10	8	76	1841
635.17	286.89	7	15	109	1842
832.90	202.20	11	8	76	1842
636.35	286.34	7	15	105	1843
834.50	202.21	10	8	79	1843
637.47	286.06	6	15	105	1844
836.00	202.15	11	9	85	1844
638.60	285.44	7	16	111	1845
837.35	202.41	11	9	84	1845
639.78	285.05	7	16	112	1846
838.90	202.69	11	9	90	1846
640.88	284.34	7	16	116	1847
840.29	202.69	11	9	86	1847
642.03	284.25	7	16	120	1848
841.83	202.68	11	9	91	1848
643.05	283.51	7	17	123	1849
843.00	202.94	11	9	86	1849
644.11	283.20	7	17	126	1850
844.63	202.92	12	9	94	1850
645.20	282.68	7	17	127	1851
846.28	202.86	12	9	92	1851
646.46	282.33	6	18	123	1852
847.51	203.01	12	9	95	1852
647.46	281.84	6	17	123	1853
849.05	203.15	12	9	95	1853
648.46	281.18	6	17	124	1854
850.56	203.14	12	9	100	1854
649.46	280.70	6	17	123	1855
851.64	203.35	12	9	92	1855
650.22	280.29	7	17	121	1856
853.30	203.23	12	9	95	1856
651.16	279.77	8	17	124	1857
854.46	203.41	12	10	99	1857
652.11	279.15	8	17	122	1858
855.95	203.37	13	10	101	1858
653.05	278.52	9	16	122	1859
857.31	203.35	12	10	104	1859
653.89	278.13	9	17	123	1860
858.57	203.52	12	10	102	1860
654.92	277.27	9	16	118	1861
860.12	203.46	12	10	106	1861
655.79	276.80	11	16	122	1862
861.53	203.36	12	10	104	1862
656.67	276.30	11	16	124	1863
863.05	203.48	13	10	107	1863
657.74	275.53	11	16	118	1864
864.34	203.51	12	10	106	1864
658.51	275.03	12	15	118	1865
865.85	203.38	13	10	108	1865
659.62	274.03	13	15	120	1866
867.30	203.44	12	10	107	1866
660.54	273.48	13	16	129	1867
868.62	203.45	12	10	107	1867
661.48	272.85	13	15	123	1868
870.12	203.46	12	10	109	1868
662.48	271.88	14	15	127	1869
871.38	203.54	12	10	103	1869
663.51	271.14	15	15	125	1870
872.88	203.59	11	10	100	1870
664.46	270.35	15	16	125	1871
874.57	203.65	12	10	99	1871
665.60	269.58	15	15	132	1872
875.96	203.79	11	9	92	1872
666.67	268.80	15	15	128	1873
877.37	203.96	11	9	89	1873
667.85	267.72	15	15	132	1874
878.88	203.94	11	9	86	1874
668.88	266.80	16	15	129	1875
880.30	204.16	10	9	79	1875
670.26	265.87	16	15	121	1876
671.39	265.05	16	15	130	1877
883.30	204.30	10	8	74	1877
672.50	264.00	16	15	136	1878
673.63	262.96	17	15	138	1879
674.92	261.85	16	15	132	1880
676.54	260.90	16	15	134	1881
677.80	259.78	17	15	140	1882
679.18	258.44	16	16	137	1883
680.49	257.42	16	16	138	1884
682.12	256.17	16	16	141	1885
683.50	255.18	15	16	138	1886
684.95	254.08	15	16	135	1887
686.63	252.90	15	17	139	1888
688.19	251.87	14	17	140	1889
689.72	250.78	13	17	137	1890
691.20	249.75	14	17	137	1891
906.46	205.27	8	8	54	1891
692.77	248.57	13	17	137	1892
694.47	247.38	12	16	132	1893
696.11	246.26	12	16	137	1894
697.47	245.31	10	17	128	1895
699.10	244.18	11	17	131	1896
914.87	205.60	8	9	71	1896
700.54	243.13	10	17	130	1897
702.15	242.07	9	17	128	1898
703.85	241.01	9	17	132	1899
705.50	240.00	8	17	138	1900
707.16	238.87	8	17	135	1901
708.86	237.55	7	18	141	1902
924.60	206.90	8	10	78	1902
710.42	236.62	7	17	129	1903
926.11	206.98	9	10	80	1903
712.00	235.63	7	17	136	1904
927.39	207.43	8	10	73	1904
713.69	234.43	8	16	135	1905
928.82	207.88	7	11	73	1905
715.43	233.56	8	16	131	1906
929.80	208.02	7	11	74	1906
717.06	232.66	9	16	129	1907
931.26	208.31	8	11	80	1907
718.80	231.66	9	15	126	1908
932.39	209.00	8	11	74	1908
720.55	231.03	9	15	119	1909
933.27	209.33	8	10	71	1909
722.41	230.26	10	14	117	1910
934.66	209.38	9	11	79	1910
724.27	229.57	9	13	107	1911
935.54	209.83	8	11	75	1911
726.15	229.03	9	12	100	1912
936.83	210.17	9	11	84	1912
728.00	228.33	9	12	94	1913
937.92	210.45	9	10	83	1913
729.83	227.76	10	11	92	1914
938.91	210.75	9	10	85	1914
731.74	227.07	10	10	89	1915
940.12	210.86	10	11	94	1915
733.76	226.68	10	9	80	1916
941.07	211.22	10	10	94	1916
735.53	226.41	10	9	76	1917
942.04	211.61	11	10	98	1917
737.49	226.10	9	8	66	1918
943.08	211.88	11	11	106	1918
739.32	225.46	9	8	65	1919
944.20	212.10	12	11	115	1919
945.07	212.56	13	10	114	1920
945.93	213.09	13	11	119	1921
947.06	213.44	14	10	123	1922
948.29	213.64	15	10	130	1923
949.17	214.09	15	11	141	1924
950.09	214.45	16	10	134	1925
951.36	214.63	16	10	142	1926
952.43	215.07	16	11	146	1927
953.67	215.35	16	11	149	1928
954.76	215.72	17	10	151	1929
758.10	222.15	9	5	50	1930
955.95	216.05	17	11	157	1930
759.87	221.93	10	5	58	1931
957.10	216.20	17	11	161	1931
761.29	221.94	11	5	61	1932
958.28	216.69	18	10	153	1932
763.09	221.53	11	6	68	1933
959.61	216.91	18	11	157	1933
764.42	221.18	12	6	70	1934
960.88	217.24	17	11	155	1934
765.90	221.00	13	5	74	1935
962.08	217.68	17	10	152	1935
767.44	220.68	14	6	84	1936
963.19	217.99	17	10	151	1936
769.19	220.41	14	6	87	1937
964.54	218.38	16	10	149	1937
770.70	220.13	14	6	89	1938
965.65	218.59	16	10	146	1938
772.27	219.73	15	6	94	1939
966.96	218.99	17	10	142	1939
774.12	219.50	15	6	97	1940
968.41	219.30	16	9	136	1940
775.74	219.34	16	6	106	1941
969.42	219.81	16	10	139	1941
777.60	219.19	17	6	108	1942
970.87	219.94	15	9	125	1942
779.17	218.80	17	7	114	1943
972.07	220.34	15	9	127	1943
780.71	218.62	18	7	117	1944
973.43	220.72	14	8	115	1944
782.77	218.40	19	6	122	1945
974.39	221.20	14	9	118	1945
784.84	218.30	18	6	125	1946
975.81	221.64	13	8	106	1946
786.64	218.06	20	7	137	1947
977.07	222.00	13	9	108	1947
788.57	217.87	20	7	135	1948
978.30	222.69	12	8	96	1948
790.58	217.67	20	7	137	1949
979.34	222.94	12	9	91	1949
792.49	217.60	20	7	133	1950
980.50	223.66	11	8	82	1950
794.54	217.54	20	7	135	1951
796.66	217.50	20	7	137	1952
798.76	217.44	20	8	136	1953
800.87	217.34	20	8	140	1954
802.91	217.24	20	8	139	1955
805.10	217.29	19	8	131	1956
806.97	217.19	19	8	131	1957
809.18	217.09	18	8	127	1958
811.27	217.02	17	8	124	1959
813.28	216.96	17	7	115	1960
815.51	216.78	16	7	108	1961
817.48	216.65	15	7	106	1962
819.56	216.55	14	7	93	1963
821.61	216.39	14	6	91	1964
823.81	216.34	13	6	82	1965
825.77	216.23	12	6	79	1966
827.88	216.11	12	7	74	1967
829.57	215.73	10	6	65	1968
1001.30	232.64	8	9	57	1968
831.50	215.50	10	6	60	1969
1002.35	232.96	8	9	59	1969
833.62	215.50	8	6	50	1970
1003.32	233.04	8	10	66	1970
1004.59	233.59	8	10	63	1971
1005.69	233.58	8	11	68	1972
1006.77	234.13	7	11	62	1973
1008.10	234.46	7	10	67	1974
843.25	214.22	8	6	51	1975
1008.98	234.92	7	10	63	1975
845.32	213.66	10	7	64	1976
1010.18	235.16	7	10	66	1976
847.36	213.11	10	7	69	1977
1011.11	235.60	7	10	59	1977
848.66	212.80	11	7	78	1978
1012.17	236.13	7	10	60	1978
850.59	212.29	12	8	89	1979
1013.54	236.61	8	10	60	1979
852.50	212.00	12	7	88	1980
1014.47	236.66	7	9	52	1980
854.23	211.54	13	8	101	1981
1015.53	237.26	7	10	56	1981
856.10	211.15	14	9	105	1982
1016.27	237.59	6	10	54	1982
858.01	210.63	15	8	111	1983
859.48	210.33	15	8	112	1984
861.44	209.82	15	9	114	1985
1019.22	238.88	6	10	51	1985
863.48	209.27	14	9	113	1986
1020.15	239.17	6	9	52	1986
865.40	208.88	14	9	113	1987
1020.79	239.07	6	9	53	1987
867.48	208.40	15	8	111	1988
869.30	207.97	14	9	109	1989
871.17	207.63	14	8	103	1990
873.15	207.24	14	8	102	1991
875.16	206.80	13	8	97	1992
877.16	206.41	12	8	95	1993
879.20	206.19	12	8	90	1994
880.90	206.02	11	8	81	1995
891.84	206.26	8	10	77	2001
893.72	206.46	9	10	83	2002
895.22	206.25	10	11	88	2003
896.99	206.51	10	12	95	2004
898.58	206.51	11	12	103	2005
900.20	206.75	12	12	107	2006
902.00	206.67	13	12	113	2007
903.76	206.72	13	12	118	2008
905.35	206.80	14	13	128	2009
906.97	206.99	15	13	132	2010
908.91	206.82	15	13	139	2011
910.54	206.89	17	13	146	2012
912.63	206.70	17	13	153	2013
914.48	206.64	18	13	163	2014
916.65	206.23	19	13	162	2015
918.57	206.22	20	13	168	2016
920.69	205.81	20	13	175	2017
922.79	205.53	21	14	184	2018
925.10	205.11	21	13	185	2019
927.26	204.82	22	13	188	2020
929.61	204.43	22	14	197	2021
931.70	204.14	22	13	194	2022
933.95	203.71	23	14	201	2023
936.16	203.36	22	14	199	2024
938.69	202.85	23	14	203	2025
941.08	202.51	23	14	200	2026
943.38	202.01	22	15	203	2027
946.02	201.51	23	14	207	2028
948.58	201.03	23	15	203	2029
951.24	200.43	22	15	198	2030
953.69	199.94	22	15	202	2031
956.38	199.50	22	14	198	2032
958.87	199.01	21	15	195	2033
961.73	198.35	21	15	193	2034
964.25	197.92	20	15	190	2035
966.96	197.41	21	16	188	2036
969.41	197.02	20	15	181	2037
972.05	196.44	19	14	171	2038
974.50	196.07	18	15	173	2039
977.04	195.54	17	14	161	2040
979.59	194.98	17	15	161	2041
982.24	194.35	16	14	149	2042
984.46	194.08	15	14	145	2043
987.01	193.49	15	14	144	2044
989.28	193.06	14	13	132	2045
991.68	192.64	13	14	125	2046
993.85	192.27	13	13	116	2047
996.13	191.76	12	13	112	2048
998.46	191.33	12	13	106	2049
1000.50	191.08	10	13	99	2050
1002.99	190.61	9	12	92	2051
1005.12	190.14	9	11	85	2052
1007.39	189.92	8	11	79	2053
1009.51	189.56	8	11	80	2054
1011.79	189.26	7	11	73	2055
1013.87	189.11	7	11	79	2056
1016.08	189.03	8	11	81	2057
1018.30	188.48	8	10	85	2058
1019.94	188.27	8	10	85	2059
1020.96	187.67	6	11	70	2060
