extendedZolof model camera
cam1
O 0 	 -54.84921578592657 
O 1 	 95.32920427946003 
O 2 	 774.4062317087798 
A 0 0 	 139.08119866111764 
A 0 1 	 1951.3910847240445 
A 1 0 	 18.18993572163163 
A 1 1 	 -0.41724593866340326 
A 2 0 	 0.18201524045986525 
A 2 1 	 -18.14887634625191 
A 3 0 	 1.2326714474127116 
A 3 1 	 2.237092743764096 
A 4 0 	 -0.0052470429775606795 
A 4 1 	 0.0012191358731037543 
A 5 0 	 0.00022867478786080874 
A 5 1 	 -0.001407482046765364 
A 6 0 	 0.0014287015532557516 
A 6 1 	 0.0029737172276769175 
A 7 0 	 0.0008300495303289152 
A 7 1 	 0.006208954557145623 
A 8 0 	 0.0008421406045515516 
A 8 1 	 -0.022804470215136922 
A 9 0 	 0.023731214551355913 
A 9 1 	 -0.00195760530918102 
A 10 0 	 1.594960101041765e-06 
A 10 1 	 1.3924546838812195e-05 
A 11 0 	 -8.171096017673285e-07 
A 11 1 	 2.3520708825525987e-06 
A 12 0 	 3.232467088155167e-05 
A 12 1 	 -7.387608692665415e-06 
A 13 0 	 4.043108351193438e-06 
A 13 1 	 -5.27456049247441e-06 
A 14 0 	 -3.4155401735568175e-06 
A 14 1 	 -2.845674766551786e-05 
A 15 0 	 -2.267283635380506e-05 
A 15 1 	 9.062976537490219e-06 
A 16 0 	 -6.1626648980198145e-06 
A 16 1 	 -3.7447035395165966e-06 
B 0 0 	 0.059258216504029154 
B 0 1 	 0.01437318862618301 
B 0 2 	 -0.9981256859022741 
B 1 0 	 7.018285039447168e-05 
B 1 1 	 1.1172350774768755e-06 
B 1 2 	 4.1483118996690195e-06 
B 2 0 	 1.0438193196756146e-06 
B 2 1 	 -6.962452286210218e-05 
B 2 2 	 -9.888324042014153e-07 
B 3 0 	 3.5200712127987283e-10 
B 3 1 	 -3.69492958680536e-11 
B 3 2 	 2.530460453765933e-09 
B 4 0 	 -3.060759882781621e-10 
B 4 1 	 -4.1388015105536244e-10 
B 4 2 	 2.4629736096202674e-09 
B 5 0 	 2.2240269779389262e-10 
B 5 1 	 -1.1436086941673435e-09 
B 5 2 	 5.931860152840609e-11 
B 6 0 	 7.688192464494818e-14 
B 6 1 	 2.3232510594708507e-13 
B 6 2 	 -8.205981583991863e-15 
B 7 0 	 -1.8163653874459798e-13 
B 7 1 	 2.2254513531115452e-14 
B 7 2 	 1.3571375949070914e-14 
B 8 0 	 -1.1283910452003166e-13 
B 8 1 	 4.4579574224895427e-14 
B 8 2 	 1.2249421915720896e-14 
B 9 0 	 3.3001682856571233e-14 
B 9 1 	 1.7425992725329907e-13 
B 9 2 	 -1.3755098524205575e-15 
