extendedZolof model camera
cam2
O 0 	 -43.43718383048018 
O 1 	 206.13365905020876 
O 2 	 803.8694343445806 
A 0 0 	 132.85838576249373 
A 0 1 	 1870.8525391919595 
A 1 0 	 17.243726524178154 
A 1 1 	 -0.10266826073656153 
A 2 0 	 0.5888348471401396 
A 2 1 	 -16.390437767593543 
A 3 0 	 0.7421655050642699 
A 3 1 	 4.235440774718987 
A 4 0 	 -0.004738867911517281 
A 4 1 	 0.0005913682314231961 
A 5 0 	 0.0003617408878405164 
A 5 1 	 -0.006000561059010344 
A 6 0 	 0.0006793992734226697 
A 6 1 	 0.00469261689547496 
A 7 0 	 0.005820035560058008 
A 7 1 	 0.004589674544611921 
A 8 0 	 0.001430607964215267 
A 8 1 	 -0.017676759602831285 
A 9 0 	 0.020547567987429665 
A 9 1 	 -0.0019133555213578172 
A 10 0 	 1.5109002235890505e-05 
A 10 1 	 1.2301514115400906e-05 
A 11 0 	 7.389266068127174e-07 
A 11 1 	 5.286340154507127e-06 
A 12 0 	 2.89796717164238e-05 
A 12 1 	 -5.220656891878132e-06 
A 13 0 	 -7.07740837651128e-07 
A 13 1 	 4.144931340118959e-06 
A 14 0 	 -1.9193019019083187e-06 
A 14 1 	 -1.8784597688330745e-05 
A 15 0 	 -2.0979259275735003e-05 
A 15 1 	 3.861191567286717e-06 
A 16 0 	 -5.638652511005808e-06 
A 16 1 	 -1.057380691976994e-05 
B 0 0 	 0.03961331669519193 
B 0 1 	 -0.11937292377510564 
B 0 2 	 -0.9920530058041256 
B 1 0 	 6.86648559588012e-05 
B 1 1 	 2.087671339714138e-06 
B 1 2 	 2.4748171514410662e-06 
B 2 0 	 2.126158657267688e-06 
B 2 1 	 -6.833938357313437e-05 
B 2 2 	 8.284548530820704e-06 
B 3 0 	 5.174250181553002e-10 
B 3 1 	 5.024494445903914e-10 
B 3 2 	 2.3625784302416788e-09 
B 4 0 	 -2.1465246699781158e-10 
B 4 1 	 -5.707450913567201e-10 
B 4 2 	 2.4876730240861425e-09 
B 5 0 	 7.664786078000611e-10 
B 5 1 	 -9.593037802264085e-10 
B 5 2 	 1.9464370146641987e-10 
B 6 0 	 6.468996235252127e-14 
B 6 1 	 1.0704563699192507e-13 
B 6 2 	 1.996115000743036e-14 
B 7 0 	 -1.545323609282129e-13 
B 7 1 	 1.4899377195215745e-14 
B 7 2 	 3.258147230055244e-14 
B 8 0 	 -1.0751019251955112e-13 
B 8 1 	 2.379669636313559e-14 
B 8 2 	 2.1215308668871005e-14 
B 9 0 	 2.3536763569768006e-14 
B 9 1 	 1.6698470177013316e-13 
B 9 2 	 1.467949909988776e-14 
