extendedZolof model camera
cam3
O 0 	 147.28746627716853 
O 1 	 208.1540364660562 
O 2 	 787.0541179639665 
A 0 0 	 89.62025631171151 
A 0 1 	 1838.983380946373 
A 1 0 	 16.235758265203188 
A 1 1 	 1.555802279498138 
A 2 0 	 0.5571088128628344 
A 2 1 	 -15.88789149951255 
A 3 0 	 -3.1892082914133635 
A 3 1 	 3.908221497179747 
A 4 0 	 0.004229213709412084 
A 4 1 	 0.0010845628387598553 
A 5 0 	 -4.7561381171711966e-05 
A 5 1 	 -0.006282538319537777 
A 6 0 	 -0.0032190586253820048 
A 6 1 	 0.004123184605204054 
A 7 0 	 0.007699236610542863 
A 7 1 	 -0.002768424535925352 
A 8 0 	 -0.0002809618748393595 
A 8 1 	 -0.017055139548256763 
A 9 0 	 0.01747506818376092 
A 9 1 	 0.0019714881760723602 
A 10 0 	 1.704016202002914e-05 
A 10 1 	 -6.252751976054393e-06 
A 11 0 	 1.7128911802699214e-06 
A 11 1 	 -7.291753589636748e-08 
A 12 0 	 2.0136618702005723e-05 
A 12 1 	 -8.856410206870323e-07 
A 13 0 	 -1.0405606754060602e-05 
A 13 1 	 4.81335948221506e-06 
A 14 0 	 -3.1654387995707283e-06 
A 14 1 	 -1.5341394049525395e-05 
A 15 0 	 8.668205708288857e-06 
A 15 1 	 7.819511563381908e-06 
A 16 0 	 -3.999353418708785e-06 
A 16 1 	 -7.879434071694957e-06 
B 0 0 	 -0.1931138785291945 
B 0 1 	 -0.12116697124373378 
B 0 2 	 -0.9736391103355929 
B 1 0 	 6.958670673058011e-05 
B 1 1 	 3.486066976845605e-06 
B 1 2 	 -1.432109037614183e-05 
B 2 0 	 3.5998641146577864e-06 
B 2 1 	 -7.043020292219278e-05 
B 2 2 	 7.984324594929237e-06 
B 3 0 	 5.794227148219393e-10 
B 3 1 	 4.686920924328157e-10 
B 3 2 	 2.5220153353871627e-09 
B 4 0 	 5.916829042087316e-10 
B 4 1 	 -7.212882864277758e-10 
B 4 2 	 2.627391097519378e-09 
B 5 0 	 1.408097512287534e-09 
B 5 1 	 -2.6288937763083987e-11 
B 5 2 	 -2.738114612852984e-10 
B 6 0 	 -1.979869624475772e-13 
B 6 1 	 1.3304011196391194e-13 
B 6 2 	 3.003952859811581e-14 
B 7 0 	 -2.0029892548095458e-13 
B 7 1 	 2.5881700143508825e-16 
B 7 2 	 9.623696370917091e-15 
B 8 0 	 -1.482200660130027e-13 
B 8 1 	 3.4021716415679036e-14 
B 8 2 	 -1.2097233601517689e-14 
B 9 0 	 9.141734180508414e-15 
B 9 1 	 1.9686958488927136e-13 
B 9 2 	 1.0161319907225707e-14 
