extendedZolof model camera
cam4
O 0 	 152.14516091397934 
O 1 	 93.37499444168989 
O 2 	 754.0910110468102 
A 0 0 	 88.3485588235176 
A 0 1 	 1893.510902696789 
A 1 0 	 17.39653286414353 
A 1 1 	 0.5708797477551762 
A 2 0 	 0.11107648949582503 
A 2 1 	 -17.759055164686306 
A 3 0 	 -3.5496414939202126 
A 3 1 	 2.0972387350459822 
A 4 0 	 0.005501000701398952 
A 4 1 	 0.0015679747650545186 
A 5 0 	 -0.0003069379769839117 
A 5 1 	 -0.003746843794402118 
A 6 0 	 -0.003929753079227371 
A 6 1 	 0.003309703773346651 
A 7 0 	 0.005116654548260151 
A 7 1 	 -0.0034377688140335753 
A 8 0 	 6.504247097754492e-05 
A 8 1 	 -0.022080954220893876 
A 9 0 	 0.020604111590487282 
A 9 1 	 6.176124514684921e-05 
A 10 0 	 9.192825177266607e-06 
A 10 1 	 -1.4499257007415303e-05 
A 11 0 	 -1.3224277554284135e-07 
A 11 1 	 -7.54047824273327e-08 
A 12 0 	 2.3241858488488946e-05 
A 12 1 	 -1.3447615766533656e-05 
A 13 0 	 -1.2381253875094952e-05 
A 13 1 	 -5.524417973235943e-06 
A 14 0 	 -2.1929727096528875e-06 
A 14 1 	 -3.0241337914343307e-05 
A 15 0 	 1.3696532486820175e-05 
A 15 1 	 1.2175106830160757e-05 
A 16 0 	 -4.5932607388488475e-06 
A 16 1 	 -6.455940531548452e-06 
B 0 0 	 -0.20443841237308966 
B 0 1 	 0.014029578524846435 
B 0 2 	 -0.978749010944453 
B 1 0 	 6.949394139159375e-05 
B 1 1 	 1.2872384926063672e-06 
B 1 2 	 -1.4593866658879685e-05 
B 2 0 	 -1.644084728053225e-07 
B 2 1 	 -6.993369028106333e-05 
B 2 2 	 -1.0462120569914397e-06 
B 3 0 	 6.237449165113277e-10 
B 3 1 	 -7.172239284380075e-11 
B 3 2 	 2.552156348394334e-09 
B 4 0 	 5.515314667025928e-10 
B 4 1 	 -9.685788720985309e-10 
B 4 2 	 2.4455124352029413e-09 
B 5 0 	 1.250633583739891e-09 
B 5 1 	 -3.7918015427676073e-10 
B 5 2 	 -2.0842390947856042e-10 
B 6 0 	 -1.839834222165725e-13 
B 6 1 	 2.6673094153031e-13 
B 6 2 	 3.8201175706967393e-14 
B 7 0 	 -1.8084988286468896e-13 
B 7 1 	 3.183997366050896e-14 
B 7 2 	 8.226931635913794e-15 
B 8 0 	 -1.6037609262056453e-13 
B 8 1 	 5.1495364609513034e-14 
B 8 2 	 -7.302391932880694e-15 
B 9 0 	 1.8580422674499425e-14 
B 9 1 	 1.8841473816768406e-13 
B 9 2 	 2.695313678843054e-14 
